0.0000000000000000020661827434906129907928677904999113933447693651887259403974898667657222836422103503
0.1266083971101033589003766441404992708425685644126892049948509596568359350232909598545372448917032642
0.6655258229235617458314355722889435702786757634741195178215833629755962390320499829639003885534099957
0.0001203848458443463485675205825901119092058114051785154763077106167532039566032028501438592485901702
0.9999986306657388141892196737959407651664101469339846440334529528750542598334184661764214466897396962
0.9954943974114999167046774795485248649387786686410626875283684099416488646821709869901253233115901187
0.1913338478046964459075261338694659491551239065505908602885537918435837661215696414771739422659964794
0.0000000002347918502958767776863976930498206898517032852952027994027455189206858892040924612924618969
0.9152600495519953874536256562494035358501944036723441599703298799865802336782336056402536894312340081
0.1122523754286525015550260712754102675034234919523607376977094091598534171808414006664140994178645192
0.9955187910196546659090938538488591580612035292983127731187424561959168405244080570098169364178904055
0.0001540364350670536728445809621442658963805285046362102263885458818293012668220730810929106855404349
0.9988200256643517375504076110419500678816656972235552299614290165836274364117950545661251839865485703
0.1685945327499905880993616651156997533193059586100106105100375656776635908210061574609953052942857990
0.9999999414382371427904801616176417337334527993674814237283359037363242615010377431600798079416330177
0.0694497202641506830648092764771024563680460375379002885834517654332003139221243121579272202644039844
0.9167255904339211714344474886107095626485022032354273413780335299641161769387568520284783889200624955
0.9483246757361135754063672716725047073741811794837444384167534777371351947187097913011885321827686580
1.0000000000000000000000000000000000000000000000000000000000000000000000000000000000000000000000000000
0.0000000000527916821643199136267111457415442277961731206033773586659409589346682663553176642460769896
0.0000000000976971546037540729023666367418891203282871185950347975411624883674920203417550775229854048
0.0026425362423842192951124473441371094214067276706079119457294597486954523462984744474188044950635941
0.9991134429890604740990998654921895359498710007456479506154699465346839322034000314809425850047581297
0.0000000000527916821643199136267111457415442277961731206033773586659409589346682663553176642460769896
0.9999923129133992797990169320828301841267075149246527828712246410997440525892202343382878320041352251
0.9999999999602770129626383186651529913829265423543938742238701787326515225064185028226607732007388680
0.9999999954740494103647090067123568585474267575580405708934210285642613782233423302519376735533942676
0.0000000000000000000000000000000000000000000000000000000000000000000000000000000000000000000000000000
0.0000000000000000000000000000000000000000000000000000000000000000000000000000000000000000000000000000
0.9999438425326616507295390353117029333724271599815161761660875129988636395848646538858285111726994430
0.0000001324228780436996551417288877976887604939665377192364782770086216684199571076173942385902362119
0.0000001104382895657596108545179557673853629431216435404261572021742283479859509316457284715509424173
0.0540760125250817958875210083262571281724994053948453402269348428971154309536696746652741174311445528
0.0000000754190187382595363673208629381809259545322753750887272410118259585895714941190301059940517679
0.0441816452892102907120416765989483199700779264345729687312429004869199106401870743467977070828760559
0.9998205870108645598087550367063990165572439474539102310805347041972783138271851871124434689937332413
0.9997027020532939942337096919247224786104479866845337841774723832519675580165092619479809858196846606
0.9999999999999997591368869967691128271982867478384006660580783687170035485658157891311784537579665375
0.9999999999999999995823972237687210674207982654498146193965457415417016968099075497727647150232138944
0.0170658157050674651675853695690048780934934138797043383437556353593402882763800828482914459580608215
0.8338861085308746963578856880987803413156719295283197995785828201557282877168702636124692115567546751
0.9999862018045578289788720263880365788962372938977536090834791704509047506773338902014537201180353537
0.9976271138282944275668719493413356558163577909332617836250209683428416484909742788845058408432510210
0.9999277464081725017388050716541241740355987270602319348984106136422525870959890427105771434424431639
0.9997711666611520775482889828659147593067763055865262992703907291190997525270684923412332521677373449
0.0022625826913841530099730028840347061830004776443661785362067599380332202589329477000629980712886369
0.6007671960043282386270520585940700557153989684365597729873081327657767072687482037909153764642608215
0.0001615608817896826142002861307242754484151734524851326125827882602444020072631141529556367298522712
0.9928480833087269568267040636142006317515082623596871982324848361349153004723773114000081996696094708
0.9999980128450756997541051960855291335410199969202449745581792764441166757336818524089356798944174011
0.9999999967578966765575896433243284800751900249213369195133907646599140390590577939096828755422470447
1.0000000000000000000000000000000000000000000000000000000000000000000000000000000000000000000000000000
0.4142644751712068445258262834563570447969694176933819602156990003565660391207081109665270162699765512
0.0012500974658232406433351417692105160554793810950525214649925058077854998996570803044684526227233182
0.0000371626800018416877901064279152703542473185556168488964466389749885248865657997493297078643565191
0.9785679820123994401500606751005664716606264868677952317514261266022132144531919113050449767493319862
0.0009693005740234821655223113775709364532297512331424529499713939224598860046886710317527406601946833
0.9788627530009298391836212865421819638547716281522020463846213107325826440363358969013456825613392971
0.9997252931067212354584187761359635442276833573383839742327862063940237278226482231833671837371010142
0.8154269903871994795922048653629083658812127356091601224073280270425672607352184425983418293453093519
0.9999999999999999999971161280497170050072393191989745072469103126492470760205533293882959476007523018
0.9972967585739089897912896351539282308436368393235628877585969180322455114822205309675914096708833928
0.9999999897414580202758142509438109635471577046694337791924846571628159232222421128707798906225773402
0.9986052326021756330980613791591284717240395923106480721562208643620134660151439652589630679487891892
0.0000000100416675815547680483150880236331861624395342489344481278500954390032670473657356504481208149
0.8993447969798849755606003368627677635889099233690838515105215337179467171564572277831293108793017110
1.0000000000000000000000000000000000000000000000000000000000000000000000000000000000000000000000000000
0.9999999999338902335320500158168000698909388770762897545326190554467408548009026533770023604457782271
0.7513461708378326425829712611839467927029752512739679062426418263745034326620512246893924923380813958
0.0000011019863511887378160919648338609047479413343988508252162506390626642524968514328019618802374856
0.9999497236531608607692035501535200137885032971673219577157177738333014117889544838369510510770252501
0.0000000000103244495372143863417804916112885460095590383930159951390371048588235269077338281450999705
0.9999957545653915702161775861481102573117093891922359727776916839431200031949973551679125786140392290
0.0000000742311824255130502129728105425899495853626819699008520753232345190282483741051985010912527571
0.0000000053142045833196537347459557405802318306857814667244087448320675404822120640608570726554466000
0.2253173317898584903329469696964630628955958375591537020735207192142509295248188247351567083441403142
0.7904523893511216748862068700972692244506404938699836044740221594554221789606659404736849457119260981
0.0000447859885985962499069189317508292354926944468423385203728201919350506168273871771846260476811001
0.9999999999050328194359536529806179906864161036803785882822711674820989001639699936919815449805914142
0.0000000027185022395455201197203525057543496777345967822907703385137671299877535590408641277089441416
0.0955687902657911166384557279377276783849283394441104233171441530942506421593022373034359952291603758
0.1642459315162131407161177419921648866226605896391632592958220713662527049386491781933756710528517151
0.9999999999999296227289554828843964800639621509999797272742882391302382290876543009675464849009191676
0.0000000089586871848455239529801675827775048341847385002208787207473868698691196839968811618260666603
0.0000000000000000000119401862714644557596398349394667231764708253083355765035873981259351436063513018
0.0000105753799231111110042926166430758993672257917886676682899840688727902055296998319841742663469368
0.9905563693027670563842027504854718914800109978227189715901818242895992244073633829574269328303865388
0.0000000557183800596403576121290275752727113742670901622820451204971178260401994295978306200028302067
0.0008286160740727044030457563120415115046522644503653019065540471275433907859874655807141495463636209
0.0551428796103032047986354244234700725355324597604629857540601311709082881594767174928749672577720271
0.3811452889879053270332384199170653997748940945652635764039960029662370141461885728215378729281582395
0.9999999825762501643784256634155497329734083475652943244519910528796691805329897316379673880671118415
0.9999999994832222557269945692535955897902646880017682764147125116157019125956446134166804025477368715
0.0000000000000000157919927275789180665511628432082978622808329808113935312831600399089227698934280917
0.7694265772898281997696131470952894195923546139144724105081590199464972211101782105836966313243059505
0.0000060777931324406664164090849162851777849786947261841341525453765052105590787529051668932482449492
0.4576795589746578927217022337523805208333112602725022792982413210191756445501761326246739917798775993
0.9999999914180865506655301655339724390334369210964236858339115045806937364326402576963169950023481068
0.9999999999999999945834966997484441660550066318599229099618773824044226353877849537082510495500765974
0.9999999999999999999999999999031038866492060942053059915350871287289728597336774550468479306509127294
