0.0001795784398549929027577634282399221644075761376682434728854962321492412263843099655971720906689091
0.0337929557275708602773791001438148963929730538515764347274345659055078118168655739091252145657647401
0.2273338460835260977160158165588327934748249271043216866661436121350721529883698184492760953084098358
0.0736444646483134255050262368692151524212072741664452783166379479826489838645875507088133475450501958
1.0000000000000000000000000000000000000000000000000000000000000000000000000000000000000000000000000000
0.0000000000000000000000000000000000000000000000000000000000000000000000000000000000000000000000000000
0.9999999113057029915312717654278133827643077358996877909637268145133975355644976424529300447773840197
0.9884066968082403280061236386028447490730300756648929057678831269225252122316222768901379051662358785
0.7311274398540203038506144545115874820076924691268873958763759579476917782128813166370832275875566085
0.9994101552589045165550495359435710337337775588964643554177115243303786964063323830536931991114472633
0.0000000000004036050801974401964909101989648264520248689424370871085273920120110384395776261973218949
0.1216867703538135023095961342068055681705927212684874025020859338092355661966361971140738227332379530
0.9999999999023028453962459270976333632581108796717128814049652024588375116325079796582449224770145951
0.9810045339961780309726035807869965211583292646248488154708999552440049710799740671907551005866310448
0.6088304809453235975777110881596362863193312354851022947055196523966479881413322869829059379036257615
0.0561929822666737144215708500666409563930417139666666169373898221240629442759811454386987576543598948
0.0000031080376795791804294896208344303101104458653349235764534708996341370828976368717897661811822918
0.0013539438727899129337138182112244063761356356144369707206314815510737907525092624976826497365714562
0.9999312101044280517741622622384792005872756891914195721978796269777595000476617746777040020920778425
1.0000000000000000000000000000000000000000000000000000000000000000000000000000000000000000000000000000
0.0000000194361866126842968319707841187485032767104081471627955940994928651815222898752043026205879431
0.0000000000208402750934937434762077970747137106921296298209750542221805821982187717737685149053247244
0.9999999999999999999880598137285355442403601650605332768235291746916644234964126018740648563936486981
0.9999999999999999999999999999999999756880219766296257622659134906983372833179903071946718971171436534
0.9935934156285062340813790077896394296488564977330387583746514843685571150848272396979354851204780933
0.0000000399944836167124816738363841550891412932471496606198335755042068881180135201165575385591998664
0.0000000000026173448599956941378357575164811715085613695119356749807620084835834556439452101938275776
0.0004098524412863846327744363303328034527871092418770842413589365685235837707670402097561632290255119
0.0000000000000005358116736465044387040202715520645477889448975212249155173370106530962104032159041657
0.9976505641062898177161744008363678159004653821269467079960542184632578527238855027294779780063616960
0.0000036757853219472229645216194536707003940264830888238574960904883793244685744124208866519707904186
0.1675860597104036577893373626218873808902728703529465558244032220929991356007323349045088721276506831
0.0256278158970191879554035149765570056817036218720263273054152076381102767379153700579029384041778607
0.9999999999997184468287255972991328158507415632164899145003063365209919521692754651413115529100390342
0.9999999600055163832875183261636158449108587067528503393801664244957931118819864798834424614408001335
0.5000000000000000000000000000000000000000000000000000000000000000000000000000000000000000000000000000
0.0307628666830144116164505216133341483163234384850714317523240303614403214861369121553161858126962372
0.2927501980837570373567542857272803486581680844810792457156246939696723599579191538120366231763940361
0.9588009304077437586916348928453000450411512866557659933289461980592617977289350251530487375335284877
0.0850952279613085668826296313342195509230549478158104283792032998902802721299202393775807952147379161
0.9999996521524970486142824210370938630543536945730261135657762876389075590710819148102363568592274451
0.0000000000000000000000000283231314937459320157300949921445759518149207637826709367735064306852599291
0.8904768370430568064430869331931038402670520165631169816889814882834429198093937502588841371193111121
0.2273338460835260977160158165588327934748249271043216866661436121350721529883698184492760953084098358
0.9999999999998476112297546446969695289128352244992345250596605367632291628212549359531929282084519291
0.0000000000002553998071571736692353132369968963979954895819909578331736916753184340020215289727480482
0.9034121802706384456949079374688139027513096836484863428954706227216253994066377025363655314229499391
0.0400480022388370300970232869629810450492405726677240509255231196070611278916341105883397850628802147
0.0000011068659675010609905581733360736547043263163785191110660505941240123856367413318273934280807714
0.0000000000000000000000000000000000000000000000000000000000000000000000000000000000000000000000000000
0.9981681141299063304250832949249527903569965191885449187953698411973152134410124083557714362688931835
0.0000000000000000000000000000000000000000000000000000000000000000000000000000000000000000000000000000
0.0000294992019930488009263652913119256832935331008271596568227564777288614181755453396898451983325507
0.0000019871549243002458948039144708664589800030797550254418207235558833242663181475910643201055825988
0.9998065919500379361225648596868273033219805111933873247283092341841347877330289312823054177822019442
0.0076777384558456794268431494018706303081799143542907894756523234577058439398582807387201813528299177
0.0000000005075839672859265827783952288932568345316305221012458608003809213686098552482505355329124348
0.9999999999999999999999999999918667013879033424736113941025155349909695222319679363157998666480347670
0.9999999998015710148109680447592808428916871332389403164190040892555686755942263848424384363067660725
0.9999997449623002864011026266980793247168438854415245071111997464654136594654378712001564158152284419
0.0000000000000000000000000000000000000000047314147021984937229649139218282845463193516644072752650594
0.9999924976651911720057201528328586661135936418363087175198425244864507506625847241424697571598263516
0.9999999967578966765575896433243284800751900249213369195133907646599140390590577939096828755422470447
0.4071012902855537510231805609717224041213100708712829881264856133204160096912263266142157863067896886
0.0000000000000061324585610984339924025528188779078597631124949656376296419906640749509966689952775709
0.9999999999999808138499076294698827846261462820146850149222346313164086988180372811134823875341876077
0.0004044042819535594238876520939708761799692036157420978076563103728025769615735884963188951610045489
0.0081555729927204938907916753228319445085614750313388265684040490149950315171122442470528123238939700
0.8060265069538734529636851716487998083398990205650915829068797930984978575012714656824544927968577540
1.0000000000000000000000000000000000000000000000000000000000000000000000000000000000000000000000000000
0.8793499515169814486575074874368080817158239148811711202923343403276733587213051461103833678667657823
0.6208556109451303634878537031843641458391433669568799085394724351785900983379558897957042236346252775
0.9999998201085478938419490817623258283126502517130656850010356761395510332400600487403734385123474156
0.0005604049333617732441173428856670036805176647157230853564840156319903993574372424162135847039254184
0.0024384609654032836449249781132701144715949739296428197823493967623052161414951492700218394380687665
0.9999999999966785338264076103361871240067928054694027910014235996695860632610417628880216156693199364
0.9752714517644851578789958135612145932890911000262534650322312133168338786228022048239399083654974298
0.0000000000000000000000000004719931650110111592880875188060389049251707217572775884830238436464881200
0.9999999999999674776442348188709661007758523810189352407228941503931593457133157680717757375921316430
0.0050717836186584347425391185773372888215447563665897069210585557421128519993125687183524519830277538
0.0004390861371585957328972779820462877298978451847103804409882775642723252895846501381352489239334049
0.9996665289588973959945418092053528523570753668928247412775060094788963431225231237585622415025932735
0.0000000067116195275435843238502642084715880344304131692190213232461941513487634890654941509657076080
0.7746826682101415096670530303035369371044041624408462979264792807857490704751811752648432916558596857
0.0029566048512228689804409556787600097183712280197232942627940424763379137044678700995520457202226129
0.0000000000001379920041803923486230125848019715457466016693319841921658729786338591329152688581624760
0.9999999999999330057979681779337130756478487764848586346222639229335555675371866622910788313164945699
0.9999967713771058421095143211410078716797667587115298819586337069626443497521680094759292853659341973
0.0000000003958297099455627468675949396720865077378492774944417256640124569047086889055689764812513523
0.9999996322904723175775826060289080882189017450295469945775594320950669185376105820962329266107496750
0.7055585561637564941986661036929724634338622677682343784215007826825663514377157106496118635498144833
0.7393968656213520286643790036331412204930996522857173591652554907135800005466386728438946325877909209
0.9959343582422222251736237052902346377306707871368264265892151442730343174950491644026680094156210302
0.0005151943918659931630997282217342161904345532388834257571432236413543428026169567044520332230532524
0.9999962666453267429907673100068761296702621062477058302097027338178258967765234349617920161061935258
0.1008116622342810211817886492594826732244742051471071459715351222521073443377663502954829113653602058
0.0830880128413557887193648961374473627605821949712460533755079476146260071378601152339976734467945189
0.0000000000000622581967120900539428177331707014999114780991612510756803236789051939392094742741961663
0.9999984120540592580626954388421655164749755439780042869612038406858835772029588362732592236800620086
0.0000512642887903715343862247990804802948881113471833844049142154717217421951090059754770479830246708
