100
0.22 0.54
0.20 0.35
0.42 0.49
0.66 0.78
0.34 0.00
0.97 1.00
0.66 0.19
0.53 0.32
0.86 0.82
0.59 0.29
0.20 0.83
0.78 0.86
0.56 0.06
0.22 0.09
0.81 0.79
0.27 0.41
0.07 0.40
0.38 0.66
0.97 0.77
1.00 0.52
0.17 0.66
0.54 0.98
0.74 0.03
0.98 0.10
0.54 0.31
0.25 0.74
0.09 0.67
0.07 0.29
0.02 0.60
0.18 0.04
0.45 0.84
0.51 0.60
0.16 0.31
0.56 0.03
0.74 0.25
0.44 0.44
0.53 0.70
0.58 0.63
0.67 0.51
0.61 0.73
0.83 0.39
0.03 0.83
0.95 0.90
0.51 0.58
0.82 0.18
0.11 0.73
0.65 0.53
0.82 0.92
0.44 0.85
0.00 0.72
0.95 0.79
0.00 0.44
0.15 0.49
0.08 0.43
0.64 0.31
0.11 0.28
0.59 0.98
0.96 0.11
0.66 0.12
0.91 0.51
0.01 0.92
0.90 0.56
0.95 0.52
0.29 0.31
0.09 0.74
0.95 0.35
0.08 0.31
0.56 0.77
0.46 0.38
0.92 0.00
0.53 0.42
0.85 0.83
0.80 0.34
0.22 0.51
0.67 0.88
0.43 0.01
0.49 0.31
0.01 0.79
0.55 0.02
0.52 0.75
0.81 0.97
0.56 0.25
0.11 0.59
0.78 0.72
0.18 0.41
0.20 0.84
0.73 0.10
0.42 0.08
0.35 0.88
0.94 0.58
0.44 0.39
0.48 0.42
0.82 0.60
0.26 0.56
0.97 0.71
0.43 0.55
0.62 0.74
0.04 0.61
0.49 0.11
0.29 0.65
