0.9999999996380065947075659716723173556776851213410590943535628614247230300618462990151775091768427368
0.0028385260626466200162816867746322630431682337492073754947062253921947119181192587407981317207215643
0.6088304809453235975777110881596362863193312354851022947055196523966479881413322869829059379036257615
0.0068130304200799774929103167498369278616895225962973390813823095913790945294240451481278311795770193
0.9786911332974792337437939690127760397714097561769548656304477573800665495955373610329382142604248000
0.0391299036030678547999415867654328361742890120525740237644105559255852644705349401194786210552869145
0.9999891595018362806270278789318666289527251148194979080163016767801442183869971293137337038504494972
0.9990511081262061985387081303462603888603631818160149795935721887210759734475970614831744854076868264
0.0000000000000032753779135240740641596594420749409060208885994693019207955647895180160317381722259113
0.0051921886998325882945424614130891870173383027979070347417081120731012246016777843649395634230218903
0.9416202766102653643745984359858233064824041210272796424462401994689707928601228562451984767212545881
0.9999923276688635331574672102146142922440667045560831036999728574219768557052505961160497403167072826
0.0000570151052147442021966404962154814690337415066215707382989927526393527469570367868199808605095890
0.3911695190546764024222889118403637136806687645148977052944803476033520118586677130170940620963742384
0.9905563693027670563842027504854718914800109978227189715901818242895992244073633829574269328303865388
0.3946657318742520894939501654664503021002042946480238755973644189947761752408858485725899134454651243
0.9999988931340324989390094418266639263452956736836214808889339494058759876143632586681726065719192285
0.0000000000000000000000000000000024066786724771583206779528595663124862791641792652327100380573353951
0.9999999999999808138499076294698827846261462820146850149222346313164086988180372811134823875341876077
0.9456880963127549939005365043938723339384135854595293658030946627732476815332509778335518954383465076
0.9785775093475603529892965814645852240113630105415508964476482533834945557811678197907409749568101613
0.0000000000000000000000000000144073036995255961095863286692652121104855316293191972265889719876365788
0.0000000000002271837193532543163946220070655467149639466330921589911532569125344594609059770973731953
0.5939536305206011221252345706260611790687691140222965369569671878558201389869002673049968023817034611
0.9999999985041203691118395207872217549538476459945005042537252662395679015635016102952010375462812715
0.9944564948444816009872393960516237972996503502911755355228516285606559686706517502862748909999104614
0.8477190780607442575449463844880197646850147979798340282727482988214795805609606693904771042250912032
0.0215937978948522443250260801248288208948263533098121571948200265332472714812128917183447408763352352
0.1570000394247721813491627156116009462526196223286902689290355512806584350858007205356931224487348423
0.9995901475587136153672255636696671965472128907581229157586410634314764162292329597902438367709744880
0.6266568720797623505059579104775021735107605549021935060360409929481213488099156473516911389388083073
0.5000000000000000000000000000000000000000000000000000000000000000000000000000000000000000000000000000
0.0000000000012234285071805891499031183044592743020263798565467038631564414191678801808168967901550068
0.9999999990321097402535645893577302595038301670293849582793249897226026714566687744889192637451181810
0.9997296961752686806751315785070318321617485111421800051138473307050740156616780116196720264898282314
0.9219317479082751444037913347668569327006856169078730130767502118870341993387828888225230148540324438
0.0000570151052147442021966404962154814690337415066215707382989927526393527469570367868199808605095890
0.0088925622303272353329908694629916869256237815389958460315118821819574484595419830480054664325360524
0.0121226185951657504135244221729139988106509321559231765214208954882723588324550056060805554094131293
0.9999999999811060774872214857197018438922171118196895132014560587837136254791429798745229659840463364
0.8027176735602391613141693328286320783454915322867080461612551034789340425955404242542008445276137533
0.9999999999999999999691853545204091772218123960780848489682138241264510106500180004747670981135920778
0.0000013549995026101412049874995310601644247153506826726261560749620069652005806433018427591835357576
0.0000000933361056673689078552780877867214572188590657721548457950624228753531182316026590268471413065
0.9177106963723256791662793609696230885623550471293494766350486049886879699415499936515885714020365980
0.9994036475613422042295376240194673128006872514506998277503770228382864944837023691798347628358469245
0.0000000000001216983437492151553208032814007129457764479293885011403474818204428447841350373074898061
0.0000097253922834275017197113610195907251222740723129953591576242134957595373747509248653423892258751
0.0176125127603850233983862256169673703887703051658777726958813804980814490351343984849985857571373869
0.8044694321573582287137839663520108772119928397977860478434912423582548579296537739277577272040008116
0.0003873653253578666146080783870770624845686648325792192090314057480595797756212660943038672280149358
0.0000004295816008894329731066305792818475422216627128617113908181372934428082150744159876607164267250
0.9999954459081732848750918940903383687986822213568386120851503930746086091594449779336109427649126365
0.9999999999999728180326699655816222442591197684485901671386348006419297213525484938963250975131913786
0.9997303758773420396448012795003419629172893294900361351973437623502303429065121159915285321908144882
0.6732065029656891945861742884073150087206513981341195470573898131234734876315392832378937613605630167
0.0546445163029744153413679155581615471408549432406998562384394032252126092871869629807560398127745905
0.0000069355976839047820917892562150543337403670989678757743302675494749915518352606251615363116622414
0.9999999999999999992703034432252470269306324293939516703742064886466216821163172582740935867247323558
0.9999991304140034957549990150817557992872794215816846764151769655728742121910965535266214728691847997
0.9999999999999918802971779647164014237966129157939883891214340313847301001249140359849921648503426449
0.0000000020302995445977814065291706326407270257495556895156023096063550364430196631122635293587152647
0.0001128448120125079034550646803979461977177331845915246290518321611935289517269147880947166469473777
0.9662070442724291397226208998561851036070269461484235652725654340944921881831344260908747854342352598
0.0271141693929147307239393734173059256286887567968827461260670399095890625098709862880445543200109763
0.0195158848983877290802378504459628014349360973037110526906573864539143224874368472884880679834874698
0.0066990517403761246170563486112505953306798976394754568068453122930267620663344768031831627295638043
0.0000105753799231111110042926166430758993672257917886676682899840688727902055296998319841742663469368
0.9999999257688175744869497870271894574100504146373180300991479246767654809717516258948014989087472428
0.9999999999984060093097819114779609625078219621609166578243751351170000486388689768584823467918434544
0.0000000066480486117900375976207703238398172274339784603880442760502204451895530173691735572793457372
0.0000000000000000378044803106493027559949022767339347139700925152920670438105824835187988952439163860
0.0000686036720481773100744562718030640583212016073397967891353353040067931046714156376124349942227854
0.0000023294671360440271220202209393149338144770429681403379457171307951562677518952246942222880848060
0.0204072891949887474478091076297804734296951611936658968900023648554500917105262932598936439920813235
0.9999880597041469330891808692031720148609961073758456614459196354603657450434983590224464813798697935
0.8348012888286403254764814003763828413404210561908902098995163817910737973983676403557143657435969923
0.0024384609654032836449249781132701144715949739296428197823493967623052161414951492700218394380687665
0.4036572365083518511490563705748796564860654456525578953317131235932001605699591255890964062260906301
0.5475914798588304184285093478620386788896715760345931885053144434174895543494571210748882217131087467
0.9986743800588465815734759062826143561617013905190123381219609349419859706833063018593583524059573597
0.9999977957465800218341367217834713286557957175399486199689133322762895796493671341385725531539089328
0.9958438573440030553853856410247805466866408016173254863853120046773808704474244149608484726027563954
0.0000965471596761451275794288371815000769049930520106196368832103580652490764882328824078978136311933
0.9999999999791597249065062565237922029252862893078703701790249457778194178017812282262314850946752755
0.0025850006566891132369081563145751581369179514817666277198125912947780779404037893922279701921077923
0.0000000000000009391133380375799553710459883014869334353104027817485507122925783971186485970127316606
0.9999999999999999997429904209860736007508572218238379461634805804707141664956959685028433017383595847
0.9128181398619135055094824916092498839435499367216598944997493937774392459240747906471605360425893921
0.5000000000000000000000000000000000000000000000000000000000000000000000000000000000000000000000000000
0.1134634214112458849441351704913648819197200370557985275426420525230505076975068565420654101057422628
0.0000000258517395561244075031489926753603431759757605978972120968963690380816430258700956242151914517
0.9914732117430265767361811244953091739846159171069104440749745752158960494956699622643268978764161703
0.9909389829699860100218607397833908425445323613295713081182040557650157837555598069875840789566972650
0.0000000000000010012976388704753426436892514549697031470977743368149804375742457127500279343726849317
0.0000094362699649324851868546464538816434204022420943967534897553580351769576537856695004617224415951
0.9999999999999999999999999999999999963620602230757759109860198002265528416564096171909842685836437605
0.0000000000000669942020318220662869243521512235151413653777360770664444324628133377089211686835054300
0.9999999999502538939878314674832099499343114644988599395499201841170081107290028748221991845406461020
0.9999999933519513882099624023792296761601827725660215396119557239497795548104469826308264427206542627
