100
0.94 0.46
0.15 0.37
0.21 0.19
0.43 0.66
0.33 0.17
0.23 0.38
0.96 0.70
0.80 0.53
0.27 0.92
0.38 0.62
0.29 0.17
0.70 0.30
0.47 0.81
0.79 0.81
0.60 0.38
0.93 0.94
0.56 0.15
0.04 0.92
0.95 0.35
0.53 0.38
0.20 0.08
0.01 0.81
0.09 0.70
0.72 0.70
0.63 0.12
0.39 0.18
0.95 0.91
0.21 0.38
0.60 0.69
0.93 0.71
0.44 0.41
0.38 0.38
0.26 0.87
0.99 0.66
0.92 0.68
0.95 0.89
0.19 0.53
0.06 0.19
0.04 0.14
0.56 0.05
0.52 0.44
0.83 0.08
0.03 0.31
0.02 0.32
0.52 0.39
0.47 0.19
0.21 0.85
0.19 0.57
0.65 0.82
0.60 0.52
0.22 0.52
0.52 0.91
0.70 0.29
0.97 0.41
0.88 0.61
0.67 0.63
0.39 0.54
0.41 0.80
0.98 0.33
0.86 0.45
0.95 0.34
0.04 0.46
0.39 0.73
0.80 0.65
0.37 0.55
0.58 0.76
0.44 0.67
0.55 0.89
0.76 0.28
0.75 0.14
0.56 0.96
0.14 0.85
0.10 0.39
0.80 0.99
0.57 0.75
0.73 0.34
0.63 0.54
0.12 0.33
0.72 0.74
0.72 0.71
0.94 0.76
0.50 0.12
0.93 0.77
0.87 0.99
0.98 0.54
0.32 0.58
0.03 0.63
0.68 0.02
0.26 0.16
0.04 0.04
0.74 0.83
0.10 0.55
0.93 0.79
0.29 0.12
0.46 0.99
0.38 0.77
0.95 0.05
0.27 0.90
0.94 0.43
0.44 0.04
