0.0000101846702768149230950735418025756441406629308489184968472120417452846033425735034634391005238976
0.0237624986216868055452954533630827409226156478627961422034353290733624554505342351139157076116019347
0.0000000000249745300273352771280107644807236253297890987438288878540653784102106106006798149236216777
0.0000000000028021019089983419324990134923264322711313454486132518980151999914718399657789807435744389
0.0000000000005093310528726963001322064628240500934080505947219410177526458191624063913088096888350406
0.0000000531923671487126889259540090409150427504185115615217187331220297220817121179366616126866614959
0.0180742564747159960061623948950277425878938593903664692934458649551568743967580285721733651125260552
0.2254391187508489464329314509310726466297933596181462728985744195890753189704934719001970904702131913
0.9999999999999999999857451431462781797923396910125308789902822714166566951715440596285224452622928605
0.9999999999999999999835462144617289329724040858502676049670733234730809807248568451031311343814179037
0.0000382719014453712753815018669461534093434729117157958155742509352377925598906045184063025751465477
0.9959385590223391014510406255741092775737071316465842083032064043961535814783955768364031727846880791
0.0000000000000135600625736691746184930955606400385487971647965748064459917755114377886068195422959492
0.9973574637576157807048875526558628905785932723293920880542705402513045476537015255525811955049364058
1.0000000000000000000000000000000000000000000000000000000000000000000000000000000000000000000000000000
0.0001893771395186324563366102949373468565333337615056163470234746892296129799391952087154224464859630
0.9769755792643230094949470295722432921352739777430931539846211472510698852788634134470238632256819743
1.0000000000000000000000000000000000000000000000000000000000000000000000000000000000000000000000000000
0.9993457509119030612218808805966544695731410898492483169408611715742436349069858936543651266963701157
0.9173160501111150965817205694157525829322580330651911007664144086636161214260023089789762133858985472
0.9993531154722172908043926045223091005329965159995654302594012096708821662640740648658653726239521044
0.4151487307999505890479416125063080929551752219636647419204901081630311213374394172986270716626670563
0.9237748303440787315444449589577257900399891875602000505986295179117495676627438388529872346295988052
0.0000143176382188439876275264914900980100333074812972981664778243059293252859145431000018850737578059
0.0000000000000003487090855834944624157412453608148256691761146414495775659292052644065100267228585581
0.0000000000880810358077771360951685713794652466728045650867107632555132509524535859316617650913587933
0.9999999949995619724208074698572229387298043319562788047873914683230105834589788668572937646829194027
0.9984581990508771492621032882933338920754329135850441805170112412330445409479434227265416213798039033
0.0000000000000000000000000000000000000000000000000000000000000000020892967207947516777241036193749187
0.0000183989582694172431176976305316224830476627798972770662425156560803289414778788074246436684513631
0.9999999999996845481324192958765223875131591768483287008972122554161200644155326778554435027523342058
0.0000000000000000000093281715358082528948435129544534244713624471599269834010617080772324254170993575
0.0004855905162624946971189206324817956442189313571933958256446317778098449949864474104727591805099065
0.9999991790735630219269469674174963248470100997126325912152424222036481494594729981839129216205369957
0.9908968633139385937225127302969058529240246329033514250549488480484630832937638744360501895127606976
0.0000000356839549188590272970863849441407302784683810441501270909112458305370595309120918625238612877
0.9987925914661375780053523509880741445217223588024924333239099581128586853497171138580420497294387631
1.0000000000000000000000000000000000000000000000000000000000000000000000000000000000000000000000000000
0.9999999999999991606017126727185120658948256618864993435127499205900643330561169582676313853551997597
0.0000000000000000000000000000000075587170974327292873442034512115153154186791478068758150272634284246
0.0452250374135160630440279518741855423019816604833208953867652046053689979878669958881870912143125325
1.0000000000000000000000000000000000000000000000000000000000000000000000000000000000000000000000000000
0.0000000000000046449877587843195484823150012877182931973874318162478800732003352634373134426575515801
0.0000000096194838352994587335759622035057209637852165533259522493108614740724066176944132431983027548
0.9999999988080477581698733821193486892686833251507614630557637069842200022147278596645746736958465138
0.9986855681902219721884550247042264853577323406282041242168745300419949383804674424245470008621819089
0.4112399841290180058538543600159034029288936778336562305642094842359144964438035218109438164451769841
0.0000000000000000138361621629255742174807520178879434906289766875686440465346518875586431304279066440
0.0001401028596163070638641821761656910503675588089843484767696742656351949345051542409210335462400556
0.5000000000000000000000000000000000000000000000000000000000000000000000000000000000000000000000000000
0.4155331463917358295142245826878820000507096961515863511940801042503082139871020017002097130506948493
0.9810637361146990052969695086851235124896717476366865380040769700776848796536805793603966134899873698
0.0001128448120125079034550646803979461977177331845915246290518321611935289517269147880947166469473777
0.6806215122028875912347093445728192641683298541978027502511275139068535330098314320839891658721325385
0.0000000000002271837193532543163946220070655467149639466330921589911532569125344594609059770973731953
0.9876546127977623843387193865272298577764101759785752498492580695065562302226241835632868202245916255
0.7597444714321326994056269979801764844902013321040443600546710552426965261372377639307410489549223126
0.0000000011919522418301266178806513107313166748492385369442362930157799977852721403354253263041534861
0.0000001118961390792530396858712368349205576048298761296313382132404210202428791635382265489519137492
0.6732065029656891945861742884073150087206513981341195470573898131234734876315392832378937613605630167
0.9999999999999999999999999999097156306053472051573541303754431722388280408074811696071287478578718609
0.9960672701601940559546111393453090214503890212732977743085396152013164563930645834746273544007145465
0.9999999999997763687962635247067211613569954422522637404882004424094116649234188141900047309460320704
0.9999999669895525464410171562285215274223875119833141455638486509951078308023074264822603123930259483
0.0000000009320744267418743504515088273805719524171162499241234689023820218264515583885706674709169955
0.1209761430990857555580527344503024346607232134074267258293152116101745188406326251814088215384833334
0.4444382577647547794201829503260034748262084702971857603771123710340312491901762176825975668950563856
0.9999999999999999999999999986173119015251610813873403653841368013646112863246154081207026384767420985
0.9991134429890604740990998654921895359498710007456479506154699465346839322034000314809425850047581297
0.9999973849597133486196562140432846255295174214676576021522491870902931655343643266991438174799467951
0.0000203916724860834754056030970323734509606068979608602129819732250495341221724155084199921801825217
0.9999999999999999999999872987280230251128793547055956335648299827056634584687474366590115044737806310
0.0027370252054831281444270911613369289315057543353874768764085545728097578998066906989332563624320970
0.9999999993163195052790431622570640626355621977523748907142873709392359578206183873889866476095183054
0.9999999999945936162542474140921840695757154416743667002707071844164198321115553522817126173097918836
0.9967272954659381963684913903232823673217822414921285688158293718022452680816535259292400898943715132
0.9997594996572008867071971872136662334795682558273541346336570381102924714824987604545791338887114161
0.9916724112475184301603527630091028161659703136522961090821672643614480232795932126031023708339873700
0.0000001468289606574817304704381094560225938663816881171887638806953752215607059387085071266798275541
0.9999999987242007580624132894138677396100622591100233099208363617658006883883954783060871649543402765
0.7024629820085564669067450479844008881033228319657189806876922610505167338300896938820233532973144465
1.0000000000000000000000000000000000000000000000000000000000000000000000000000000000000000000000000000
0.0000004806125534507965633796101645463915846742672397749426689687108686866841130412234570460395406298
0.9999999832761747469002669622746614484538824139653648925644668831611081256166661771469790042881006393
0.9999999999999967246220864759259358403405579250590939791114005306980792044352104819839682618277740886
0.9999983385146990164877019995170990792844125420790031416817506304406527112693599661351899779292349909
0.0000000000006414739181498418047206035181965943864665396003854414891511636409299793912719030560403717
0.9949130237762594364130043436568091765817320263551796615315352021312453341051485948202554959273245263
0.0032727045340618036315086096767176326782177585078714311841706281977547319183464740707599101056284867
0.0000000000000000002112935463974078872382933480824840513007378620122797900895691586160361535836669173
0.9999939222068675593335835909150837148222150213052738158658474546234947894409212470948331067517550507
0.9999999113057029915312717654278133827643077358996877909637268145133975355644976424529300447773840197
0.7105703106628780584573280648141616035283012390414072120511531652242779998548487193128231501033353071
0.9999999999999999999999999534280408981953187744093010873309520262084469441335028372412829047550115986
0.0000000293419175836192297501769112857952231776259398859252215895491829807762453795727518662204521620
0.0000000048325515171955166359907062346137942291005701909061241878180744316787291507804042399874684973
0.9448571203896967952013645755765299274644675402395370142459398688290917118405232825071250327422279728
0.0000000000000000007879836926914209751817563877880715599219152213007939947746779607488250162548303587
0.9999816010417305827568823023694683775169523372201027229337574843439196710585221211925753563315486368
0.9717662859373017119873855657725458342552814800165596216286311530627086330792135572466784861146727112
