100
0.24 0.63
0.07 0.18
0.06 0.58
0.44 0.96
0.13 0.75
0.73 0.99
0.87 0.96
0.54 0.61
0.99 0.34
0.90 0.14
0.70 0.95
0.87 0.67
0.14 0.80
0.40 0.17
0.79 0.00
0.30 0.63
0.34 0.18
0.55 0.00
0.65 0.35
0.53 0.40
0.63 0.33
0.55 0.57
0.77 0.65
0.54 0.88
0.33 0.96
0.14 0.70
0.75 0.23
0.19 0.04
0.01 0.99
0.26 0.64
0.52 0.02
0.29 0.98
0.25 0.55
0.75 0.31
0.56 0.34
0.35 0.83
0.88 0.65
1.00 0.56
0.76 0.09
0.03 0.90
0.21 0.35
0.70 0.00
0.14 0.81
0.22 0.73
0.69 0.16
0.60 0.32
0.64 0.66
0.41 0.99
0.11 0.39
0.96 0.96
0.45 0.47
0.28 0.13
0.39 0.73
0.17 0.14
0.30 0.91
0.64 0.43
0.33 0.27
0.16 0.69
0.32 0.79
0.37 0.33
0.92 0.07
0.36 0.15
0.95 0.38
0.70 0.21
0.27 0.81
0.44 0.55
0.19 0.20
0.92 0.08
0.92 0.71
0.61 0.20
0.29 0.67
0.99 0.28
0.80 0.95
0.53 0.06
0.98 0.52
0.42 0.19
0.58 0.26
0.52 0.30
0.54 0.93
0.94 0.48
0.53 0.48
1.00 0.15
0.37 0.81
0.92 0.48
0.73 0.08
0.83 0.42
0.42 0.96
0.26 0.09
0.58 0.81
0.09 0.83
0.58 0.19
0.81 0.34
0.66 0.61
0.80 0.02
0.36 0.84
0.22 0.74
0.57 0.42
0.27 0.96
0.74 0.36
0.44 0.27
