0.9994025353247128986440006186146778486310858051367670191234448644169216084840624648763843097433837743
0.9888987055480203720978008645124469951866966883913940822158344545573386005513665629767765088694069485
0.0001462288827298959330637966054612964281451479370221698084393325888972803296816411150935388086209616
0.9999999999997446001928428263307646867630031036020045104180090421668263083246815659979784710272519517
0.9999999999999999999999999654382549538963105116151757211148737737833141781712001159155487096679676895
0.0000000000000000000000174882384610722742309247450353428820279675738153466366148253307650495306532326
0.0000000000949671805640463470193820093135838963196214117177288325179010998360300063080184550194085857
0.0000000000000000000000034505490754570569892105660123947063278471234091091079165140549560964217987120
0.0000000005272675794693894622578478711394450017773625169462714823328729161640458440618082661965576104
0.0000000135886625016380049369850369382707833993724249247307889089269343246560922375994274265927172406
0.9962183126946251885888065299915997829620692317543899354175714893489525928899286324302464805669950555
0.0025176099056955700514122219917344995079752339378109887332805846132777187757788180514340506896481281
0.0212003167865123510722291368944449363294846903503098861314597470332180395888335487219227213107451080
0.0000000518016316762733672073615132918285453609342640579443031383410027005931625021610180589316560399
0.9999999999998786267213264905548214275727487421672843103924089211032518148289044639174412505672726461
0.0000012127887017110361472552035062936016400860874064638353080281721654319401651500416060167934120776
0.8357540684837868592838822580078351133773394103608367407041779286337472950613508218066243289471482848
0.6699707259294390577823807919465870268372613635483027485918197271481362665040652393027841756835493910
0.8865365785887541150558648295086351180802799629442014724573579474769494923024931434579345898942577371
0.9999999991903277566134442840814512902510738896087046725177497853204291825446016829201449195158241466
0.0831761254814000271345541613236718122068531464553276708906463711604697503028576426318163354535518574
0.0000032505130249647534186060381829215493599052554103368778304770700337120967815242801463411800975133
0.0000000000000000000000000000000000000000000000000000000000000000000000000000000000000000000000000000
0.5894534589146440868698446468193307345761935555709250436822812512690084071235285648349513773372237533
0.0001540364350670536728445809621442658963805285046362102263885458818293012668220730810929106855404349
0.9999984250609029114638232677392637324729886017807354340029203738483003360888097809585498143215430287
0.9899977170565009993680259913523122407408754941708372554988590847393882810734176331475282543505459313
0.1391419008078903335397895465239078475567368047797190968220033953035660360992593208565689187081521565
0.0115933031917596719938763613971552509269699243351070942321168730774747877683777231098620948337641214
0.1637122214580986839254209640867095445836605403717391502022821300837925853834639217903837228249775165
0.0157287747734400286545765234855962641966197757990968161081342854792833296992019973157799722358108857
0.9188001205853192020162477202133106803912532760148532491234623663360816086726040309412713342685181620
0.9651094706822903485543183477446815247774259697622816436328212110528258366675154445355427780485502817
0.2814503904594699859349349672277477716599857706222012066214121579807267339890992951090575923965718661
0.1486940365505588251024794085896095687806509673795193509939425334469834712574066765224835484320345306
0.9999628373199981583122098935720847296457526814443831511035533610250114751134342002506702921356434808
0.0000002389921680266329555255480526380991989315640812289954612998362439056118737987613711001466957000
0.0000000000000000000000000000011959737792272903796323336544357955152826725397927945985835181617265413
0.0344300389694850189421469552542012016372761177936547181937673581390663968507607314121132693526153163
0.0135773722511964426307932365018179807600384814749105517212672524662838200561729192890914641415907601
0.9999999999999999907621203379278097494239164610513682597532700912992642340807694713800121941001174012
0.9998308381704043387365008694342348542503835178902382866937412476426526369194189058839071683161212154
0.2454251042876542499634276333569664999183476511581931551966471285002186572589130377196751029998191601
0.8033711595246010298088432276091535558956798598979123324975660197558686127370546688082638789452642399
0.9977702904145143215332484555843741987392373819080709430663416774818305280997044576959069148015659199
0.9991328973202130558156423410311486581368615130353882698860273264779531594661194152681604770012857192
0.0000000000241645209494014355076689524351291788869262655436045396720376439255574977363157812916193450
0.7025471156119967320774306206314003797541720497799387041497961562971201988596855260095425573384237784
0.0000166115719476003803535725046711415707866008905472622528597466464467635945077663370000815699272630
0.1179036734453017767946640087054717939255187974261836803471930088039361496032720416469432232954529104
0.0511277499145248208590204351628160496146555415057112911572427275435094811824497205476606200214054072
0.7441899782816733355887061114941121266947585509108537256292146333459210123531732731405011377296386752
0.9812353828027618821972264937465533106059347461073510240930834972536593091976420746114887342016801575
0.9999999706580824163807702498230887142047768223740601140747784104508170192237546204272481337795478379
0.8739933416419970788127829450565404290381498323705573904253156299219295882688451264653922716653024999
0.0042068484467030117271685199285866336456898669429454101895493189514280990315418296240468535816165796
0.1336998093029667042106612049310703178722989788353557866709826349578914747670723272613946489739929827
0.0000000000000000000000000000000000000000000000000000000000000000000000000000000000000000000000000000
0.9999999855215451440262823749478506829900029552169121859342208324548955159045804362915292033204400572
0.0000000000000022428402057878514932412153617375369665940895045565533712453765289153553948407741078919
0.9999997823440735498571259988620920240222728054407889229727732556403336067545258862747448619011563112
0.9999996053802996139673972915341821477002503808922073141383544259588696379417693019471530231100124742
0.9882067613201957237122047868456310912224491552013565943551659595734138170814102709227567000525434000
0.0261729056977260138273465833284140722650017397669251764674776294774445211619970302873542180506913529
0.0000000000000000003174764225187988526012728754439036118671753029248221624692640273839425054245597735
0.9393214882034696662666695929597682825622658645057661884609919532882880474523310514810151300830802288
0.9999709427689913034262459926761241491198279953903921462190693070807289165043427671377515185421195088
0.0000000356839549188590272970863849441407302784683810441501270909112458305370595309120918625238612877
0.9999940840723412332323254656793333857582812118398381554224697585657304067384666946770702306621992593
0.0012500974658232406433351417692105160554793810950525214649925058077854998996570803044684526227233182
0.9999994806264847718419719163030443670722844737905414649254182582084253997559438112366360650528652157
0.9282074051288067426910906412234925971306787218224952779250584782682298927731072734829442857097755480
0.8266944468186973417943653205683522615445781139795003909542356646797198536159719721233487579768872400
0.0117932386798042762877952131543689087775508447986434056448340404265861829185897290772432999474565999
0.9999951878436032667546832735334259480484843827061727824768416809796282556563163493942103319436357502
0.9972755376177112144490163139747826000040862653393422945871793783840592810894894701362259586561884363
0.0000000024282409861988129973451731102895061010966643890972492674515755355235216585769263568331390425
0.9999999999688319462017018142946967904631169820446233098197445740367979703493040725626517128665854649
1.0000000000000000000000000000000000000000000000000000000000000000000000000000000000000000000000000000
0.9999999998875175793415641949327835805742833848312892185202847934733309291758582919874283030509201579
0.3015377042117441761726245429863544379604951094005787230692867120168239235211802194733030450624389840
0.5000000000000000000000000000000000000000000000000000000000000000000000000000000000000000000000000000
0.9999984622572623039873990206459887892905090508634189259879013383359242139480272468061734502306336688
0.9984581990508771492621032882933338920754329135850441805170112412330445409479434227265416213798039033
0.9999575193264589572942886765281960540676076082142782121415960098423166051743387369172024500228158743
0.0440699082775523127441314576327487566611994497616958618730603196137031362461047684795519778810191491
0.9483246757361135754063672716725047073741811794837444384167534777371351947187097913011885321827686580
0.8211660022137922875193336786896263717839571740590428161330833309464846155148445110399377508295657136
0.9928480833087269568267040636142006317515082623596871982324848361349153004723773114000081996696094708
0.0000000028306613430307222597737193715133262148083539532271702547868113657507056467513958905601057399
0.0053833467736268787035973933002793202154382318944894713926609338891837754067957333202540542194083066
0.0001233437251860116487060053661470872583502212561523399595456992463814916562128612330908738478150777
0.9999997657948742675272970388945471562612072564791394441528066311187967695081459225636087578472977886
0.9999999999999999769065822216829876766439163427349153711011202716398475125165818453953391810690294884
0.3150796031542857564190255201111078999551806289330664788852021891817956120940891141123624005322703954
0.0000048121563967332453167264665740519515156172938272175231583190203717443436836506057896680563642497
0.1008116622342810211817886492594826732244742051471071459715351222521073443377663502954829113653602058
1.0000000000000000000000000000000000000000000000000000000000000000000000000000000000000000000000000000
0.0040656417577777748263762947097653622693292128631735734107848557269656825049508355973319905843789697
0.9998721908913864527477158481465614211831496398623398803320745575952141954278951871363810549349262045
