100
0.40 0.14
0.34 0.16
0.20 0.52
0.73 0.11
0.96 0.15
0.24 0.98
0.24 0.81
0.01 0.73
0.37 0.89
0.39 0.87
0.62 0.37
0.72 0.91
0.71 0.86
0.50 0.92
0.69 0.08
0.08 0.44
0.77 0.69
0.64 0.60
0.83 0.74
0.57 0.08
0.45 0.58
0.22 0.63
0.00 0.96
0.67 0.65
0.13 0.42
0.62 0.20
0.97 0.88
0.03 0.06
0.47 0.68
0.87 0.92
0.25 0.44
0.63 0.50
0.56 0.39
0.66 0.71
0.73 0.81
0.77 0.41
0.18 0.63
0.12 0.97
0.46 0.63
0.52 0.72
0.87 0.15
0.94 0.71
0.85 0.89
0.58 0.50
0.78 0.53
0.14 0.02
0.15 0.73
0.54 0.49
0.56 0.89
0.52 0.63
0.73 0.85
0.80 0.75
0.70 0.51
0.84 0.36
0.92 0.86
0.55 0.78
0.76 0.84
0.32 1.00
0.90 0.44
0.38 0.97
0.43 0.06
0.55 0.13
0.80 0.61
0.48 0.66
0.06 0.78
0.86 0.75
0.46 0.13
0.35 0.83
0.84 0.46
0.30 0.58
0.56 0.14
0.23 0.13
0.74 0.66
0.20 0.39
0.85 0.47
0.75 0.50
0.24 0.77
0.87 0.30
0.22 0.00
0.60 0.08
0.21 0.25
0.43 0.43
0.72 0.29
0.96 0.81
0.51 0.17
0.44 0.60
0.81 0.68
0.81 0.74
0.91 0.75
0.31 0.83
0.04 0.16
0.82 0.98
0.90 0.49
0.97 0.33
0.70 0.74
0.47 0.85
0.43 0.55
0.91 0.00
0.18 0.40
0.44 0.14
