0.1385935951377668677952596691850068260436332242772227313744541300022616035448611201982705751663128035
0.0001203848458443463485675205825901119092058114051785154763077106167532039566032028501438592485901702
0.0000000000000000000000000000000000001367518843863648275404981225478829931401429688775122951486982557
0.0155210007554938457094600084223967505145610014318996603386444203649307700051140733365208076244047730
0.9999999622188200176297197630468338403650054738861730312939805007656989731798801685602248437102044769
0.6849203968457142435809744798888921000448193710669335211147978108182043879059108858876375994677296045
0.1287555188982685153446390453514770732738835486282417270008930668747303446122829894854359788845270082
0.0000000000115485080660555250592782749763897292132007450457116597358557487203681532809434368426602216
0.5621170261268125405309803612996418595147337089645441634362482316934607117643256635932439981664126639
0.9999999999999999999975405439733354536918937280231988961729849848966997838273214506438230961893693975
0.0014083769926849831856337413749704800582995058633907639688199367318859957892514922734918708868228387
0.0000000000000496736044262525413995853214992013272521617270924547442700725121564828824416878375142143
0.1206500484830185513424925125631919182841760851188288797076656596723266412786948538896166321332342176
0.8915398904616503662684931895788923767399030877293506064832156352899026124898290051901359578356267949
0.9692062296268259138796289474232391341867101574555446106085630599979430291911890126839669101004149659
0.9939108697472872457672853729948218731679240858675217067456644556327464326917551349697393232886838619
0.0000000000000000000000000000042884760892368202622852594971381564704514321291299032216218092616881279
0.9999999999999984566817457636132428343812633853051068077063869127448865614133917228560988978890920505
0.9999991496874993956854615659025027161577025180120846065407486000933786233528839429444309031947700833
0.9625673959914593376919743996286479478279713141289861120453950885290924608213489126375745564196438759
0.9999999669895525464410171562285215274223875119833141455638486509951078308023074264822603123930259483
0.8392351824299768208169408510114611529903815102373904381542614141457007067927154697427865470811721000
0.9999999999994052023093179993970768389159492334060358925944162681687019670765021975674600626736820530
0.0000037533948404962667938148864020523862446484651512974858972915394644152672632312486089251759624063
0.9999996521524970486142824210370938630543536945730261135657762876389075590710819148102363568592274451
0.0022625826913841530099730028840347061830004776443661785362067599380332202589329477000629980712886369
0.0189783942615108587698019451098431377969385584079646755025162978955035075534007659623490061506193002
0.0000000000031809898039282630880971609579290654241889832401944708880339969834450825768115073843441310
0.0000000000000002338091383747760570484203914603177459354399339550655418190460723755623418772660647092
0.9999999999548824961046818460921845442385001451058058998670750186743120545858320038118445676909704266
0.6293236807062210000344575871622345281263336651544654726334742503377512298774460082563413855334200781
0.9993083701626285306274870238844477929202693754385801718586794041220708944932689861652432298257657633
0.9319360447671245233383726754275757563656393964231312854891616299000241577848956843855891009804314682
0.9999923694192831910052609886462535735892078355729985577651843621079712854143597501957547921261215765
0.9810637361146990052969695086851235124896717476366865380040769700776848796536805793603966134899873698
0.0000000036251141616603880841653404315859417130488811578387681984575749743315769596891333316483703798
0.9981461499468142609818661412235909620360831689273654797113361504465912973683999124854985692264932853
0.0000000000000000000000000000000000000000000000000000000000000000000000000000000000000000000000000000
0.0085267882569734232638188755046908260153840828930895559250254247841039505043300377356731021235838296
0.0000000042927827316119138393538696309439406773861204021067470275174805219080115218327725126043810648
0.9999233932214190233914138290870288485771517531764590143742776609819467541412773324501760362631191946
0.3737417149287742187910054261319261597191671566055921806544280770803284650238863832175971882263448220
0.3344741770764382541685644277110564297213242365258804821784166370244037609679500170360996114465900042
0.3340776830202170461447469206218553211893975133794140513296561133209600496939681380505495574716102231
0.9992454786453426711161239429959148161946428219328809566601857754392124097629106250264812232732274281
0.0000000000011225238879218895696615812171819222689593935547069011304816719171461456639847099181413324
0.9999999999999999999999999999999998103042989907197858705714736662462018695136788838914941856218853665
0.5000000000000000000000000000000000000000000000000000000000000000000000000000000000000000000000000000
0.4089675080071346347328238741496029170641784807026154248475926366345486243449993703676300241925006808
0.0831761254814000271345541613236718122068531464553276708906463711604697503028576426318163354535518574
0.0000000000000000000000000013826880984748389186126596346158631986353887136753845918792973615232579014
0.8330911118299326572500140853861970950418280073073444882116275146803514788996555358119832338273338465
0.9999999999999989934481283961748789262008099951716826125737019605529651660992802138888861851958239617
0.0019144396512418568103128927027821589398220162161323678223797713271927726709224857826908935598943134
0.0000325696068597778288760622547183714444432429494543691686225757414223247779408471467444655791534241
0.0000000428367149785020014025096666283576826801396373911235291287746735684388755563034949496618148035
0.0000001104382895657596108545179557673853629431216435404261572021742283479859509316457284715509424173
0.4060463694793988778747654293739388209312308859777034630430328121441798610130997326950031976182965388
0.9981094379032181597337521663672782214008007132416939130799740277795504475403388160660720768923311348
0.9985570030341156854391830586256869548368061575694204208559578825087293078692453002948243717352277893
0.9999023044616803736460605957909628358815407977430658949714270708925516265411632019601250066211278106
0.9999999812783423160363880453222018116750552932870487636643636224652990820079635656753891727387741136
0.9999992661930065937433455116789706318456656329321373120111837338059966097811004978698022567711877240
0.0000000000000000539661949915221689915588094715582258408838230776352688374019322146434225986153749083
0.0000000000000000000000000000000000000000000000000000000000000000000000000000000000000000000000000000
0.0264523073524346387193580984086353380450213370782817096899760693173505076370926989393101496399233147
0.9999999998655720017512643591181002183374367269979114186915181478760979345069325634176424513290077408
0.0027244623822887855509836860252173999959137346606577054128206216159407189105105298637740413438115636
0.9999992035690091392872859619839383409232662893697365680837264518774486662145115654393299112825601944
0.9999296346277958201185621357226794241791612681572448242598208858338073329201319727129417834434346343
0.8999518787254869759003420328831933115813460896743752477728586062083084270218617355914331324717808236
0.3290497292355789284759963989734813542293026777160248066122869680188199282501682502652566468142197860
0.0000294992019930488009263652913119256832935331008271596568227564777288614181755453396898451983325507
0.6784094178311431366634967751157614252242390822352166039445302064797155462017943621705892888694483010
0.2542157330287291450526003382812198099621045158630008374686791300047115819309333088115051045513828617
0.9814193142721147956750510312187960963915803097363560480928784237417382333885110173195659489226088541
0.9997432489812321863319832277741964916576402771073978442031563495855183680027039855327121503867108185
0.9787996832134876489277708631055550636705153096496901138685402529667819604111664512780772786892548919
0.9983616492599821168596535625355926771587675992742760934624537886011167930637740774836572333586990425
0.8609322406431435697400787857967646432479423950816122639039276429353704814521785988673066888260143642
0.9999999999999999999999998910989742510612861312292909704409686738774080305793370908417619376832881302
0.1381068866700262790918544607697129067665480798339765414381741161570300808277507850618097075558157885
0.7437632804234980235178213123113107819130764033620846599888165650847393069303403585460194558070089636
0.9925117331672493411897637109771015643595072549796844703420956133697260911463445900969342700052519180
0.0000000009586550240134269901695881340924026828288375463487928821587687491609847774937793983513793647
0.9037409795728950111381589293366901299653029550275105283519449073028919793891248098502134912779567363
0.9999999995144733974247502427869234833373952308689882017998951803296634887028532499151538974097682798
0.0000000045633453480917882100812701370885285256379209694075513756828157846301691551200112953858526952
0.9999999997968805601138137013828142219576307549470765260550784065320276332587194680634691783772917837
0.9999964551928389005944603787698598554948378337186358555459272637732220654962885429949626141073487779
0.0000000006836804947209568377429359373644378022476251092857126290607640421793816126110133523904816945
0.9093043938756693944346082485855362573454707506680298486633529359510797243039466789144823749655446201
0.9900537079094369863137202481722102771667858643912054000422665041087104753146701328669711184772415206
0.7367960581067567919239178693923239982724518590659337920964532015262497401782035874413179871194740413
0.0000066799226288328739373963744483909927425900290730089243931344210349954347058719589731155904739586
0.9992581814666699438468654485027651668506110482509579537331782464580739471691227156300529531939287524
0.0000000001574310589667326081962078596795512810361880434904840418275198750359861710562358043105826722
0.9999999990679255732581256495484911726194280475828837500758765310976179781735484416114293325290830044
0.8567263428883339281321632426567462285544602919177316884799539317937176941303949122957489013517732502
0.9999986570734302611133480290748845392552587558196582552702624269820221006025273659402432973677233623
