100
0.85 0.91
0.45 0.78
0.11 0.99
0.89 0.97
0.72 0.23
0.30 0.26
0.29 0.39
0.04 0.54
0.16 0.15
0.91 0.14
0.48 0.75
0.16 0.81
0.47 0.58
0.84 0.75
0.39 0.23
0.45 0.23
0.06 0.92
0.72 0.07
0.70 0.26
0.78 0.63
0.79 0.30
0.78 0.70
0.97 0.45
0.41 0.81
0.83 0.39
0.70 0.90
0.19 0.36
0.07 0.63
0.06 0.72
0.96 0.48
0.87 0.85
0.18 0.03
0.58 0.44
0.69 0.29
0.87 0.72
0.15 0.66
0.59 0.32
0.00 0.24
0.79 0.93
0.50 0.94
0.93 0.67
0.55 0.58
0.53 0.57
0.54 0.58
0.90 0.67
0.20 0.82
0.94 0.05
0.72 0.72
0.31 0.33
0.42 0.55
0.08 0.92
0.61 0.52
0.80 0.12
0.34 0.61
0.29 0.66
0.54 0.94
0.61 0.96
0.70 0.72
0.27 0.08
0.39 0.15
0.53 0.20
0.78 0.28
0.45 0.08
0.08 0.77
0.75 1.00
0.01 0.04
0.89 0.35
0.25 0.50
0.28 0.02
0.74 0.39
0.29 0.19
0.61 0.65
0.15 0.49
0.93 0.91
0.84 0.88
0.41 0.23
0.34 0.09
0.86 0.71
0.72 0.45
0.83 0.75
0.89 0.07
0.55 0.65
0.06 0.04
0.73 0.51
0.32 0.85
0.76 0.65
0.75 0.20
0.21 0.73
0.61 0.09
0.77 0.36
0.06 0.53
0.33 0.22
0.48 0.27
0.27 0.22
0.25 0.65
0.55 0.26
0.01 0.37
0.73 0.19
0.52 0.42
0.27 0.02
