0.9726855511042597355781739390947307200796632640218050501491667666061912131614380900660538530171259182
0.0000000000000000000000000000000000000000000000000000000000000000000000000000000000000000000000000000
0.6007671960043282386270520585940700557153989684365597729873081327657767072687482037909153764642608215
0.9989725689122897065973312213025180287929807388061179867189174963151995039599730314837262251957186298
0.4529695495549421817596343358654642520123830470671587476028437069396598561071316233387564314408461708
0.0099803944798662702833333803638191240709845419698863999917925245585864400531327458395276371402195344
0.7437632804234980235178213123113107819130764033620846599888165650847393069303403585460194558070089636
0.9999999998615899598075115709636189859641866939407869400054387995383008347274967917011014532455427974
0.0000000000000000000001521187615349691623172911659347634332377508574882036245696024441109125599505831
0.1705015846960657424153994633123642193840329449181593226705479643891518624422379014399940608653785156
0.0000004457390491705118892121030258308508553104100036428898181154160918103790539289381502699817685886
0.9999999999597431807050928121348917720393820953615407116514172233292560554871594671164662898815162396
0.0000000000000107115116566646856566184019590316287449510329178070526392703228134648931777884803447313
0.9999987872112982889638527447964937063983599139125935361646919718278345680598348499583939832065879223
0.6690349602294352771182899350879127967939729215783109247879694116361203022399217639299989832291455047
0.9999719921824522351351610097103538607517387460189371076908197836233417298703704338990188456923418987
0.9999999765472794312264807964568096853025850425284272116089963824038097007634787115222221633829911123
0.0000529834779055697132886418166359120271747021489102601316236750954456670294704726346263344096746300
0.8609322406431435697400787857967646432479423950816122639039276429353704814521785988673066888260143642
0.0000000054789295484781633634716738870002059508193296128757161361473049773556604015491950290516286851
0.9999999998359074928233316878196521868920900562318793303681373123237936947901077649399038074249191471
1.0000000000000000000000000000000000000000000000000000000000000000000000000000000000000000000000000000
0.0000258701199968536442778298095098355139572788663198403451194284050695758737076802918015278860280678
0.0000000000000000099026558384565163544628011925063483358334960610389098921506632605290815724992714379
0.8793499515169814486575074874368080817158239148811711202923343403276733587213051461103833678667657823
0.0000000000000023076486722029590489613829848170465228427908617455219243736441485658321195645844539013
0.9999999999930032500407212565964833445202564639691644861337639535245301261856634903778087519000483062
0.0040614409776608985489593744258907224262928683534157916967935956038464185216044231635968272153119208
0.2225234226888630382712789114062852611879216680861217277593349140269209955429626820185997523352000773
0.9999806322799018407431056250901676988620407224132756874814997193339937420137547932336501106185188686
0.9899977170565009993680259913523122407408754941708372554988590847393882810734176331475282543505459313
0.9999988380010995746681135460225803644728499725911557241794260334390049402156069673676243928081843850
0.9470504650298539452380581841998186839470594891989005278722403647956211645906125018159322163782401312
0.7646165744547564151057199431179413514311453909783286803257273646003247944765682564343970634965889944
0.9999734433272643738809694058582713713169779217260739207553496323269993351683347851481660146377477187
0.0000290572310086965737540073238758508801720046096078537809306929192710834956572328622484814578804911
0.0000013462141213494252749303846449655686587783826403265489189190474184644804917027071954506353860156
0.9852054648705213642009363757904733314532181215406557010674285326858428652977095395790253258748357302
0.9999951838338199671856027592615045115013788100410956063478445403514363550580838095325896671856904783
0.0000000000000000000000000000000000000000000000000000000000271247199197929829288105726852654233911384
0.9999963242146780527770354783805463292996059735169111761425039095116206755314255875791133480292095813
0.0651786633752997689153471963715698930601222885130865167978560584112766622662139576965186779943819864
0.2083756462611332547104745868946241178120809644396036071436436064547974504250700734717667827782299175
0.0000040488935329231852595062794805883212783513134682483764398681894108729045123957423163239259686702
0.0000000000000000000048067375373918160446584209345989973736960510287552571943829983463285260517863995
0.9810045339961780309726035807869965211583292646248488154708999552440049710799740671907551005866310448
0.5000000000000000000000000000000000000000000000000000000000000000000000000000000000000000000000000000
1.0000000000000000000000000000000000000000000000000000000000000000000000000000000000000000000000000000
0.0000000000000000000000000000000000188479455769994701484649587495739610812349327573817028151594549802
0.0000000000000000004176027762312789325792017345501853806034542584582983031900924502272352849767861055
0.9999723995425476574168049903304726634440714581432658843662755658441999686944854885900517154319778595
0.2330722341809298240591020023099915737506052648842869096369134120005586280823232281620387233936164040
0.2426109259049856829830627202729131051726831149108832937181862198167117445882868250714230654921588605
0.0000003478475029513857175789629061369456463054269738864342237123610924409289180851897636431407725548
0.9999999976466684601588980506343276131595846386475703507011765695243119890591248845710101251740856142
0.0000004700170217275177732186271005609636008808350980376691083007971479268543216507447601792636555275
0.9844789992445061542905399915776032494854389985681003396613555796350692299948859266634791923755952269
0.9999999999999999914057532923452322526167384298063943980781382400531645591417821140314486149913634966
0.9999999999993198485631981916029054920953296834198827639432280705874301654974930392964964102351686539
0.9649120096672221553423869391739634420243988018874939099808334704646102515584085249633483261440789550
0.9997274062543223470576989153874525697785382675602026805354243198718372769652045394194415832086998508
0.0000339735429275062952809327749282425555092642206876343207580549700040737115279726190963431766233216
0.0000008158640014943109356855528379656668381137075258905358866502552403920745000172605644700493753630
0.9999999999997446001928428263307646867630031036020045104180090421668263083246815659979784710272519517
0.0000002041042686883293131247024025394010184837081941914977956206713963563575321578112451108040047994
0.9952763731287527566568927525047076636925827310410246330387106943892414605190307904897015208355593550
0.0871818601380864944905175083907501160564500632783401055002506062225607540759252093528394639574106078
0.0000000000000000000000000000000000000000000000000000000000000000000000000000000000000000000000000000
0.5475914798588304184285093478620386788896715760345931885053144434174895543494571210748882217131087467
0.0006377524781487633786853587068540558496796568248919356727977067311862240716481741540375306478658528
0.0000000000000000000000162705228057292173484340589710469817974841125646840613544618512388253421259387
0.0000000000000000000000560315203857630965455494598497965724896622042831390261341904759647210284337222
0.0002830388747601604808447747030021928635244020684941286551464089950885785034304160670090033538345492
0.1888533715483900986526705415680305395067260262289195772594649612238384176832221560070934329384904359
0.0000000000000000175903774642372517155733226969002003505730579212420162007898797179332596300124890588
0.0000000000000000000000000006945067244499653364130678370676295512813587045221813368593055714480718440
0.0017277632724616626312769590584410077830606603382785601010909481874505137605636884300172655862948351
0.9993083701626285306274870238844477929202693754385801718586794041220708944932689861652432298257657633
0.9488722500854751791409795648371839503853444584942887088427572724564905188175502794523393799785945927
0.9992656531355709568322642611389194942320819987862508909394256397748640410623489774362167992472715933
0.0000000000000000000119401862714644557596398349394667231764708253083355765035873981259351436063513018
0.0000000000000000750557237488559192796346988743877424569083246106485159755975832262235319334450566989
0.0008286160740727044030457563120415115046522644503653019065540471275433907859874655807141495463636209
0.9993909225043487513019822151860452560385591107744117930015017685220808124363035873411248627984431614
0.0000000000000000000000000000000000000000000000000000000000000000000000000000000000000000000000000000
0.0000052378435629160213181805453701042355912602732997348332298406188761684422861187613751080193366247
0.0014130893725699266084828097761864039426724226485512266295887628406037134495274385641257831647089381
0.9176513792069070998947104326710904946652818455319069051924692969557950260411545272767121906853309966
0.0000151758451066656066520235400523522907436173117155363437741501452856547221139048765823540607652741
0.9905991907300402125424538606377276560920260838376967117310488840493303391304180460238235463968378435
0.0000137981954421710211279736119634211037627061022463909165208295490952493226661097985462798819646462
0.0000000138355286055906061129988340557228500682757492652366357374782667846520798572409192130645949354
0.3127959514667103977511321948448263699275002061710875724294971146665456947969815019794590735935478205
0.0142455810188694397311891661184359819533545836133827308705258293674538333451829926394905876325233338
0.0000125737956279027633879904612683583378465425003553902585622657959972179652461710113841619645156199
0.9999995196193068500295820256448798646271571175652939893096689104055661431579368842146456367767827225
0.9999946672388548583806151774342445791674353513384429070713455730043159085373794867650647582189660528
0.9999813652242241450550060241127528048334212286205739023738002417055205580298161094445244436099677985
0.0000000000000000000000000000000000000000000000000000000000000000000000000000000000000000000000000000
0.6173378285836471006291226251893593870285210476464369258833566147537409653990202338649149655043135759
