100
0.56 0.38
0.10 1.00
0.77 0.75
0.37 0.13
0.29 0.30
0.09 0.24
0.06 0.04
0.84 0.28
0.30 0.99
0.67 0.75
0.31 0.76
0.98 0.55
0.49 0.99
0.44 0.08
0.97 0.96
0.28 0.04
0.85 0.37
0.12 0.43
0.83 0.75
0.32 0.83
0.83 0.27
1.00 0.42
0.11 0.43
0.20 0.91
0.53 0.42
0.09 0.75
0.69 0.11
0.67 0.87
0.36 0.43
0.16 0.01
0.12 0.03
0.93 0.58
0.75 0.61
0.90 0.86
0.97 0.75
0.54 0.87
0.24 0.67
0.84 0.67
0.61 0.21
0.01 0.98
0.55 0.16
0.51 0.65
0.83 0.88
0.25 0.66
0.33 0.99
0.22 0.09
0.30 0.30
0.02 0.00
0.03 0.92
0.15 0.89
0.52 0.17
0.91 0.94
0.28 0.34
0.17 0.61
0.51 0.06
0.01 0.23
0.11 0.03
0.68 0.03
0.65 0.07
0.59 0.42
0.45 0.16
0.42 0.78
0.48 0.88
0.89 0.27
0.11 0.53
0.86 0.66
0.16 0.26
0.40 1.00
0.72 0.71
0.38 0.68
0.21 0.97
0.13 0.92
0.38 0.70
0.10 0.15
0.08 0.78
0.04 0.87
0.23 0.49
0.97 0.82
0.85 0.73
0.79 0.51
0.26 0.97
0.07 0.75
0.16 0.42
0.70 0.40
0.86 1.00
0.18 0.57
0.87 0.98
0.85 0.75
0.05 0.32
0.59 0.37
0.40 0.78
0.52 0.94
0.71 0.75
0.58 0.77
0.32 0.71
0.71 0.26
0.78 0.38
0.90 0.58
0.60 1.00
0.18 0.16
