0.1404647559114416635034655742733474010575090960627175071971535923339856168302330848675715541202507437
0.9964358054641542512890510636017043344877678424744885618571741899717723591769183923147070202098838361
0.0000000000000000000000000000000000000000000000000000000000000000000000000000000000000000000000000000
0.0000001118961390792530396858712368349205576048298761296313382132404210202428791635382265489519137492
0.9996622887422551924344891322271799025524218607468301250566951777043172937016099788521474462473803828
0.2619748260706631340300695886135882362413718674102081126229648923043697177997741331283668335013990849
0.7457842669712708549473996617187801900378954841369991625313208699952884180690666911884948954486171382
0.0000004662719968744122777583041873059493055930832629672435794721376302784336387294477172719069650426
0.0032727045340618036315086096767176326782177585078714311841706281977547319183464740707599101056284867
1.0000000000000000000000000000000000000000000000000000000000000000000000000000000000000000000000000000
0.9899513101657551759354960563744798041182957927913611702373156864453899305016511570938883806531142457
0.9999984622572623039873990206459887892905090508634189259879013383359242139480272468061734502306336688
0.5844668536082641704857754173121179999492903038484136488059198957496917860128979982997902869493051506
0.9999999950370218161201084916486192397052889785476315724030577651012963260297715770575415012513130614
0.9999974742895314234600280018944105717238155438730900037458443769653734579627884700682160984050351697
0.0000000000000443775488790357381706109446351837682213889194813113684253563099759203505160227466890295
0.9742310136665485118507243350008655624111816041483407100613884990739902106867983460102795057107349439
1.0000000000000000000000000000000000000000000000000000000000000000000000000000000000000000000000000000
0.0000000000000000000000000345617450461036894883848242788851262262166858218287998840844512903320323104
0.9851667170013124850784620943048112417070586382348553887367905469981163129477953035740054890235905225
0.8086661521953035540924738661305340508448760934494091397114462081564162338784303585228260577340035205
0.9999999333864644812743269803270501022937136956446066482178182785611747983336535784014718222501969702
0.4496307741671549481327273461320285518116620756470810785663314028778087292380713859733062269177425987
0.9999999999999977571597942121485067587846382624630334059104954434466287546234710846446051592258921080
0.9999996044450197451144253354865090357575440369112129390836583905394140504284424263204626640799688175
0.0000000000000000000000000520786591415219435928124259555736729990001230475176406766651117319343502152
0.9990511081262061985387081303462603888603631818160149795935721887210759734475970614831744854076868264
0.0090610170300139899781392602166091574554676386704286918817959442349842162444401930124159210433027349
0.0000000000000000000000000000000000000000000000000000000000271247199197929829288105726852654233911384
0.5430291686646702890016627519448730815636572562325292698013915105881503114232665606091120758959688360
0.3598716913902738307145573293493548335010548750132318313390054946925385634907933608456854569493635148
0.1536994305724822258106946772403148306270942426296899832827355696483836239338157403362511828662806888
0.0000000000000001905357176222916953652041442788410913003433223578997748670527985727626693736627668392
0.9146775530406582863437314733438352553523044967054761256206903255467204851128973046458978715771348885
0.9999995114053945789052731973430002659309417256675697015854495552810237847726610380179645859899876106
0.9990022947273637428372964281065131776971648154784416935447151946813990442577119749475760155811142039
0.9999999909857097345890227401000029043059369910711714726606488294361608473607202508433884542275733579
0.9879134803276356471929434960147127524103036616340674427739916464692538045625134615987574116654128676
0.7029693409440113049100312191772385830585164336195895111749406566920824513989373869253530283329463988
0.0000000000000000000001159191311555531334083365984726053871432131568859751858635114604061352199005141
0.0003983078554729397693428816632051947463935633332416275278822929957498866095801482081230727387828500
0.0000002499043286659232698889395844368800477641523144659301381381204613305975447208585166675066327814
0.0000000000000000000000000000000000000000000000000000000000000000000000000000000000000000000000000000
0.0001039140626119586378428170379040217060284294074758577781063886875490623617935125515155673169556637
0.9999999999999999973714977610870650348640781883234546834901299873919253279695432383429390586907663781
0.9999998881038609207469603141287631650794423951701238703686617867595789797571208364617734510480862507
0.0000000014342289583948875069822415333965781955204895896001532526623050015806913519180179339969057845
0.0000000000000000000000011325829780257497218959172070635959501030228654007925852029191180815220522037
0.9999999700805713434752917187825237089453568464095564308839427010688885350685137508856764130740569815
1.0000000000000000000000000000000000000000000000000000000000000000000000000000000000000000000000000000
0.0356528702197973803545585606486885353594127162648425487020493852633806175608239895009655751043318978
0.0000000209847024968624578422576425663897956411105917600356080456480971612059079129213867135275856696
0.0000000000497461060121685325167900500656885355011400604500798158829918892709971251778008154593538979
0.0010800871278649973338187993365966117656960955597209407626535350431504824893533421035987595146249067
0.9997097884831558811015887265893419107814585865564577981888699010332352855614489321526828984831966926
0.0268304126408683573017415759988247858337710361725568123518096453371284969018558367851742885987387011
0.9999999941359254961815238549049334710334168891725968658419944967304700128325798108363266911039100448
0.9999999999999999999999999999999999975833029468622641294408229440953173369363378332097006445308909716
0.0016011754712461631510309495841161882815645967982260840759560493700890308270636418389125054633577959
0.9999497236531608607692035501535200137885032971673219577157177738333014117889544838369510510770252501
0.9999999999998656975707161422699562801212620526692337600391303362023216046260290285083990002312912032
0.9999999790152975031375421577423574336102043588894082399643919543519028387940920870786132864724143303
0.0000680637238984224471706964013641295723997173869984939670305695377122603848947163199634773626701880
0.2562367195765019764821786876886892180869235966379153400111834349152606930696596414539805441929910363
0.9068146689156256030946597151692891419231741931220385806530999163566316669106092712818362396030411521
0.0265431177450819331731903934241534956036434184260887697217272232014906089107609744233729072824158786
0.3666791651711165991696461194548410776578737514381237378387912423219080420840475798988258075887605947
0.9999999999999999999984281804323110613022926287335145996515895511237046342944967058892826692542962050
0.9845173744354992184015098242762461981664622549188903824698104473025824361562253824975588186190540639
0.9999999999528530150705172596731721819988605625416744807888534436153157606658195392757895774343550098
0.0000000000000000000000000000000000000000000000000000000000000000000000000000000000000000000000000000
0.0000011579783117480361910670570743617119513835240691443969051529415039745971203435293024812364258646
0.7847077918325022386950236054156493845995178539211952064017317529506349124123867046402129302678045328
0.9999997705666798692511708839254394068454249670998650281109397058443922215430545938498017623464814261
0.1913338478046964459075261338694659491551239065505908602885537918435837661215696414771739422659964794
0.9999999932883804724564156761497357915284119655695868307809786767538058486512365109345058490342923919
0.9998866178424515201713127114433573496458503007409151221721577682641638323900542150049157706176094808
0.0000000000000000000000000000000000000000000011464314479117701162994074463971687565696626404358096722
0.9946166532263731212964026066997206797845617681055105286073390661108162245932042666797459457805916933
0.0348905293177096514456816522553184752225740302377183563671787889471741633324845554644572219514497182
0.9998427405678697797499465853580613455083525386394403371517103125446301016913468354907808485853650914
0.9999999931344312384235537068206078468364185420687068558250235717738005852506781927974773463976311535
0.0013947673978243669019386208408715282759604076893519278437791356379865339848560347410369320512108107
0.9999999461948500995379625855254356318464626008880552840022673199153480738154270579398938955067156072
0.9999991790735630219269469674174963248470100997126325912152424222036481494594729981839129216205369957
0.9965203028475448415351127601469107113155242129005646900176883473610640707099781232339868424667090147
0.9995585538136036242953084886659386013541403297328231598544407340329894902810806231788399908373002348
0.9133268116674834464627320016705389785310066979875565914962600466265714821774049085187849971757452068
0.0004212977900101465684818599347051319670027625162642496472258875021001571352214260320091062643527852
0.0000000003958297099455627468675949396720865077378492774944417256640124569047086889055689764812513523
0.9996622887422551924344891322271799025524218607468301250566951777043172937016099788521474462473803828
0.9999999015323036553042718327206690416238174861590995542100955975102316675917286681200814268872769417
1.0000000000000000000000000000000000000000000000000000000000000000000000000000000000000000000000000000
0.9996031282745922365636305743612964348939703865122350738556460949284994536346547071077164782419538078
0.0723751940935177141762367718412783052657779950002427853604958608980747070641963415478980012358118213
0.3955722207734227313118320956731697498224537212287915728093870256517829805232630328865887780039077657
0.9999999999999998094642823777083046347958557211589086996566776421002251329472014272373306263372331607
0.9985570030341156854391830586256869548368061575694204208559578825087293078692453002948243717352277893
0.8614064048622331322047403308149931739563667757227772686255458699977383964551388798017294248336871964
0.0583797233897346356254015640141766935175958789727203575537598005310292071398771437548015232787454118
