100
0.24 0.33
0.17 0.04
0.00 0.12
0.32 0.79
0.43 0.15
0.13 0.17
0.16 0.12
0.25 0.70
0.19 0.42
1.00 0.68
0.37 0.18
0.72 0.29
0.47 0.45
0.52 0.07
0.74 0.32
0.05 0.64
0.94 0.84
0.73 0.00
0.04 0.85
0.51 0.31
0.85 0.79
0.70 0.22
0.75 0.76
0.62 0.03
0.90 0.50
0.24 0.99
0.47 0.20
0.12 0.29
0.01 0.98
0.59 0.58
0.70 0.73
0.96 0.98
0.01 0.56
0.09 0.04
0.59 0.16
0.75 0.47
0.72 0.21
0.93 0.80
0.56 0.51
0.20 0.96
0.56 0.84
0.24 0.70
0.54 1.00
0.54 0.85
0.78 0.07
0.79 0.32
0.17 0.70
0.04 0.83
0.80 0.31
0.27 0.00
0.64 0.79
0.58 0.96
0.43 0.94
0.56 0.82
0.11 0.01
0.04 0.12
0.95 0.53
0.88 0.01
0.22 0.48
0.92 0.64
0.67 0.07
0.96 0.58
0.13 0.44
0.04 0.06
0.44 0.32
0.47 0.65
0.32 0.35
0.68 0.01
0.21 0.08
0.88 0.32
0.70 1.00
0.22 0.65
0.97 0.95
0.59 0.15
0.15 0.21
0.59 0.11
0.82 0.50
0.03 0.97
0.96 0.84
0.44 0.61
0.37 0.10
0.65 0.15
0.67 0.89
0.98 0.67
0.69 0.25
0.56 0.31
0.67 0.36
0.05 0.02
0.23 0.53
0.35 0.88
0.85 0.57
0.42 0.05
0.91 0.00
0.88 0.62
0.84 0.92
0.77 0.79
0.99 0.44
0.39 0.15
0.91 0.85
0.17 0.29
