0.9999999999999999999999999999999995816888120882815630963075959754460817628055111292778366409632198200
0.0000000000000000000000000000001047533782277149878519626607843671742456882238680887448889888904849333
0.8401039849715915524746892683252669591365209703659977422051869541495377198041503077181200670885828823
0.0033818423979766842338510091200853813776378358649920305375111973160697495519783480534954958440871989
0.9944572165021452066331725028319842594658881699990726226521577110594193423460899579583119782551870855
0.9666925567874844471353588864884528495963496081832668374190305824390772391067001507252963630397609177
1.0000000000000000000000000000000000000000000000000000000000000000000000000000000000000000000000000000
0.0025241875076243731863567932311658057781920409479898460541316060847245813958568375096937286478926370
0.9999995867762871874034077252032789915518705431168699761654479708267768701812875462924209359535939318
0.0044812089803453340909061461511408419387964707016872268812575438040831594755919429901830635821095944
0.0113238308527904885512549334129059602512744979040497308513048059672746541199221205431423860827671116
0.0000686036720481773100744562718030640583212016073397967891353353040067931046714156376124349942227854
0.9577288284385038334313281338208010877146440057269612022909008695506959247267566944424588162231944056
0.0000000000190807750269434335585932514801677909582756259623107144907140736545356136758114340898655049
0.0000478411823157102252544907645521589187024871337720195525949458732600910016526581319213735855113434
0.8759077099511598573433992195214350763110660328356645215126213063284224871999977759534821615803694755
0.0000066738021973152833529532166136945218296883015622138529939686949043699551179029413824383938210584
0.3525361764588559805117542366317837628789824293222609842653263656009229034448709486039587500022383548
0.0000000000000000000000000000000000000000000000000000000000000000000000000000000000000000000000000000
0.0010569140075711076350660669184126218241310101763711972616616047535703862060677608619643777831376646
0.1771204669706458392294116459524348425688448999872426688655960837333653645677902670216361496849028618
0.9995870246713091443953393835781351099319071406663678088579827524574329285550439855650245131156618211
0.2215695025132058298282853774039230883150948573940168826751390048632333723240750648780562861976396250
0.9999996521524970486142824210370938630543536945730261135657762876389075590710819148102363568592274451
0.9999999998536607921374826303060103936826396835416433103497319321326160353655303848093269871137120354
0.9603504082407604510239027838794825692455768182086981285375501702466404346641164672092186151283853190
0.1587091719529813540021947318698112224775676144107587338129974466596454845000935678258147590806128545
0.2377100385013716915557542993035767764690734679531431110101187031654808675873713660864286113902617704
0.0026076247060010546332207663849642393960772043091298124975823875633626575581364035182256202811044813
0.0001540364350670536728445809621442658963805285046362102263885458818293012668220730810929106855404349
0.9999999999999999999691853545204091772218123960780848489682138241264510106500180004747670981135920778
0.0165901409011651964964057413022674883168058319259537860995068284681978776945252826075711104774199004
0.9999995300922699053645454240461386753979062741324499597578239201675565804381265317537740156076424002
0.1148786247650863175085032711685025458600658243045649583405621434088671692934523808844256543317883631
0.0307937703731740861203710525767608658132898425444553893914369400020569708088109873160330898995850340
0.9999999994038703540551841449229232850965631886062727344645040282183085755439159462936740352815012267
0.0060835716970347053834684826966361686042568828137954388941312628802903834727104528811005495406872063
0.2152922081674977613049763945843506154004821460788047935982682470493650875876132953597870697321954671
0.4378829738731874594690196387003581404852662910354558365637517683065392882356743364067560018335873360
0.9999984823305744357254455168058517601328819750160028839688663177601537008036277592117587545236917107
0.0000053327611451416193848225657554208325646486615570929286544269956840914626205132349352417810339471
0.9996472201005029555128178818037762638079015489739310026940577916821866100585652080315052500783360420
0.9999999999999986424356676049144794361569932386544441530591136423156388110093631005669855929615202691
0.0000002362674653256067635479191315307573629641252152146451170198424932493788033945359059169894697066
0.9635141885453619915617397112072590823668755767305539829792800975511176656822739652726042208483384008
0.6808687522670845401460030737425279887226545244696154922452999336206639264625025638504672602972516205
0.8608580991921096664602104534760921524432631952202809031779966046964339639007406791434310812918478434
0.0000324270808652084156767228929134507696151493335496986475080441086476323539365831050894943217868125
0.4576795589746578927217022337523805208333112602725022792982413210191756445501761326246739917798775993
0.0000000000000000000000000000000000000000000000000000000000000000000000000000000000000000000000000000
0.9955349171843997804297765968160729612546413390512963200531135542627217559879138558357451391399935867
1.0000000000000000000000000000000000000000000000000000000000000000000000000000000000000000000000000000
0.0344300389694850189421469552542012016372761177936547181937673581390663968507607314121132693526153163
0.9999999999991926885264817919598576706554601465546111485156881182189637375232511397176351246632894880
0.9939672737918909864825734356405754490585517236994300499133415199917354847776192967084940051002132324
0.7057050634935393201464751247801638665828009006232417768201582688554698684311308774417255220422909914
0.0000000000000000000000000000000000000000000000000000000000000000000000000000000000000000000000000000
0.2236138313674420643590708151458621619395483076548876669229789988807432332147819396551063761253442742
0.0000000000000012354479336832840691936595737775978768408711971019234667294035709944959779392614016734
0.0000000000000040506819170194377913028147543150168425082549330703146457219229790515417313917557831420
0.0000000000000000003174764225187988526012728754439036118671753029248221624692640273839425054245597735
0.9998250605953758718648469595499403946999571267869807837740828627070183365974586067238323425062150956
0.9999999999999999999999999999998952466217722850121480373392156328257543117761319112551110111095150666
0.0550598658734277519995632306703388836574749041222069728526499356828178805276318548976889881629097415
0.9999999999999999999999999999999999999883046958658475531913447178713983722340389713500808296054561182
0.1260066583580029211872170549434595709618501676294426095746843700780704117311548735346077283346975000
0.9999999982524177847405215894976805520741099471984282465081586200523959295635036459631148974902882972
0.0000124549001251687994178012438755631999600093688812347502683072994516840623337640212115169452709786
0.0000000000000000000000000000000000000000000000000000000000000000000000000000000000000000000000000000
0.3171867261785340656942658032264076368137980652516909088465664353672949250401925818900038932444974375
0.9955364435711114355466866254876711063768670640060282056244187472115442972887262302352396585678700680
0.0192435040411995615133771644779095425122488254429393166376640902483046101958826691891537259286714285
0.0000115824140434300700067684399179347049202015217937905074976265698092949125505935783601961418571906
0.9834098590988348035035942586977325116831941680740462139004931715318021223054747173924288895225800995
0.9999999999999999999999999999999611880124851421503009597612291871998155408348610732853621370037215555
0.0000002499043286659232698889395844368800477641523144659301381381204613305975447208585166675066327814
0.0014659835771568626779675578062724357098575496721162153935205057801835853755139347648293647081798875
0.2664712198091506855128458121557703015753505240795012019367810297516787799396216996631731725713007773
0.9999999994924160327140734172216047711067431654683694778987541391996190786313901447517494644670875651
0.7037359541164158954830942155371510323327890481218802517626199531917074177763704008375797791152408084
0.5426115127294211933721831665930764499195565733976923302453269508623214892553301551093066209992672980
0.9933817289501025499267570455940842052803394358064231329373567914491742099391351877049075867037011528
0.0000000000003154518675807041234776124868408231516712991027877445838799355844673221445564972476657941
0.0358301535104778530296115442924781316052326985544444976176168622437469446915912924760976031752809798
0.0000002895699179550645784707537592873219129073733734185136378504714816396639324850994539212453730110
0.0000000000031809898039282630880971609579290654241889832401944708880339969834450825768115073843441310
0.8961652805715682853490608223941020499039688608209750843629930838478812533617386731975532178466956534
0.2165728830187477145025198166253197013060814982178099798051308756743296309825727047045188096225702159
0.1008116622342810211817886492594826732244742051471071459715351222521073443377663502954829113653602058
0.9999999999999892884883433353143433815980409683712550489670821929473607296771865351068222115196552686
0.9999999999999999999999991217075317445154883356738819053398457609441365773194709694933608425276518511
0.9999999999999999999999999999712682518678164359415200149799828956721553433882324177510551521625456747
0.4156664765726137799965416698778651487863859709471358413002487522714897310751924794465332355470160910
0.8259485606033212653355845442822201495522996762070904338011256474794069102766248943155301327154009378
0.0000000000028645975896745493014118752377095566443502054444147713147432815983398242741682360889378275
0.9999997168761628798790455996465139925940653636318259096170683075701549613504659296739144978435535076
0.9999999691833820151198247247622022112301318334300735345683359107112821681821692900296641891815142387
0.9999999999999999967123637205677239144329618720967231022343953984328898974980876371045674138053759280
0.6113756797756359069199404743409201207901435893232727960874676067180175704695433227967642739509291963
0.9999999989131432674291084533418362649330931504638008561154859765135462988116561576027369113969184472
