100
0.99 0.14
0.11 0.97
0.17 0.11
0.45 0.70
0.89 0.71
0.84 0.70
0.83 0.00
0.43 0.69
0.82 0.38
0.59 0.81
0.48 0.69
0.10 0.39
0.40 0.25
0.14 0.72
0.37 0.73
0.96 0.92
0.54 0.89
0.88 0.90
0.39 1.00
0.26 0.54
0.09 0.14
0.48 0.19
0.73 0.79
0.61 0.17
0.47 0.03
0.96 0.89
0.32 0.41
0.26 0.32
0.56 0.80
0.58 0.87
0.83 0.08
0.21 0.39
0.98 0.71
0.34 0.45
0.23 0.39
0.48 0.04
0.19 0.40
0.95 0.97
0.15 0.16
0.70 0.27
0.22 0.62
0.51 0.21
0.68 0.05
0.31 0.77
0.86 0.73
0.72 0.68
0.06 0.03
0.63 0.92
0.50 0.51
0.00 0.49
0.53 0.29
0.99 0.00
0.37 0.54
0.85 0.23
0.71 0.48
0.23 0.19
0.00 0.29
0.56 0.63
0.26 0.92
0.06 0.69
0.22 0.94
0.96 0.76
0.97 0.11
0.41 0.56
0.97 0.06
0.86 0.92
0.33 0.01
0.21 0.59
0.07 1.00
0.69 0.73
0.37 0.16
0.50 0.69
0.06 0.35
0.79 0.61
0.84 0.01
0.30 0.76
0.13 0.36
0.72 0.77
0.41 0.02
0.47 0.42
0.56 0.55
0.41 0.20
0.48 0.98
0.57 0.73
0.46 0.88
0.37 0.93
0.30 0.20
0.82 0.87
0.45 0.57
0.51 0.01
0.95 0.15
0.90 0.05
0.52 0.54
0.82 0.75
0.21 0.82
0.34 0.03
0.34 0.02
0.74 0.05
0.82 0.80
0.65 0.13
