0.0041252917818069624861772343334456824515207670777711275816270247343225786920816578821005270989981190
0.9081836644165935858308967098987531272644851336645690731760790204779476093053145456492142514571426026
0.8571166066354861818914468248866835497938068290744819917217760206955865811540240368646600411942454052
0.9999999669895525464410171562285215274223875119833141455638486509951078308023074264822603123930259483
0.9999277464081725017388050716541241740355987270602319348984106136422525870959890427105771434424431639
0.0000000000000000000000000000000000000000000000000000000000000000000000000000000000000000000000000000
0.0000000011332604832693049228698442890914794106509249116452108755486215089216630395317414572626467081
0.0041561426559969446146143589752194533133591983826745136146879953226191295525755850391515273972436045
0.9999999990679255732581256495484911726194280475828837500758765310976179781735484416114293325290830044
0.9653068680814175784449395270107420812510206562244353230083329667708365013909934193980576949315788391
0.9999999999999999999482862995945930818696608310264268759863550945336410292628067324724677702387704634
0.6088304809453235975777110881596362863193312354851022947055196523966479881413322869829059379036257615
0.1160062408253596660306346956768582518053605237315041976965013572372294539129061981399534064788185437
0.0000000319450848540081259152308580911291376890718627783889042797796679590532007694807655631124996120
0.9626806051489052183152285871156781711099469886592161482352051731936917302167333141213139361782449026
0.9999980919378970331317016879499165654734523939130567833084339664066156214488701168565029406676867370
0.6896801952992722206217038203623610561551292183539807288242106506465166749824434712601530028819185013
0.0000066799226288328739373963744483909927425900290730089243931344210349954347058719589731155904739586
0.3751793918931824113240778264860609328890416618575397712745961389247706938392572417735520018929947813
0.0000000000000000000008582090089089622600565059450291968294768113180558125667293885347981073923087170
0.3886243202243640930800595256590798792098564106767272039125323932819824295304566772032357260490708036
0.9999999841272026369198941317630893481003168679163857150626254219616031132240667074944275017494308234
0.0000000000000000000072079508926353686472870882311431866265926587558516677559043572347122183105346591
0.9999999999999990608866619624200446289540116985130665646895972182514492877074216028813514029872683393
0.9999849095255720082747291308396534434039415545552206212340994538541190402285971665037911138705525154
0.9999993386329015735106284744809233815812040186330697414235604707466221309942799972629750634722924457
0.0405264392044895871924630344222890783357981324459369812075083512194217927215025264873259946608553685
0.1008116622342810211817886492594826732244742051471071459715351222521073443377663502954829113653602058
0.0000000000000012354479336832840691936595737775978768408711971019234667294035709944959779392614016734
0.9999999999997001934949215861016211518335896134258867909364094071870526112995903148638620798649281817
0.0000000202993556352995564310766235132514965399890492122570471507130355010085515045533931013356177671
0.9999201558957570048395769858432576996123528148901263529470469868553728704909953399611670187664798580
0.9912325381302156792284247522565730440447626196238062126009306571752937113672650737111668718293671188
0.9999999999976654022626257324952888867933754192102407461692201882691124802121685916846976547171084836
0.0000000017067850983376622679157012846754646777170213747168667482362809198746550578973720102158074056
0.0000000004466894950021129622192924999169892608093856531558280299311795398590051228830502973057746315
0.9995901475587136153672255636696671965472128907581229157586410634314764162292329597902438367709744880
0.5621170261268125405309803612996418595147337089645441634362482316934607117643256635932439981664126639
0.0000000000319070185361546890741529156446919334413126937312629691444216917017125277856751059289957486
0.9999999470125968025430792593554510970300090047725684296939093519562582833712797000865836439276896770
0.0000013462141213494252749303846449655686587783826403265489189190474184644804917027071954506353860156
0.7367960581067567919239178693923239982724518590659337920964532015262497401782035874413179871194740413
0.9810637361146990052969695086851235124896717476366865380040769700776848796536805793603966134899873698
0.8961652805715682853490608223941020499039688608209750843629930838478812533617386731975532178466956534
0.9999999818243783853732291913053637251726177323431341606478594414711901933700372646007387584456155108
0.1000278660975688994236609757571230618172989458855406027602304762791609648707159978133417736965450955
0.9999999999999999996856373732500584557290056102818359646743266423756455819763593430933284062955499241
0.0000000000000000539661949915221689915588094715582258408838230776352688374019322146434225986153749083
0.0002810103964699417197313731705962922999219035972806995950794958420799753302078396988612398862861515
0.1084601095383496337315068104211076232600969122706493935167843647100973875101709948098640421643732050
0.9999996462533530017188826324203552212504780087440195838658151091046474167544474301714521775663955543
0.9996100907435160749510010561935851319396117056456052842583213987932769059708911115696621409910390398
0.0000001658352746129217636387496780042081625024820772311790547262046637806984161610815754820278146536
0.9916724112475184301603527630091028161659703136522961090821672643614480232795932126031023708339873700
0.0000000005167777442730054307464044102097353119982317235852874883842980874043553865833195974522631284
0.9980855603487581431896871072972178410601779837838676321776202286728072273290775142173091064401056865
0.0000148418385993946543950366533552536464583611502350486588076219116108544874500089147542187438841125
0.9999999805638133873157031680292158812514967232895918528372044059005071348184777101247956973794120568
0.0000000066480486117900375976207703238398172274339784603880442760502204451895530173691735572793457372
0.9999986278016931234842824235695444265980809153558721960901473536651324216142157519601530400101204279
0.0000000096194838352994587335759622035057209637852165533259522493108614740724066176944132431983027548
0.2516210399292149802427124340013330047792706186909184643192525743433074805964613203331369440907826775
0.8307379585479745496134907471469059658679712549745207381305744651515488323531939389937412575275382964
0.9822333522313006736428816790111057670507436672243120405289311278484862476891643103437817141331122542
0.5842386688496204208381262512546416844375232032170920970949862313630079580280330128515103874898680077
0.9999999999977911476587547509434988348756098171614580343810399150913313352430618082603200807280695570
0.0000000000000000000000000000000000000000000000025791379343671142599780118998566142163587306581476877
0.0000000001368565382862489285144805642104794683706698586125428764078893485872578539045961480778298287
0.0000000000441213229821859745555086682988490726548676180082978455528371883642154129073208245116713836
0.9996472201005029555128178818037762638079015489739310026940577916821866100585652080315052500783360420
0.1434166363793739918103328988859797305868758654339680559892195474253731143821887862575323692930418934
0.9978142373903465345388864997456386435011792921160067372021414250592944696120317930421769782449407977
0.0299820545834221779092502445708384203580414892964365761137184079804462374937839983006890598767446048
0.0960188329911145963692322320632408057181858368996824520200222798557946406253088010354476942170234791
0.9999999234973277404448168271573404963183720277589234510694156871684369558157809943576481127513626984
0.9999999999986609216720596655873354328162663046952328015905309670055206731862591904182470595751730087
0.1220845597146464216986899266445294268906469055641730498431742322061108092289627811017464164584049607
0.1260066583580029211872170549434595709618501676294426095746843700780704117311548735346077283346975000
0.9999999999023028453962459270976333632581108796717128814049652024588375116325079796582449224770145951
0.0853224469593417136562685266561647446476955032945238743793096744532795148871026953541021284228651114
1.0000000000000000000000000000000000000000000000000000000000000000000000000000000000000000000000000000
0.9999999999999999999979364301647417729800767246689820642807056201331976455216652108319776916232618416
0.0029146636532013658561390143091463095926729222436990355681324619968516723185213520817413510953778967
0.0000000000000622581967120900539428177331707014999114780991612510756803236789051939392094742741961663
0.0000000000000000000000265867184924627684715486587335169585708249789511759548959381256293202616423863
0.9999627625792409493417622564818057421169893933686253527203810564491505940464885081373250084421751674
0.3353295983148540078705111019724517347956559770803470722390573181607161652045879564010964020780701255
0.0009693005740234821655223113775709364532297512331424529499713939224598860046886710317527406601946833
0.9999999999999999999998840808688444468665916634015273946128567868431140248141364885395938647800994858
0.9999963903682760975322842513241879414608116126736067198938696977303399754367259146947354156229523886
0.0000000000000000000000803796191379171623282730411184211284832577474308253837460521162741001958594285
0.0000050701762629164315083380633821437461662003396449804853790184858300787335938417176925042670966438
0.9996628350598720359974762946941997347042652003542992501429428588373489961650696558040497704061178232
0.0000000000000005349110683069900023539090983228073823372725240021137793625674408288207215801588978055
0.0000024955090957043874413737720862965121774151161421969911270782554232529646199634282395510226657764
0.0000000000103011632350019818168635609682080697779620988252230589568830687625618253236791731138655530
0.0000052378435629160213181805453701042355912602732997348332298406188761684422861187613751080193366247
0.0099608471265884426535506689980141349038985296937827110609467625504926919514441087084781370599200817
0.0505510758625302328971884979065130887052672487338243378050091043989191316001597339026357019893826350
0.0000000000013595518833694978775879021890306255667482475097254868092543479380524539770008210141462240
