0.3441992303685742854215505853577490949970677815837169140172828340707052326882076296921275596084428780
0.1979776601164085579367018017589906743142392051196970014153455745585237568449116140702498655460483654
0.9999878454545197678382659952680523277762566160181591131853691825410162413841520384298597473943770559
0.9999999999999999999121241061707161411001032122743665967927284664296633025751864685279377649693353864
0.0000090945791821795011027128122119030722663105709686712503002035560844565747004583173014942693953899
0.9999999999935071204806409005572320476026539149253957074590140635891563270425157797319859160980111254
0.0000000000000000000000000000000000000000000006219130792955151574227232416293373755217226151540891318
0.9999847117963452068668568644870900885582468124306294700834844413329736091359674568344918230941673225
0.8576201059813294750301595382898735092520031332818214822976204747908226514944000000000000000000000000
0.9999816010417305827568823023694683775169523372201027229337574843439196710585221211925753563315486368
0.0157502607083893757788129671235032124601495756945318952359254211975745334504616385734305559214631752
1.0000000000000000000000000000000000000000000000000000000000000000000000000000000000000000000000000000
0.9999999999893261646007645508689485665564597110925506608123316751295997519693150269763616585058615435
0.0000000000000000004918671125658777820280838445811861241724733704653314905034135278399617677801401421
0.9999992676802373014387488072305367998695418385733329865179971808858729741853207238268679497435460200
0.0000473491552910378599231213906989651357559512440205081062800410757455020195706270388034486240003601
0.0000000000000000000038051474657879925124785927715890476867088116133090150082554023477963322879378331
0.0000000000000000000000000000000000000000000000000000000000000000000000000000000000000000000000000000
0.9999742367214833737715803865040011543316904873294808749407431473912741831179402917241631024755107379
0.7037359541164158954830942155371510323327890481218802517626199531917074177763704008375797791152408084
0.8801137152398013563491721731417465733711352293476013334566167687987749097967084926984053850406456781
0.9999999995533105049978870377807075000830107391906143468441719700688204601409948771169497026942253684
0.0643944613827502876918922372999227719210708272539920931800944369564604771596908674680308733537387681
0.0000000000000000000000000000000000000000000000000000000000000000000000000000000000000000000000000000
0.0000000089586871848455239529801675827775048341847385002208787207473868698691196839968811618260666603
0.9866420925317450867937492743774669659133116375653906143302439307622093470352528805008145228154904082
0.0000000045633453480917882100812701370885285256379209694075513756828157846301691551200112953858526952
0.9999999999999999976493136122773969475064450794093397697946362280878443181298826800741840981991283251
0.9999973456350074036270739351063009354268407230830352720627849360023942057943401089284238968032912197
0.0120150044089410270464637042969653061003710087584638518437024368950479101030286052744756147260053006
0.0000000053042559568281908865892399980169375568107644638576867532615851108504373797895818254503001345
0.9999998722617296583955108033909405159986361287262261155567464745681870490884063611541399776060916098
0.0000000001892854517431499671622322798595380952179901955166997595367169215813288889327081951015612299
0.0000000000000000000000000000000000000000000000000000000000000000000000000000000000000000000000000000
0.2083756462611332547104745868946241178120809644396036071436436064547974504250700734717667827782299175
0.0085267882569734232638188755046908260153840828930895559250254247841039505043300377356731021235838296
0.1008116622342810211817886492594826732244742051471071459715351222521073443377663502954829113653602058
0.0000174154801182984631161626717986221889094195140847028251728739391844218451968185788133399334535943
0.9999999999999999999991417909910910377399434940549708031705231886819441874332706114652018926076912829
0.0000000001124824206584358050672164194257166151687107814797152065266690708241417080125716969490798420
0.9949979482151196756737149492549275876233421608328000105010238827527438421081896072649686951997613467
0.5870206615522392017181288827943260560798969177412033302270423367579799289532295268148379533229184470
0.9999999999999995489871512720025240925903680376873268005255146731687622724098163140956251430892049471
0.9971077167908386499446996789991575920057596117089688260802350623135872798067418388049398799746145815
0.0054045979388260601819800983922150259647735681507400824196119248748823903907550629684782365668336633
0.0000000073952554266989982805028755093501599157097200657803029475935541836975504569163780947947665483
0.0050717836186584347425391185773372888215447563665897069210585557421128519993125687183524519830277538
0.0432874564893105199063736995285783874828254699036927081220315047391802483360379446302445394843001371
0.9995609138628414042671027220179537122701021548152896195590117224357276747104153498618647510760665950
0.0050444997790521760355778059563719895194132671926750194987612355185366707223192959888728453593465913
0.9999989049544037026521294334472345129548341908609785643723907062755467509674423822495885762960199232
0.3340981170141429494235366154379048575866783963375499404339541264737858099628070986400749630924237873
0.0960188329911145963692322320632408057181858368996824520200222798557946406253088010354476942170234791
0.0000562859247464176490042784044991227348301644519116153517754268679689021184231939858621727411895899
0.4008348812646447562911813911130406148304031996547674153894371721342543528168695714479973900320922285
0.0000000023446043464406664947706428796860060769038752193736726000003082716368681531210538121231607727
0.0000066799226288328739373963744483909927425900290730089243931344210349954347058719589731155904739586
0.9999999999999999997887064536025921127617066519175159486992621379877202099104308413839638464163330826
0.0000743473721507483237830434730369747315271947310506512123526019695377522718135964075178789746130510
0.9977702904145143215332484555843741987392373819080709430663416774818305280997044576959069148015659199
0.0009524831423372671264221015591688349401504834314552710404264846158874430733195751930262587484838902
0.9451062179808831462280858509536401765560803714927458020150914248062220366702730907858212256782780161
0.0026560446570899082374704473768537346527098769014413593361317790849014718127631863107862180162033031
0.0723751940935177141762367718412783052657779950002427853604958608980747070641963415478980012358118213
0.9999999872103275168649062107384312291287263078615255609461335473156090570068238041127793391144073194
0.9999999998989094474116798863608680292185919498990189193576908826649839329311418350121319363376914757
0.0000000000000000000000007850592506315918054072853611825606828413072714275203039522395039969380195875
0.9999999057232554065652715549778997817810603950225468304772051201593820892673170099793898118539944047
0.0000000005129992812155584880972024246571956880373161683356888619629665260541268621162224823681649276
0.0241378266502497527729022808689446200843555721325394942829465585946967517857001059313170502318304492
0.0001293473652259175185830273749239795348743203861560710604754080638500299488063442289281874563644034
0.2064581637154662287340913634498580658697818030744240976303853572154779599049347261070856105480568811
0.9999497236531608607692035501535200137885032971673219577157177738333014117889544838369510510770252501
0.9999999017192311106325101515162997692880416217749759835345109994174146327289150851372219565506105621
0.9999996787194315817261705830970929389263538490975583223063906561285788154740817056968613096925224935
0.9982992155431275839993062282262523606893793192463678167264806607852612365413840435126412683472386264
0.9999999999996945840832246149348143552698663886711573054061122076717220238308870437334483551609191367
0.0162155269933913050340543523335455143868654906572664014536481030716707062895083983929311230660595614
0.9999999931344312384235537068206078468364185420687068558250235717738005852506781927974773463976311535
0.9999999999999999954454473662832198082264637159750832593015282557727857775228895413576349608397872089
0.9996891890701343820900009827236562039412722360446298328972920083737704230914134750070982160421627518
0.0000014781473683612309660276751968276782024877950919353330017159826140595386081068254684077084993326
0.0649704446482043924214776480154825772058739265440768303494607815985242665341377203410949432012138995
0.9928560230869286407360080810395907083576023651657770296217066820058754656491653260771810989748778620
0.9817587540178493604241493814182715451243464011704000865291105263939979587558485851901591459975563089
0.8892727319813549825982742725403682273935762610122712007335614044421325541720293565663181347323872437
0.9990641000096862793599904374866447011324288991480030512111423430082439273638808066980858855598071088
0.9999768511154007531332850788004339710239424038409213726625278359112427783081193346265824662028124272
1.0000000000000000000000000000000000000000000000000000000000000000000000000000000000000000000000000000
0.7646165744547564151057199431179413514311453909783286803257273646003247944765682564343970634965889944
0.0000000000000000000000000000000004092799809856054643607582391758658426388072113412146326347304387999
0.0000000886942970084687282345721866172356922641003122090362731854866024644355023575470699552226159802
0.9999999999999977600284818769352997105274370659301306039658731484992030346579197118058476344798352587
0.9603504082407604510239027838794825692455768182086981285375501702466404346641164672092186151283853190
0.9999999706580824163807702498230887142047768223740601140747784104508170192237546204272481337795478379
0.9910513193402198633190500115081099822487046537528388692747738380945067001460469008582544282244815890
0.9965746613386314630915686089180524717893886413541087459149246145735997504200291968423965304058523143
0.0000000000000002231448891904155478058835487614007240672208517941783656166620181529012116215175124707
1.0000000000000000000000000000000000000000000000000000000000000000000000000000000000000000000000000000
0.0006685279298934241158325503822103634378252096506787237022640544151504955874720376778318956389204557
