100
0.09 0.11
0.69 0.76
0.51 0.15
0.69 0.02
0.12 0.47
0.87 0.28
0.06 0.99
0.86 0.51
0.50 0.40
0.64 0.26
0.46 0.66
1.00 0.46
0.47 0.02
0.12 0.86
0.77 0.33
0.21 0.56
0.11 0.88
0.00 0.69
0.61 0.24
0.47 0.42
0.51 0.40
0.81 0.26
0.52 0.66
0.00 0.51
0.49 0.93
0.32 0.15
0.27 0.79
0.72 0.04
0.72 0.30
0.25 0.45
0.12 0.61
0.94 0.56
0.06 0.55
0.00 0.54
0.83 0.88
0.07 0.21
0.45 0.57
0.37 0.75
0.98 0.27
0.08 0.60
0.83 0.62
0.63 0.61
0.92 0.25
0.94 0.78
0.15 0.35
0.38 0.87
0.25 0.48
0.47 0.63
0.97 0.81
0.34 0.58
0.90 0.52
0.90 0.92
0.18 0.28
0.01 0.14
0.74 0.76
0.16 0.68
0.25 0.65
0.83 0.09
0.63 0.91
0.78 0.53
0.17 0.43
0.60 0.45
0.03 0.15
0.08 0.16
0.64 0.15
0.77 0.20
0.19 0.97
0.62 0.16
0.24 0.79
0.52 0.70
0.33 0.67
0.66 0.73
0.36 0.08
0.56 0.12
0.37 0.04
0.81 0.56
0.66 0.07
0.66 0.83
0.65 0.15
0.82 0.10
0.89 0.63
0.31 0.74
0.69 0.81
0.79 0.58
0.71 0.52
0.78 0.68
0.67 0.38
0.84 0.49
1.00 0.97
0.14 0.10
0.02 0.89
0.34 0.81
0.53 0.01
0.96 0.89
0.84 0.36
0.67 0.45
0.88 0.68
0.02 0.61
0.65 0.00
0.65 0.89
