0.8663001906970332957893387950689296821277010211646442133290173650421085252329276727386053510260070172
0.9996073110379541296456451453666679483586598899666641235719042095283273050504528463785373669659857341
0.9595098278809842074003236333181078032659337351439527847771412928546668692667262398130514510516218535
0.0000000000565582023770273668968960055793989946946209840502001739406754088246188026517429407606151804
0.9999999999770268584341825965372850178807631939238058121398990777676830832632380223049068644353540155
0.9999999999999852012241397885308603594596051976378950217442183527074187829757829548522121308173014588
0.9549310072807144397248408035887533211066684538212218132656572512663995681567374450379338074537027444
0.0548362176389406764549085632713513782489914366683872749987059049444560364786183020002591020007154984
0.9999997678198932723343378518120211853524741189026817384670483342860076251550547858006160498678584839
0.9876546127977623843387193865272298577764101759785752498492580695065562302226241835632868202245916255
0.3193784877971124087652906554271807358316701458021972497488724860931464669901685679160108341278674614
0.9875508352486285339896247095294085864666076696041440179399603742570359267482160619256547020202900255
0.9997737528029391215845662685938997036738517485339801658622238480598613238732841523714429911195058053
0.9999999999999999999999999999993195485660104862224585773017481779915997281719572560713882925451360452
0.0005114352427008360072312226857226720236208461814454846603916877086644044430547951232216290710419730
0.0000035448071610994055396212301401445051621662813641444540727362267779345037114570050373858926512220
0.0000000000000001376721001332137823222061494999068360084234264107151852357581594167919549615009332260
0.0000007323197626985612511927694632001304581614266670134820028191141270258146792761731320502564539799
0.9858561890272269204918733548702598093724813568604444707099470429907905800804897180331920227852460826
0.9999957143340227212295403001126364843829350259127509478630466728590230415368396427605197210155766212
0.0031501055258717330026400410640738308682437059920295196498597235950223544259300865170503059677435337
0.9971077167908386499446996789991575920057596117089688260802350623135872798067418388049398799746145815
0.5000000000000000000000000000000000000000000000000000000000000000000000000000000000000000000000000000
0.0000000000120068568606250729564011592515001858937512168532096382946049445376074444034314125775072886
0.9931869695799200225070896832501630721383104774037026609186176904086209054705759548518721688204229806
0.8477190780607442575449463844880197646850147979798340282727482988214795805609606693904771042250912032
0.9999947621564370839786818194546298957644087397267002651667701593811238315577138812386248919806633752
0.9981215858375507047138605597004816797877350631415301277185899455253202488847936992956189811141017457
0.0035917307137286467529341279280285507386004117502477830993162714142446510411428526888641106587907576
0.9999999999999999999482862995945930818696608310264268759863550945336410292628067324724677702387704634
0.0000000002685072489638160599411925731478078856867357554308812643977544882607049019367632025711051462
0.9999058335390373653300245730245193488696994054561068313794113992195069897288772876978184863797820929
0.3469692127352635106380105756300256023913194237623800069161441216820986485270845600472687811032097479
1.0000000000000000000000000000000000000000000000000000000000000000000000000000000000000000000000000000
0.9999999999999995930325324494390468844224221627937532763870738510067479455467049389346304283804893580
0.0917343460075231667070454766501785471902443048568586895585235399533219307819340490158624704677941684
0.0003496582281142232027342159275791112191362764729881870006461801764512180606684041520813680731705651
0.0076574008931080978737392121742977761639780043416235699874617515714658286189420855785667030501188799
0.0000137981954421710211279736119634211037627061022463909165208295490952493226661097985462798819646462
0.5000000000000000000000000000000000000000000000000000000000000000000000000000000000000000000000000000
0.8362877785419013160745790359132904554163394596282608497977178699162074146165360782096162771750224834
0.0005963524386577957704623759805326871993127485493001722496229771617135055162976308201652371641530754
0.8696293866268388303542123181611565051515229039575663198320708296421439392225741783892753943250627567
0.0000015377427376960126009793540112107094909491365810740120986616640757860519727531938265497693663311
0.0000000000000000097076558714376332728642741635883339776048353136782365218547535951631834561113326190
0.0000000000736033025036120145236259064454332288839313126637238235509353560471933571939688809257955847
0.9999999999999997768551108095844521941164512385992759327791482058216343833379818470987883784824875292
0.9999999999893261646007645508689485665564597110925506608123316751295997519693150269763616585058615435
0.9998204215601450070972422365717600778355924238623317565271145037678507587736156900344028279093310908
0.0000000000023345977373742675047111132066245807897592538307798117308875197878314083153023452828915163
0.0000000000000049345263187949774844680150308231161753689285211374894532576752782922503573193989079853
0.0000000000000000054165033002515558339449933681400770900381226175955773646122150462917489504499234025
0.0318558879366463137336157862160369322657492431697855118087239995760334195700013671055795509431684470
0.7831234637217383164028413726571302761835758763224604223517926008829153400086005103594469283638320794
0.2330722341809298240591020023099915737506052648842869096369134120005586280823232281620387233936164040
0.4576218163559197106632924134503287413309643843011913191502600091723824444504988596966117551908268829
0.0000000000000099509606512415988605201784687366706443598306761522158156918272687240707126378592667642
0.0000000011057663900095333227051191238444636137195151440549030752171224539416064208444766280691086781
0.6690840676172935731914490240732905692376706638705158286423249551836119112706932896174166316929169961
0.9974758124923756268136432067688341942218079590520101539458683939152754186041431624903062713521073629
0.9999999999999999999975405439733354536918937280231988961729849848966997838273214506438230961893693975
0.0000000000000107115116566646856566184019590316287449510329178070526392703228134648931777884803447313
0.7935418362845337712659086365501419341302181969255759023696146427845220400950652738929143894519431188
0.9962651463756130658940828901434911013959502463515721165577752160271569880217741400637993748653361300
0.2962640458835841045169057844628489676672109518781197482373800468082925822236295991624202208847591915
0.0000000000000000000000000000000000347499998414929558287296599201541805499925005068857468629913728936
0.9530342886010933038883730517619484683763467189058019152850855125164526183335037615476287877922687679
0.0000446670882264885001910576999509653040225400309911644451199742636638720797963742383945775021111383
0.9999983116902160472824824968226726882761432035143487033098381085295423450869290232255069725079615774
0.0000707500196324540474928823314211033530536850680485925440406429266470520444098414750972986084625402
0.0000000000028846712300115969400027850926384300608643232805291564821642564025757632424457496547653263
0.5841630126046921000235743452406319343963099789391599618015121322175563008576761445833596911106046495
0.0000000037855244691185163428518333360606245693849826241361264866321723275350234427246982494109692200
0.9620837851307565712336195529697639513297071133026536229035406640258076906592422617290583298554145066
0.7916243537388667452895254131053758821879190355603963928563563935452025495749299265282332172217700824
0.9448571203896967952013645755765299274644675402395370142459398688290917118405232825071250327422279728
0.9999999999999900490393487584011394798215312633293556401693238477841843081727312759292873621407332357
0.9999999999999999944488946739276935704033187216315401668442844330199475793118254431669333253043215704
0.9999999997652383769033403629982844281782375601641446756841928052646162303159180162377583528823786778
0.0008303940302917402982228577238934324297207789825211631221119752644377048372656350077656415979149273
0.0000000000875222963538893359818318625754090115143274697741494657651345990713546724343168719294692084
0.0772224531250506170207072722132011095149567808821646274113803980435436360216310959839676393040480565
0.9999999838883449696125298339340467503660788640335219134544829020695915178247313217381940135370883348
0.9999546989348141216303523127679661797048428773068762303934492136218842816630444817312719915425225418
0.4468110576578165042954805461366383098875931562739449363683115776168815299088424954585910818840890655
0.0000000000000000000000000000000000243119780233703742377340865093016627166820096928053281028828563465
0.9999992188397826937507275635561381266623714207307174149375001275387970862302263258569821254572378568
0.0000000000000000000000000000000000000000000000025791379343671142599780118998566142163587306581476877
0.0000000000000000000000000000081332986120966575263886058974844650090304777680320636842001333519652329
0.0000755536636032485902336797072158064428152284011523261472611291450736774502244963140166228777993612
0.9835833664572972625950211156434567258684035111931002231519467452244510801543481555755416793775947011
0.9999991304140034957549990150817557992872794215816846764151769655728742121910965535266214728691847997
0.9999999999999999999999999999997768259619307767863393779313778881359950104027743286793409243285842909
0.0020321418941563740869747588097114697969654366189055247147134208056787674697776621290699379549765006
0.9998766562748139883512939946338529127416497787438476600404543007536185083437871387669091261521849222
0.8926093622930418763632550753078305172115917152943914854406565110381213571297290488952542469818646793
0.0844095989144608727550745797356988776692801268303740326194460941424402197480127405269894148195990011
0.9996016921445270602306571183367948052536064366667583724721177070042501133904198517918769272612171499
0.0000000000014848655467575466107263556097357031054618907231298608020237941930427061764708345180536008
0.0128944047821772663822045870895604141360272840956911976911418001699361538389885155127525457098856891
