100
0.84 0.76
0.94 0.73
0.68 0.52
0.39 0.92
0.53 0.04
0.56 0.02
0.73 0.58
0.16 0.28
0.87 0.44
0.57 0.36
0.83 0.86
0.58 0.37
0.26 0.05
0.90 0.04
0.21 0.50
0.36 0.77
0.16 0.86
0.33 0.77
0.29 0.13
0.60 0.20
0.47 0.72
0.22 0.06
0.24 0.24
0.09 0.65
0.57 0.34
0.95 0.91
0.82 0.43
0.45 0.20
0.73 0.91
0.84 0.09
0.11 0.64
0.95 0.72
0.76 0.79
1.00 0.35
0.87 0.18
0.17 0.27
0.65 0.90
0.57 0.78
0.40 0.78
0.02 0.02
0.92 0.87
0.19 0.47
0.11 0.06
0.28 0.71
0.05 0.73
0.05 0.54
0.98 0.39
0.98 0.53
0.78 0.46
0.23 0.84
0.01 0.52
0.35 0.98
0.19 0.34
0.39 0.32
0.06 0.09
0.47 0.48
0.30 0.93
0.53 0.96
0.41 0.37
0.69 0.43
0.86 0.09
0.01 0.51
0.73 0.66
0.75 0.51
0.53 0.58
0.13 0.99
0.19 0.09
0.13 0.45
0.94 0.61
0.04 0.26
0.06 0.61
0.51 0.49
0.19 0.71
0.71 0.55
0.88 0.83
0.58 0.43
0.70 0.07
0.60 0.01
0.79 0.23
0.69 0.91
0.04 0.51
0.76 0.86
0.54 0.09
0.85 0.52
0.78 0.79
0.02 0.90
0.68 0.24
0.05 0.99
0.04 0.89
0.81 0.98
0.74 0.55
0.86 0.45
0.93 0.06
0.15 0.38
0.98 0.82
0.79 0.69
0.20 0.31
0.44 0.16
0.36 0.93
0.05 0.16
