0.6173378285836471006291226251893593870285210476464369258833566147537409653990202338649149655043135759
0.9979447522788784392794147087478227739777603370765758234469094369524494670638360529114719459807603891
0.0055435051555183990127606039483762027003496497088244644771483714393440313293482497137251090000895385
0.9738270943022739861726534166715859277349982602330748235325223705225554788380029697126457819493086470
0.9616399296181448746386325274820868037614663157818100113723309404669138944387125623324409352566482026
0.7935418362845337712659086365501419341302181969255759023696146427845220400950652738929143894519431188
0.0391299036030678547999415867654328361742890120525740237644105559255852644705349401194786210552869145
0.9999970517087160974402110493623548421736888307722413935343024588858552640428307186834514478257886682
0.9999999999999999999999734132815075372315284513412664830414291750210488240451040618743706797383576136
0.0004441329930043316436796226332183893419066416382084865148339750957112140263457098449993873262856730
0.9999246350280625047320241622921743956446212943608434220782565967594178995518765252391863866802615121
0.9878459634129218185199408444514223098829824231606873999855816978927645747838958029599743933453458772
0.0023333768381092170212956548511675684258740469144111933710352605493798410316826865888568636553255449
0.7719395853215002788616537449381201627109875998884288926220935088595356707537059021288107315276870678
0.0028922832091613500553003210008424079942403882910311739197649376864127201932581611950601200253854184
0.9999999996820001259708272180977301362440798034056998310938205339602599198078749395026195710949109995
0.9999999017192311106325101515162997692880416217749759835345109994174146327289150851372219565506105621
0.9423381112685613758114286246664892433269157170712458277571623365832165171295239571838371663497605648
0.7824869529579733089296866936208827222254495609850589907623147587562563217231731817024584950253110263
0.8228545548770286117605932475645240894843761337906992765312329826454995587546914403830126835049910180
0.0000057242407239904189167883505791964868868916686141609448975494881131608486020174807613767447445772
0.0000000048325515171955166359907062346137942291005701909061241878180744316787291507804042399874684973
0.9999999999999999999999999999993864422176172453102868022474335562602637480966615647426922969551573536
0.9999553329117735114998089423000490346959774599690088355548800257363361279202036257616054224978888616
0.0000000000026173448599956941378357575164811715085613695119356749807620084835834556439452101938275776
0.9999972703838000228969979792270658457546499255917513892528559257559935031269089695103990854571225551
0.9999972703838000228969979792270658457546499255917513892528559257559935031269089695103990854571225551
0.7868828542932476404264082114584398837278285215628174614820545272012170396404596583402397607498945891
0.7800329728142929637912227209206513393227076741153264166532539893491057908608711559882304227159097444
0.0000001653676433065861268231587477680924141846780783344117236065310370723911465578110206288193279595
0.9999999505723909424321493317715545719676807990555346917186182972523161187036840967190876602817952306
0.9999709257911241341703193734683453533401519001123105304944782510076478518755889785748267500054483376
0.9999894246200768888889957073833569241006327742082113323317100159311272097944703001680158257336530631
0.9999999999999999999999999999188088791201431008239782920449900107032797703905508730813372303725519467
0.0000000000025425421168248989496031102806184618789082615656365440638990872161130998016450915729358824
0.9722325795210906303483538262648934996103466336313623990899692448459068651121195473810027116477434124
0.9736916288078085032143307359447004919260543785033738551213549841505265788770509421626998247459148835
0.0070202512436531743475496942666797633174422403486077181551116126149526973137739474214894235624576322
0.9996472201005029555128178818037762638079015489739310026940577916821866100585652080315052500783360420
0.0120150044089410270464637042969653061003710087584638518437024368950479101030286052744756147260053006
0.0000000000000000000117541326464439691051922614443629273609786767286930523469912476841257810774052587
0.9001374259840665678901565974201387152323563045232570900118980499318179563639682498061080451099545591
0.0000000045633453480917882100812701370885285256379209694075513756828157846301691551200112953858526952
0.9982994537329110254228950456080131365487290393335669772155010575104484575381993838193377782078704372
0.9995072418183624184661983150256018660233114852319280529206788227827165329529414063368196887860499781
0.0000192341791547871876932215173769632812430150403217004216258070552951068568497282821658509573159041
0.9167255904339211714344474886107095626485022032354273413780335299641161769387568520284783889200624955
0.9999982040454615982335248755743323891361987264910287473882287874769188679978131759693852416453722308
0.0010800871278649973338187993365966117656960955597209407626535350431504824893533421035987595146249067
0.1206500484830185513424925125631919182841760851188288797076656596723266412786948538896166321332342176
0.0000707500196324540474928823314211033530536850680485925440406429266470520444098414750972986084625402
0.0000000327390043348033308133514204150856841932499502626908609539082516373236993352880809504541811456
0.9999999989131432674291084533418362649330931504638008561154859765135462988116561576027369113969184472
0.0000000000000000000000034505490754570569892105660123947063278471234091091079165140549560964217987120
0.0000000049316449401590027598271096847638254902487633882063928872363274145282452926803837490464694714
0.9999962466051595037332061851135979476137553515348487025141027084605355847327367687513910748240375936
0.0000022896381367604798959739445035452603219826950270433646783665909679100765210588399924634951349748
0.9706376947513287305153128113734206632434698733722152365532775276247338878555235649176681988063186469
0.0000019401885170417129397637700629813602070989884397098190956783794510308926224760334408129715169050
0.9999825248902678439306266602334405587355689868900321254962147122869346042074224301222352780299040476
0.9999999999999999999999999999999999999999999012602410835800446273817799311483492058004302010696588130
0.9999336541824920629745038119442275581504343138971908462836827023705253023022181999117869472983994255
0.9999999992129167609712944043739532191951763371742068569776822549548648192259571336777235454038568523
0.9999996787194315817261705830970929389263538490975583223063906561285788154740817056968613096925224935
0.3150796031542857564190255201111078999551806289330664788852021891817956120940891141123624005322703954
0.9999953002105674436090381089572860224073762198116677196065198544068875013383958349162694859467946552
0.9999999999999999999906718284641917471051564870455465755286375528400730165989382919227675745829006424
0.1355757685745733328146865101284973803198186707419747009581554590509756244374938500945088189042487263
1.0000000000000000000000000000000000000000000000000000000000000000000000000000000000000000000000000000
0.9861777191871718679743353861286766933985500491419279999442014717417840081535128183867200039240504473
0.9981681141299063304250832949249527903569965191885449187953698411973152134410124083557714362688931835
0.9991328973202130558156423410311486581368615130353882698860273264779531594661194152681604770012857192
0.9603504082407604510239027838794825692455768182086981285375501702466404346641164672092186151283853190
0.9999999999971354024103254506985881247622904433556497945555852286852567184016601757258317639110621724
0.0000000000000496736044262525413995853214992013272521617270924547442700725121564828824416878375142143
0.9999999988667395167306950771301557109085205893490750883547891244513784910783369604682585427373532918
0.0000000964686574849272582085135541025482451586608481606877672309666445399484449366366722778712847111
0.0000000000000000000000000000000000000060732481977409386481134160986128831221851434334529480112119175
0.0000000005940672355918490045636943608335765610055864276193214749067336593025096478751577907293832923
0.0264523073524346387193580984086353380450213370782817096899760693173505076370926989393101496399233147
0.0000000000000000000410661098419795735662343731702594884726604797611407221433697719998452096707701104
0.9979195293381468446870387695896594859578022881616190689378252006771980950261044960564581200163685255
0.0422711715614961665686718661791989122853559942730387977090991304493040752732433055575411837768055943
0.9999998779461012340202419760411338606173251641715167133693262634886670137298484097852869503914528284
0.0000001686062317429202510956490138772028247823720585725714323341187087231292774356817323867380216054
0.0000002662683165701686377473737136902444532135140579669091557626382003963233600298618799470367369054
0.9999999999999999999999999992777417935546352735156967179934948878874494379400679718201588694944160194
0.0000000754190187382595363673208629381809259545322753750887272410118259585895714941190301059940517679
0.0024486817572453746698482601902054588502871118777012589011426022484690916303815411373733037758206363
0.9233198741410285062402739870169075819582592885923815207416601511062523876648859989538538602347411040
0.9999999861644713944093938870011659442771499317242507347633642625217332153479201427590807869354050645
0.0015418009491228507378967117066661079245670864149558194829887587669554590520565772734583786201960966
0.0000357488921369896529405621266742194043952357811493150528698028247316359221400078316686801394021127
0.9999989761210934029880113339182495708055825835067536498367315171498990780071323415731933904300886636
0.3911695190546764024222889118403637136806687645148977052944803476033520118586677130170940620963742384
0.0000000000000000003368604902320746972084267602071273923268241660879770149890704368012414394980876293
0.0155210007554938457094600084223967505145610014318996603386444203649307700051140733365208076244047730
0.0000152882036547931331431355129099114417531875693705299165155586670263908640325431655081769058326774
0.9986780259750449175966495627423033376741154786058879655453740902309269205587149074406403904775166190
0.0000929609702596859495920794443670054010199317711029662159671404475076900260612008368280165906757803
