100
0.84 0.82
0.79 0.54
0.61 0.82
0.66 0.48
0.32 0.18
0.34 0.27
0.23 0.38
0.87 0.49
0.81 0.04
0.35 0.66
0.82 0.49
0.25 0.10
0.61 0.84
0.56 0.49
0.06 0.22
0.96 0.51
0.88 0.44
0.72 0.58
0.26 0.20
0.87 0.81
0.52 0.88
0.22 0.74
0.86 0.02
0.87 0.55
0.33 0.91
0.57 0.17
0.83 0.43
0.25 0.19
0.41 0.34
0.16 0.61
0.48 0.07
0.33 0.06
0.89 0.55
0.96 0.12
0.47 0.97
0.83 0.68
0.80 0.64
0.40 0.63
0.51 0.21
0.55 0.75
0.09 0.85
0.89 0.81
0.27 0.79
0.16 0.03
0.87 0.61
0.35 0.73
0.56 0.43
0.90 0.53
0.56 0.82
0.42 0.53
0.04 0.26
0.56 0.95
0.65 0.13
0.01 0.73
0.09 0.56
0.59 0.19
0.19 0.60
0.38 0.22
0.09 0.45
0.96 0.71
0.95 0.02
0.60 0.25
0.93 0.45
0.37 0.04
0.26 0.30
0.90 0.55
0.71 0.02
0.12 0.19
0.42 0.00
0.91 0.77
0.95 0.79
0.98 0.86
0.11 0.04
0.79 0.18
0.16 0.81
0.76 0.22
0.64 0.97
0.10 0.99
0.30 0.84
0.96 0.99
0.01 0.65
0.52 0.26
0.25 0.40
0.78 0.31
0.05 0.41
0.26 0.72
0.94 0.10
0.15 0.61
0.14 0.36
0.68 0.55
0.48 0.06
0.04 0.19
0.16 0.50
0.94 0.60
0.79 0.81
0.24 0.95
0.03 0.11
0.14 0.49
0.51 0.24
0.60 0.89
