0.9960672701601940559546111393453090214503890212732977743085396152013164563930645834746273544007145465
0.9999999734675901451554822571315990750114660511737858578476662866058962114514164876401497966958504711
0.0005676170447961418388484502563429018825997455266178579145767274078269297167657522048661003095679869
0.0074882668327506588102362890228984356404927450203155296579043866302739088536554099030657299947480819
0.1260066583580029211872170549434595709618501676294426095746843700780704117311548735346077283346975000
0.0000000000000000000955484337246725528998245038222778439423767190831555557732828050812877587191588697
0.0000331661747117003998345399001286388429746127232745347376938894369048365089730548336411302966430386
0.9999310761565450423243375901445983244591315329026196627975729513959857405227805705725059265647622805
0.9169119871586442112806351038625526372394178050287539466244920523853739928621398847660023265532054810
0.9999194349981634676069427409937972365035236233576127621239940576331877683637289620138724408826735675
0.9965203028475448415351127601469107113155242129005646900176883473610640707099781232339868424667090147
0.0000324270808652084156767228929134507696151493335496986475080441086476323539365831050894943217868125
0.9999995542609508294881107878969741691491446895899963571101818845839081896209460710618497300182314113
0.9992412023978937520533424708157583441222039544150699923076349984336124095225417851200627472098767979
0.4444382577647547794201829503260034748262084702971857603771123710340312491901762176825975668950563856
0.9999999999999999999999945833096058151331235783211923755311508003411223051131884375066036811512566132
0.0303632030712982446064307598311365992881479867461766726275603918964033619266033286602595265510430793
0.1432736571116660718678367573432537714455397080822683115200460682062823058696050877042510986482267497
1.0000000000000000000000000000000000000000000000000000000000000000000000000000000000000000000000000000
1.0000000000000000000000000000000000000000000000000000000000000000000000000000000000000000000000000000
0.9997166569339483764916344257472056800757776880091800797642061332784733220947032943304863030259370353
0.0510186907617314134644437021141299283633760255331181387941467777803611315042086614100045539740774323
0.0000000000000001376721001332137823222061494999068360084234264107151852357581594167919549615009332260
0.0046133966741428633009406332951396728266419338980788457786544095987315059339704687831993200802897173
0.8850363318020947734349969536411969725937747983967621431406823174692579552134267521871954477656092915
0.0000000000000511836451803345753377409612679989674195816645433397718158501924289523073141466163512650
0.0025850006566891132369081563145751581369179514817666277198125912947780779404037893922279701921077923
0.9999999999999999999999999999999995816888120882815630963075959754460817628055111292778366409632198200
0.0128944047821772663822045870895604141360272840956911976911418001699361538389885155127525457098856891
0.0000000000103011632350019818168635609682080697779620988252230589568830687625618253236791731138655530
0.9999984120540592580626954388421655164749755439780042869612038406858835772029588362732592236800620086
0.9602933742994919883510713540757869671008766195591387527740472270833273173984082075415260364978684759
0.9999999999943385018891028090833992598242995166643366735831909203398460365742144797283456025473356176
0.6675741447080879748328889867867230043764964303997829560511679966891869259712187338667268172828928460
0.1629964121093046669561580491492830927638614382409280775166420809252345593857531318026271646242691463
0.9999999992129167609712944043739532191951763371742068569776822549548648192259571336777235454038568523
0.9999999999999961567930329444725364091820464953322325301135615552644278868383109249998372623285401006
0.0252650861977463750831042899835740293014541782999474817794473810388915174787249024449892626837282979
0.0429214467319257807806519745075063071565407672731195469744006876770808882447812840828939245598402173
0.8358393977296367155448346906517761954968526111952145112242834616418914702156778308852660277287155521
0.0529495349701460547619418158001813160529405108010994721277596352043788354093874981840677836217598687
0.0000000000001045112364879559923723542137893767577621394510516238194926474233082421342776458272884510
0.0356528702197973803545585606486885353594127162648425487020493852633806175608239895009655751043318978
0.0387553973323499243147920116451483437602036034700475312670174537124383621265569165045458000294240946
0.9999946672388548583806151774342445791674353513384429070713455730043159085373794867650647582189660528
0.0005795796543001460055918516722473050660702764032145818206408666303960131234742561550301854522347219
0.9981116608103168559023886925717963774347413922290450646483717839108767387243219176698386427195718769
0.0000461822664307764478035216426225811133596580565081814904407054551104105823868332104692839663614649
0.9999229696792916886706158253960221449875239391758700160161703298233653870943118291151910128003854607
0.9999999429752645901075637809391059678064060821610664990679401562410035432538681292112062875806332296
0.3751793918931824113240778264860609328890416618575397712745961389247706938392572417735520018929947813
0.0001233437251860116487060053661470872583502212561523399595456992463814916562128612330908738478150777
0.9130316616417001875648935423712645834413318462916251904489767919910468151419664845179947454004700965
0.4529695495549421817596343358654642520123830470671587476028437069396598561071316233387564314408461708
0.9999967494869750352465813939618170784506400947445896631221695229299662879032184757198536588199024866
0.9546933886893410177981553734857542552749861929750593723935145115489001402281383246548560514007936660
1.0000000000000000000000000000000000000000000000000000000000000000000000000000000000000000000000000000
0.9999953002105674436090381089572860224073762198116677196065198544068875013383958349162694859467946552
0.0000000000000000000117541326464439691051922614443629273609786767286930523469912476841257810774052587
0.6647766132168873350039332384067067396826655125649875762591969788736835782339547876503502896167056032
0.9999999999999999999999999986173119015251610813873403653841368013646112863246154081207026384767420985
0.9999999999999999999984430188299172478645920310069724079052845493450205887934715842358426535100196843
0.3193784877971124087652906554271807358316701458021972497488724860931464669901685679160108341278674614
0.0000000000000000320848164681996053412302336642085541549165524240877269969748759113044978587036587905
0.0006524030313633487290680088510449080992503637601902403551519915930955476022637020225525761949670570
0.9999791577241435657260726735166336930840604011625788961012224955356979158668737330698748766035410300
0.0047744259705226580521015147622175051379422172476123964100181519377887926878528293295635360010532712
0.0004927581816375815338016849743981339766885147680719470793211772172834670470585936631803112139500218
0.9972629747945168718555729088386630710684942456646125231235914454271902421001933093010667436375679029
0.9999941766946951190711143685174378873117275951541541101816618874167877453869943618969108761904086903
0.0000000097692122524778844039909595428449883024902402302397595930401168861333542903153545839548957597
0.9999135972632679311160660992006883387356066548375921141536442287653889944418486668314301280849747262
0.9999999999944071941739238029984928946626973122357516326577176987922931729497017165222503242731196714
0.0214320179876005598499393248994335283393735131322047682485738733977867855468080886949550232506680137
0.9999999999999999999999999999999999999999999999974208620656328857400219881001433857836412693418523122
0.8804749872043048239419990095888747181460049545979602675335304181282432998209107010478686324768866089
0.0000000000000000000000007850592506315918054072853611825606828413072714275203039522395039969380195875
0.7025471156119967320774306206314003797541720497799387041497961562971201988596855260095425573384237784
0.0000000000000000004176027762312789325792017345501853806034542584582983031900924502272352849767861055
0.9524792241777206513707773890600751874667907908739488277264672318457540565569389603776413993210494159
0.0041561426559969446146143589752194533133591983826745136146879953226191295525755850391515273972436045
0.0000000194361866126842968319707841187485032767104081471627955940994928651815222898752043026205879431
0.7437632804234980235178213123113107819130764033620846599888165650847393069303403585460194558070089636
0.9999999671519780957883375268928642539344590574053323341043182819033385875364436000055621100356816824
0.9974149993433108867630918436854248418630820485182333722801874087052219220595962106077720298078922076
0.9998536104844995425303638044574537374033034880885379860969114315394627780095272682736218415057287954
0.9951057070644871479256064822730226118793583089895609853559600639245724084972412459213557994649471462
0.9999999999999999999999997927792514680789711754542301738187959966338575575175859694875198227909399712
0.9999999999999896548334275300166175162623198225587364717335305208942382235946555441679817473498743948
0.1460845580358514585227980458084811914864109246342101401484801069618632892778335422366685626902368882
0.9996100907435160749510010561935851319396117056456052842583213987932769059708911115696621409910390398
0.0000000000000415061510894795177862903410864844350930785188761758331222526829190902415412749288542530
0.9999999999999999999999974686042883038655021405047080725758648867135249704146236573157540280352535980
0.9918444270072795061092083246771680554914385249686611734315959509850049684828877557529471876761060299
0.1373468635483421319705835617848500401063328704328169779773241988937079732164630171613787399667039883
0.9999856823617811560123724735085099019899666925187027018335221756940706747140854568999981149262421940
0.0000323202715904287904378563038597765192394682428667984323636747143704967745515321578029285539514592
0.9999709427689913034262459926761241491198279953903921462190693070807289165043427671377515185421195088
0.9999999999870045192189554456702783663565338302077405080975443027540531622069652185490376394619811059
0.0000000000000032753779135240740641596594420749409060208885994693019207955647895180160317381722259113
