100
0.36 0.15
0.68 0.19
0.28 0.58
0.51 0.73
0.86 0.92
0.14 0.89
0.30 0.67
0.47 0.15
0.74 0.62
0.88 0.58
0.56 0.31
0.08 0.37
0.76 0.31
0.82 0.55
0.80 0.81
0.87 0.07
0.10 0.22
0.42 0.52
1.00 0.24
0.83 0.00
0.81 0.51
0.77 0.88
0.16 0.86
0.46 0.70
0.21 0.13
0.30 0.92
0.42 0.68
0.99 0.14
0.05 0.16
0.49 0.97
0.49 0.11
0.47 0.31
0.66 0.09
0.43 0.39
0.56 0.65
0.93 0.45
0.80 0.13
0.50 0.68
0.71 0.84
0.45 0.36
0.25 0.39
0.26 0.89
0.21 0.36
0.05 0.13
0.62 0.22
0.12 0.37
0.67 0.40
0.02 0.20
0.63 0.28
0.95 0.57
0.84 0.86
0.82 0.98
0.72 0.60
0.70 0.71
0.78 0.37
0.16 0.07
1.00 0.92
0.45 0.10
0.15 0.91
0.54 0.50
0.92 0.08
0.94 0.18
0.14 0.17
0.21 0.91
0.34 0.64
0.54 0.18
0.12 0.31
0.13 0.39
0.20 0.05
0.63 0.23
0.12 0.60
0.52 0.19
0.76 0.16
0.41 0.60
0.99 0.05
0.75 0.65
0.19 0.97
0.54 0.49
0.15 0.89
0.71 0.56
0.77 0.93
0.17 0.66
0.96 0.94
0.61 0.14
0.58 0.32
0.95 0.73
0.80 0.58
0.96 0.16
0.90 0.25
0.26 0.35
0.72 0.41
0.11 0.75
0.94 0.14
0.44 0.23
0.68 0.77
0.88 0.54
0.47 0.82
0.87 0.54
0.84 0.25
0.08 0.73
