0.0000000000000000000000000000000000000000000000000000000000000000000000000000000000000000000000000000
0.3791443890548696365121462968156358541608566330431200914605275648214099016620441102042957763653747224
0.0000561574673383492704609646882970666275728400184838238339124870011363604151353461141714888273005569
0.9999999997218263421959187238680901687590307257638277275727086446472985318602098351826114016301122450
0.9895212725073417991515042033311621004073256579895334391527394761833302614878312057377429579681313076
0.8779154402853535783013100733554705731093530944358269501568257677938891907710372188982535835415950392
0.0000000000000000000000000007222582064453647264843032820065051121125505620599320281798411305055839805
0.0000004700170217275177732186271005609636008808350980376691083007971479268543216507447601792636555275
0.7529463789335466747788216753083491149029157406603469627380438872549949127333136457981784956940111311
0.9999999977421292438516555747044223120785751089769784161825562810124521315476427676275893191945228074
0.0000000000000000000000000000000000000000000000000000000000000000000000000000000000000000000000000000
0.9999889118393334841765049558903234942036068847001456553010530462385482883345880770779608852838877971
0.0000000000000000000000000000000000000000000006219130792955151574227232416293373755217226151540891318
0.0000238080058366617852396365053828572680325994583952823074396829102948461947341473164668389989849190
0.5000000000000000000000000000000000000000000000000000000000000000000000000000000000000000000000000000
0.0000000003955238797871432211098893935803150825127813715674137822541063799224348023350497081317513027
0.9999427255339954859561364140985608020220188223366877821157619890194154901751031744072719994608456244
0.0711248341844072358522173232218049080712554352786453472564699372298178421079564986050707894522046423
0.1863107041260137338447120162436384241595386190717424519259302982521160827833466595457288639561114855
0.0214224906524396470107034185354147759886369894584491035523517466165054442188321802092590250431898386
0.9999999224567841435833076262846653744293206691390603833249693183800240863550039138058011282459285217
0.0000000000000000000000000000000000000000000000000000000000000000000000000000000000000000000000000000
0.0002405003427991132928028127863337665204317441726458653663429618897075285175012395454208661112885838
0.0000000000000000000000560315203857630965455494598497965724896622042831390261341904759647210284337222
0.0059734990194552929065787748206952154147073431841487071970757845512981024501061785664748707563440781
0.0831761254814000271345541613236718122068531464553276708906463711604697503028576426318163354535518574
0.4569708313353297109983372480551269184363427437674707301986084894118496885767334393908879241040311639
0.0000562859247464176490042784044991227348301644519116153517754268679689021184231939858621727411895899
0.0064391531966289044429344004253843241834876476945971148816568790815898744699015793101567502685175563
0.9978142373903465345388864997456386435011792921160067372021414250592944696120317930421769782449407977
0.0543394223637787850209638504319786833931198934545364452893310815461678356782182986353784145579766812
0.9999999972814977604544798802796474942456503222654032177092296614862328700122464409591358722910558583
1.0000000000000000000000000000000000000000000000000000000000000000000000000000000000000000000000000000
0.9999999442816199403596423878709724247272886257329098377179548795028821739598005704021693799971697932
0.6276406134069704621123081739776927239857081478916624665479965620003996672664067587598170618774792137
0.9994848056081340068369002717782657838095654467611165742428567763586456571973830432955479667769467475
0.0000075063771176152958088868260052218567353531149163942096519238150362652053489084801526873709243846
0.0037811004193945253540997501173001330412283209291021281850663267612601679956232291827084266181927599
0.9999976426400438998077543394215705163768946376524548698135993069890008735669071500829857539021804485
0.9916724112475184301603527630091028161659703136522961090821672643614480232795932126031023708339873700
0.0002729788530796149553295972024819012449383595724639808076348134403100385667042398617193133847001993
0.0000000001125987292409809072315279155364816396150865706914205251353106480429422259495816627888062084
0.9999999990321097402535645893577302595038301670293849582793249897226026714566687744889192637451181810
0.9946981814413665336226917977625490086035196792815817079329394771503024643346372359906580110553409866
0.1551419530413124842798979509847962576178116051026887026749057197793918718353240671360288455415776647
0.0000000000000000000000000000000000000000000000000000000000000000000000000000000000000000000000000000
0.9986588902456741617412475113180309278192642401793643902056571963823690845827926782326499245417507056
0.0000000000000000000000000000000000000000000000000000000000000000000000000000000000000000000000000000
0.0002778167683262579611883235587763027746805201516573392347718366372908468670873074720193301750809985
0.0000000531923671487126889259540090409150427504185115615217187331220297220817121179366616126866614959
0.8025549378048176551649464503215677807889531401729634022111281162296621874162762699274250443273942276
0.9999999999999999999999999992777417935546352735156967179934948878874494379400679718201588694944160194
0.0000073028337182703935257808493971791156554876666931903004158672345505867932037135032436286698605624
0.0000000028306613430307222597737193715133262148083539532271702547868113657507056467513958905601057399
0.2261805253443750526036092698324458822077607723033846004368111038375433810225207095286786192667818534
0.3347965010750955019576106172635654006115400921097739318813345594633703682413210795032235765375899282
0.0000795620980782942575264448015057451874255379765720833664276595069003466387210276299709897710520003
0.0009108779642923346730708373324414121125462309467060570688976170422566220006186343065842563940949578
0.0001072677584217884344736535544361782868252040165681581311957687521153225637590803048101184610919760
0.0000000439774673097620592434669399457264735164062271462862086271083405444541309987309648326125982810
0.9999968500552549133009918160676555057003560009240523752207887419268366524852725700046763719475428240
0.6503984545465759785994376714373384297585433146422884250789098787516717540975874580191672482856276772
1.0000000000000000000000000000000000000000000000000000000000000000000000000000000000000000000000000000
0.9999185004842702990445354247210085736395906670989528848792779543078864705773346165431129782848349814
0.0000000000000000000000000000000000000000000000000000000000000000000000000000000000000000000000000000
0.2517284975311369662903449277176031859318017889847480119056442777361097963550939973141513467867171911
0.9999999999999918802971779647164014237966129157939883891214340313847301001249140359849921648503426449
0.9999999825762501643784256634155497329734083475652943244519910528796691805329897316379673880671118415
0.0159592288296614203235529187191914302383966833727855642438981015749787569384551431704108639816251048
0.0004390861371585957328972779820462877298978451847103804409882775642723252895846501381352489239334049
0.5000000000000000000000000000000000000000000000000000000000000000000000000000000000000000000000000000
0.0290909286011061536092921969918333739449997169078632163290362720248303962468643904361010067847508873
0.1260066583580029211872170549434595709618501676294426095746843700780704117311548735346077283346975000
0.0000000000000000000000000000000000000000000000000000000000000000000000000000000000000000000000000000
0.2936454324368365211373445324007715524579710184423974549677173657509755505124116781490489858978776684
0.9296684761116850720841552867675426047099306635813145045501901073082186251714086568159736063664761004
0.0000000000000000000000000000000000000000000000000000000000000000000000000000000000000000000000000000
0.0407431375293704500834900930926679024655899232350961469985817941375335745850519486437728273045673094
0.9999999999999999999990132565180637839268662599425899281434718412065307887660059800704246043519611829
0.0000000009567576072484985580355196959341825617985842595649961875351606022269421118119824229674217737
0.4146017282512297220813567702741449207803094018465641717310607563656769075672329855152120213399814344
0.9999884175859565699299932315600820652950797984782062094925023734301907050874494064216398038581428093
0.9999319362761015775528293035986358704276002826130015060329694304622877396151052836800365226373298119
0.1637122214580986839254209640867095445836605403717391502022821300837925853834639217903837228249775165
0.2542157330287291450526003382812198099621045158630008374686791300047115819309333088115051045513828617
0.9999999899583324184452319516849119763668138375604657510655518721499045609967329526342643495518791850
0.0000150904744279917252708691603465565960584454447793787659005461458809597714028334962088861294474845
0.0000001030023617068176909449260547384256433201211568844347738605127042505091311431891114999860979708
0.9999963903682760975322842513241879414608116126736067198938696977303399754367259146947354156229523886
0.9999999999999999999763287774886408334440181930533725682992960545892870665074248800852117091974638662
0.0000058648832656690467296119665643563413491370776460466631198581888719832833810216013890709087301020
0.3127959514667103977511321948448263699275002061710875724294971146665456947969815019794590735935478205
0.0772224531250506170207072722132011095149567808821646274113803980435436360216310959839676393040480565
0.9999999999999999999999999999999999652500001585070441712703400798458194500074994931142531370086271063
0.0000000000000066261689566347657443027827793402328073492351331070695740689866034931746663939756182467
0.9891735500965436826771985772398718433869341841281787336509453576032846919687684865748951080243133905
0.0000000000000000000000000000000000000000000000000038166898912738815160204087842451989986361939559820
0.0105527037279879207085543163575288236820586192979295270369450987007785297319377420191078180906612868
0.0000008091132126778704271821753406389456868844893761007374207777901108239610194175761116911376410137
0.1617025558818518714185456830388368793461777728175469203873150573334504322739539710129270755836822706
