100
0.46 1.00
0.83 0.85
0.54 0.86
0.67 0.13
0.30 0.13
0.36 0.26
0.06 0.90
0.77 0.99
0.23 0.18
0.79 0.26
0.30 1.00
0.80 0.42
0.01 0.94
0.52 0.86
0.02 0.02
0.40 0.91
0.58 0.23
0.28 0.41
0.32 0.40
0.80 0.92
0.87 0.42
0.19 1.00
0.42 0.74
0.13 0.92
0.78 0.93
0.42 0.55
0.41 0.42
0.86 0.99
0.87 0.97
0.73 0.47
0.20 0.33
0.93 0.47
1.00 0.62
0.97 0.63
0.61 0.58
0.56 0.26
0.32 0.72
0.89 0.98
0.86 0.47
0.70 0.48
0.77 0.96
0.29 0.85
0.99 0.66
0.43 0.21
0.30 0.39
0.29 1.00
0.46 0.20
0.00 0.43
0.03 0.20
0.73 0.99
0.55 0.47
0.90 0.06
0.33 0.73
0.17 0.69
0.53 0.60
0.44 0.48
0.36 0.71
0.73 0.93
0.40 0.74
0.41 0.87
0.91 0.56
0.78 0.75
0.85 0.00
0.65 0.30
0.00 0.48
0.90 0.93
0.95 0.34
0.29 0.01
0.70 0.86
0.03 0.19
0.89 0.89
0.93 0.98
0.86 0.92
0.23 1.00
0.38 0.43
0.19 0.10
0.00 0.61
0.61 0.76
0.97 0.24
0.03 0.44
0.41 0.43
0.35 0.06
0.87 0.56
0.08 0.13
0.84 0.88
0.74 0.23
0.23 0.61
0.41 0.86
0.95 0.65
0.96 0.24
0.05 0.34
0.25 0.29
0.14 0.24
0.99 0.13
0.02 0.57
0.77 0.57
0.01 0.96
0.73 0.89
0.03 0.32
0.34 0.43
