0.1629964121093046669561580491492830927638614382409280775166420809252345593857531318026271646242691463
0.0000022063313416394164964508793225277608790642850466387213577291121374171848230801944748479188194235
0.0000000686130071185739209837081057758729028578694259320289296195084633827220430916262675473735282827
0.9997700145943697025326659873625606265656371521691856583478362095763157528283367176727838799585928798
0.5878866359903568554647387339150786462325947525692139867229408587545228331373331357700603439788834695
0.9999999803048344218804799581152833616949742602699095196524889186245036985017961837796678827467570513
0.9999999999999915779434976955524641419021080347697679033659850689664120471598126753120160909975256106
0.0012092959017166768260517379342880518849777686368093089401361649074680794728617341208904085022228263
0.3241038755439150583634535379521145739321833235645402068944454735783379867336575947361271151865244881
0.6088304809453235975777110881596362863193312354851022947055196523966479881413322869829059379036257615
0.0000201183999504129473808767114999383145017520796199055318954747272440099769803653313801967547009055
0.9999999999999377418032879099460571822668292985000885219008387489243196763210948060607905257258038336
0.9998785072770756685606613711959222664193095361605585231745149395024969412066588379073177102248527109
0.9842712252265599713454234765144037358033802242009031838918657145207166703007980026842200277641891142
0.9999999999999999992703034432252470269306324293939516703742064886466216821163172582740935867247323558
0.0003899092564839250489989438064148680603882943543947157416786012067230940291088884303378590089609601
0.9905420791425195566515162843463477422573639004461422794621270057263141088714036380037858983826210603
0.9999999999999999979338172565093870092071322095000886066552306348112740596025101332342777163577896496
0.9995558670069956683563203773667816106580933583617915134851660249042887859736542901550006126737143269
0.9999999999999999999999951397499941059960759753315840217051517906440134359126795550157845417274100039
0.0000000003384240536776940717987180201982951590569540112506271188787809532535991518618581118642138518
0.0000004886906462222626419942679128794303727038936983860228058690001111175665100896299797239327406544
0.9999994580387586650653340618313559733805989576048525927338826483474703673558780081830249040642707163
0.1943779569745605960907554884423544252751322835605178835371238746273239037468787448597246363629899197
0.0000000000000000000002647010733189497593567251154492408146837729383875056425739882273668120286078238
0.9999999999849581706740886169020338833839796476561705422993301103601836858328459577682886899283377687
0.0624318311827021027747453475827858917542317607888712185620695719215570741215287965647117814029841978
0.0000000000000000000119401862714644557596398349394667231764708253083355765035873981259351436063513018
0.9999999999999999999999999999993195485660104862224585773017481779915997281719572560713882925451360452
0.9753071244488622038514875850266103069952269766975798485984244705905539554587841025739818465953511244
0.0001794129891354401912449632936009834427560525460897689194652958027216861728148128875565310062667586
0.9999999779918168143715294124573895395886157267999671166789443360036492756117490502447816845643087608
0.1873649374069376156764832190220960669531605522130230013552023254665612685589704018847544247378054553
0.9999990922174565243492159903768830613249998572254732354926421438744521711632189629564781607610437793
0.9896886356740889248595856795072630893603469168150238168455482694508387352674508189229174944853927093
0.6806215122028875912347093445728192641683298541978027502511275139068535330098314320839891658721325385
0.9955364435711114355466866254876711063768670640060282056244187472115442972887262302352396585678700680
0.2610354463291454597734087603485472502984105032798563299299727699778947625659429149729626591262704999
0.0000000000037469824645369257761540413257754810958180776371374633333779468336243304713437606731671372
0.9978681550210675910267171976309428251693621205333759012666056757556754716461426949658989282079509464
0.0000000000020149797737518062672846003147554019326270451592358843507975318436171826100032669029869425
0.0000000000000000000000000000000000000000000000000000000000000000000000000000000000000000000000000000
0.9692062296268259138796289474232391341867101574555446106085630599979430291911890126839669101004149659
0.0000010495613621957293468557905960267293903732922460620831041847342270049458086442540258168827018682
0.0008170435899988230102447797444133889763288121075232813511307125228866379653810294810229619357115897
0.0000478411823157102252544907645521589187024871337720195525949458732600910016526581319213735855113434
0.9931766317914190697508773853804462444136123271256804595887576072361826904673313557859167030218013368
0.3751793918931824113240778264860609328890416618575397712745961389247706938392572417735520018929947813
0.4573884872705788066278168334069235500804434266023076697546730491376785107446698448906933790007327019
0.0000000000000000000000000000623580733719472996009899309552253326162259766502844155299733070991189737
0.9998150791204694240234404647692471470837373143061812261628969996170811833843279881659266114075520250
0.0009352042682885061191915855568968007091597749828774575123630940813704592788448379563548322533748860
0.9910513193402198633190500115081099822487046537528388692747738380945067001460469008582544282244815890
0.0000000553587431503951381154318547325475957474865121527024361299382878769457169098391626949451136182
0.8733071946823530936258994943873460040596299899693223730312969771988059572566985745568885581564237246
0.0000076305807168089947390113537464264107921644270014422348156378920287145856402498042452078738784234
0.0000000286091336556962741082777171070847021157901086276680078804102612048820393568445499489985397867
0.0022834815325444918121555250591300783174835548874970718013491009485091642727777923557819865385314139
0.9999999997833860465689008257509864318038166746865130665724862759040407061540435021963539907945791874
0.0000000001125987292409809072315279155364816396150865706914205251353106480429422259495816627888062084
0.9999999999999999999999909410389064649820039200371305982817911225868167181639760160201957287084885245
0.9478569663783445732754867419315245611004430140291236922609699035222077868699791449891178604462949676
0.0000183989582694172431176976305316224830476627798972770662425156560803289414778788074246436684513631
0.9999992953714582281740765765367211250619379147236360447967615785848662131288295975848694834029762786
0.9991713839259272955969542436879584884953477355496346980934459528724566092140125344192858504536363790
0.9999999999999994181303729210565105548832720716503060755820789673308743647177880888385616582656379179
0.9999999999996945840832246149348143552698663886711573054061122076717220238308870437334483551609191367
0.0009016237288775068314794744731400407860875414743083780978844015994400940660066399997925752033501191
0.0000001375376638321575356800546046463233633113485370376557917362133582448591060710608379207050866312
0.9999999972814977604544798802796474942456503222654032177092296614862328700122464409591358722910558583
0.9999973849597133486196562140432846255295174214676576021522491870902931655343643266991438174799467951
0.0023695641894430948617760786602718519874232341528381630436681520286855214982074553374471107018513143
0.9999135972632679311160660992006883387356066548375921141536442287653889944418486668314301280849747262
0.9999876825931622212956253283891316814178754589031394939749521704683912364525365615881888266451707390
0.0000000000000004069674675505609531155775778372062467236129261489932520544532950610653695716195106419
0.3655327049664564312035326245051418073981956286665101760945342426806804612897118541635200152875095673
0.0002262471970608784154337314061002963261482514660198341377761519401386761267158476285570088804941946
0.9576073044635544087699927614342408000112502469407500030149073262691175784860152657581436361201972478
0.4045580516935588031089515409088613923896038102439530605464441482773818620418716300770686317573934029
0.0000000000000000750557237488559192796346988743877424569083246106485159755975832262235319334450566989
0.8154479628450403120503652060771294943654020145678731302373791584320015323437358585931053191540223382
0.0013256199411534184265240937173856438382986094809876618780390650580140293166936981406416475940426402
0.0005795796543001460055918516722473050660702764032145818206408666303960131234742561550301854522347219
0.0000019401885170417129397637700629813602070989884397098190956783794510308926224760334408129715169050
0.9999999999528530150705172596731721819988605625416744807888534436153157606658195392757895774343550098
0.0000000000000008393982873272814879341051743381135006564872500794099356669438830417323686146448002402
0.0212845247073610221309648446332134610529889516630934983989156040588154360566713723784173657497109743
0.0000000000249745300273352771280107644807236253297890987438288878540653784102106106006798149236216777
0.9842497392916106242211870328764967875398504243054681047640745788024254665495383614265694440785368247
0.0000000005548171700303699177205946882337495141318569163868071052184286364353979125360980964557383417
0.9999999794958318426331185295913890744115024313104265038767937596573741758390735714313787075866776713
0.9999999999999994641883263534955612959797284479354522110551024787750844826629893469037895967840958342
1.0000000000000000000000000000000000000000000000000000000000000000000000000000000000000000000000000000
0.9998038723170183120485144870473465653005165805028738975610588482125285280514696577547054405198153859
0.9999924936228823847041911131739947781432646468850836057903480761849637347946510915198473126290756153
0.1570000394247721813491627156116009462526196223286902689290355512806584350858007205356931224487348423
0.9998150791204694240234404647692471470837373143061812261628969996170811833843279881659266114075520250
0.9290891695744239433071747943270067674252500988286007331283480342069005018670208426405573447690934310
0.4303038238463570832338373904721846560953989546837850644875652531009197916491050613638246067979460573
0.9999999999971153287699884030599972149073615699391356767194708435178357435974242367575542503452346736
