100
0.35 0.44
0.05 0.36
0.11 0.55
0.44 0.15
0.92 0.91
0.77 0.27
0.72 0.08
0.29 0.57
0.65 0.69
0.81 0.79
0.09 0.40
0.61 0.04
0.41 0.12
0.75 0.56
0.98 0.33
0.28 0.59
0.61 0.39
0.88 0.15
0.66 0.35
0.84 0.05
0.10 0.62
0.47 0.88
0.96 0.64
0.07 0.11
0.03 0.77
0.83 0.24
0.09 0.18
0.03 0.74
0.90 0.04
0.81 0.65
0.08 0.33
0.57 0.11
0.21 0.28
0.35 0.04
0.98 0.91
0.86 0.83
0.84 0.63
0.51 0.57
0.14 0.74
0.42 0.18
0.10 0.69
0.00 0.51
0.39 0.23
0.21 0.64
0.43 0.72
0.37 0.73
0.75 0.53
0.14 0.16
0.55 0.56
0.06 0.91
0.46 0.16
0.48 0.76
0.55 0.33
0.32 0.80
0.72 0.62
0.31 0.71
0.47 0.91
0.28 0.54
0.57 0.07
0.15 0.71
0.88 0.08
0.66 0.51
0.36 0.74
0.61 0.18
0.84 0.58
0.93 0.27
0.66 0.07
0.40 0.69
0.29 0.76
0.93 0.47
0.61 0.20
0.19 0.43
0.81 0.48
0.67 0.28
0.18 0.87
0.31 0.34
0.05 0.26
0.51 0.35
0.07 0.08
0.07 0.75
0.39 0.31
0.76 0.94
0.12 0.37
0.09 0.45
0.88 0.32
0.09 0.76
0.43 0.62
0.42 0.94
0.66 0.46
0.13 0.66
0.75 0.25
0.98 0.40
0.92 0.00
0.68 0.35
0.72 0.32
0.31 0.40
0.84 0.54
0.33 0.21
0.87 0.88
0.61 0.06
