0.9999149078165452695007641291464983639979009601647844483272472227890318967891838010057367948893008883
0.3811452889879053270332384199170653997748940945652635764039960029662370141461885728215378729281582395
0.9999815864055874076790515216197644821901837873267360296298487715332560350830591416976160185763674007
0.9997221832316737420388116764412236972253194798483426607652281633627091531329126925279806698249190014
0.4142644751712068445258262834563570447969694176933819602156990003565660391207081109665270162699765512
0.0000002006124294690454288848949183236595949561525152598264882539768315155338797108858820869427510726
0.9999986521270155118408940005080278375471754224755322520339248031171177484895069313382146324508717480
0.2261805253443750526036092698324458822077607723033846004368111038375433810225207095286786192667818534
0.9990511081262061985387081303462603888603631818160149795935721887210759734475970614831744854076868264
0.0000022831419547471547864626077465329622428203608842293308800679780872995387348480025303119942565403
1.0000000000000000000000000000000000000000000000000000000000000000000000000000000000000000000000000000
0.1974450621951823448350535496784322192110468598270365977888718837703378125837237300725749556726057723
0.0000000000000000000000000000000000036379397769242240890139801997734471583435903828090157314163562394
0.9765062331589723185705559233413076818234196350260252267199256265148372537859636382974124963333025401
0.9625673959914593376919743996286479478279713141289861120453950885290924608213489126375745564196438759
0.9999999999999999999997352989266810502406432748845507591853162270616124943574260117726331879713921761
0.9999999999999999999999999999993195485660104862224585773017481779915997281719572560713882925451360452
0.9999930644023160952179082107437849456662596329010321242256697324505250084481647393748384636883377585
0.0000003462287226868727088558383495534166991847358671291477927197913013950284687074831255070069148102
0.0844095989144608727550745797356988776692801268303740326194460941424402197480127405269894148195990011
0.0000026708024283800743008657814543812291191874489748317575611211694477237858018281768049171473043240
0.0000000001984289851890319552407191571083128667610596835809959107444313244057736151575615636932339274
0.0060975644797865587507612217722624313310331766527839890094499175193417590996329335311390552116397565
0.0332477531149377564394275810769966430515617924744604788874035697095698943649879898167191997885935157
0.9999997449623002864011026266980793247168438854415245071111997464654136594654378712001564158152284419
0.0000000000000511836451803345753377409612679989674195816645433397718158501924289523073141466163512650
0.9994844491340723243844026934720717915882356091251637819320389891983554413758676232414260427241478403
0.9999994188719939747479635399788277575873315234472600155570375043587966182172822202035635435127422717
0.1000278660975688994236609757571230618172989458855406027602304762791609648707159978133417736965450955
0.9996523424943736166842566506254819759078156916613977012533777826538935851842223307850250911649295368
0.9999999998874012707590190927684720844635183603849134293085794748646893519570577740504183372111937915
0.0000000000000000000000000000000000000000000000000000000000000000000000000000000000000000000000000000
0.8308489447800556719532014731483193910280785546655872240311813622821107735532920231750514518300125807
0.2901540396609991485338921094164029404062962333642955448892242061924709922833382101148247045764278426
0.0000007018351147082875335553299015384431082511274369943495826003152477951314381656948897748270680338
0.1084601095383496337315068104211076232600969122706493935167843647100973875101709948098640421643732050
0.9999999999999938675414389015660075974471811220921402368875050343623703580093359250490033310047224290
0.9999999957072172683880861606461303690560593226138795978932529724825194780919884781672274873956189351
0.0004238530125670104736404667874695845459016043620281533971974941335782865428374006809569598878877443
0.9999984120540592580626954388421655164749755439780042869612038406858835772029588362732592236800620086
0.9999968500552549133009918160676555057003560009240523752207887419268366524852725700046763719475428240
0.0166245986677164639618513518224908812909352775257912711691678710345398813080620792194708296880754942
0.9999973456350074036270739351063009354268407230830352720627849360023942057943401089284238968032912197
0.8228795330293541607705883540475651574311551000127573311344039162666346354322097329783638503150971381
0.1306656657003382137415778893945432389789207765952221561263457450269741081555674882529506559870193122
0.9999999999999999999984430188299172478645920310069724079052845493450205887934715842358426535100196843
0.0390611603950264674371373099880125452740882300558260154031486200884189819279031879654082413480039712
0.0000000000000000519221223070431924106470347682952276397438337070762012362082142893847439495828810827
0.3209253585261057796317744831669631817879138310138949200468926935402955109249417016505533220080109882
0.5939536305206011221252345706260611790687691140222965369569671878558201389869002673049968023817034611
0.9999927651569625610420352116406253296851869662165049605189978235221460561284292908342717281345091373
0.9999999967578966765575896433243284800751900249213369195133907646599140390590577939096828755422470447
0.0000000000976621476412735907893927537529181234245285427518958951367728087584308977056197064789890493
0.0001776302447772483920061298581922246793775744026483201473143979448834882976546073942514037434753606
0.0000000037855244691185163428518333360606245693849826241361264866321723275350234427246982494109692200
0.9999999977421292438516555747044223120785751089769784161825562810124521315476427676275893191945228074
0.9964353054205732783583690988811869683700026252040545157019378291069740966239418600906773828769555441
0.8733071946823530936258994943873460040596299899693223730312969771988059572566985745568885581564237246
0.9795927108050112525521908923702195265703048388063341031099976351445499082894737067401063560079186764
0.2722714633195157042156657281917452951935413662857612904074857180334776627429464416781581668529982716
0.0000153840032898517740546018550500588689226789841748295158889654218317575119379425831123866834465800
0.0002650957755036852567776572804602685830426032899121708369708794688946398713977897304366730696813569
0.0811998794146807979837522797866893196087467239851467508765376336639183913273959690587286657314818379
0.0000001104382895657596108545179557673853629431216435404261572021742283479859509316457284715509424173
0.9972739184344786859983150718079690010561727564332411703426450651460130186303140778627035261492709038
0.0118308684003083689753404987314997905963250360559122021516756907863605553123107678258489037626421196
0.0074950533101564367754515322180871246734268875767476368659811043923953743398468524099744287894191508
0.0000000055538984344708978884165905012932112327073984449089619998135851553205138638387068204485764232
0.4468110576578165042954805461366383098875931562739449363683115776168815299088424954585910818840890655
1.0000000000000000000000000000000000000000000000000000000000000000000000000000000000000000000000000000
0.9999999919908585169547962452000241126289394501266385090699307853326404759912325345549775186324935058
0.8927019525372244450163875657554153935647882499064645799004106773226119784981906713421939434428449325
0.0000000000000008393982873272814879341051743381135006564872500794099356669438830417323686146448002402
0.7037359541164158954830942155371510323327890481218802517626199531917074177763704008375797791152408084
0.9999999999999999148255573664097511487228424460079334186914718787491848139594229028733303533834770216
0.0000014781473683612309660276751968276782024877950919353330017159826140595386081068254684077084993326
0.8567263428883339281321632426567462285544602919177316884799539317937176941303949122957489013517732502
0.7650395605170373893877814631825571567250744930328085639021443078824063720379650522472695426564164150
0.9999999999993458124871192297773660489872031969503886785715414816705178262454261338149583709607402579
0.0241378266502497527729022808689446200843555721325394942829465585946967517857001059313170502318304492
0.9999974133163771159218817580495091616151888557954906974961854001403175185753468899990309998332704583
0.0000046997894325563909618910427139775926237801883322803934801455931124986616041650837305140532053447
0.0000000105018941259524816742216010990898182687092827753578841179832909651645653200049467735439715897
0.7412972130497415023567677399260137515251659629028374205303730375925068220943471224818210709398009264
0.9935178069673842954068189550569339684509270293829282323085270929782175510960994075587958376194095115
0.9960997124108845219671221314802573692894940309545740445722696512263082916428285708410434597333567931
0.0051921886998325882945424614130891870173383027979070347417081120731012246016777843649395634230218903
0.1783284129249515484491083861523528930933691077786860891420096853393077515997881473654888994414675712
0.0000000053142045833196537347459557405802318306857814667244087448320675404822120640608570726554466000
0.0000000000002553998071571736692353132369968963979954895819909578331736916753184340020215289727480482
1.0000000000000000000000000000000000000000000000000000000000000000000000000000000000000000000000000000
0.0000000042927827316119138393538696309439406773861204021067470275174805219080115218327725126043810648
0.1974992511855411955565180004450490200799366112306331780854873359652263759440094425473573180665378372
0.0000805650018365323930572590062027634964763766423872378760059423668122316362710379861275591173264324
0.9081836644165935858308967098987531272644851336645690731760790204779476093053145456492142514571426026
0.9999999999999999999999999999999995907200190143945356392417608241341573611927886587853673652695612000
0.3728830001398310077541386868760851839513987601551130928052237128445242004279557682397798883930842120
0.9926328433124020778695826043194501489891221260511209805338321061699470854148415647231013814596552296
0.1943779569745605960907554884423544252751322835605178835371238746273239037468787448597246363629899197
0.0000000000000000033490760775137321065941129461682651922366154678305566158934824295111314236091447782
