100
0.45 0.14
0.05 0.06
0.34 0.06
0.97 0.80
0.40 0.42
0.33 0.79
0.51 0.12
0.53 0.60
0.80 0.53
0.24 0.66
0.04 0.00
0.47 0.55
0.05 0.95
0.47 0.29
0.37 0.22
0.97 0.23
0.96 0.10
0.59 0.20
0.48 0.89
0.20 0.31
0.29 0.71
0.34 0.88
0.16 0.36
0.34 0.51
0.49 0.09
0.30 0.92
0.34 0.10
0.51 0.11
0.48 0.60
0.95 0.75
0.71 0.15
0.00 0.61
0.56 0.47
0.18 0.22
0.57 0.93
0.75 0.84
0.91 0.26
0.50 0.06
0.04 0.22
0.89 0.51
0.44 0.09
0.10 0.24
0.70 0.28
0.91 0.86
0.30 0.40
0.82 0.06
0.12 0.24
0.10 0.80
0.29 0.33
0.30 0.28
0.36 0.06
0.95 0.52
0.12 0.67
0.28 0.61
0.19 0.71
0.79 0.26
0.57 0.32
0.38 0.28
0.75 0.57
0.70 0.75
0.44 0.81
0.22 0.53
0.37 0.50
0.04 0.39
0.63 0.37
0.33 0.54
0.62 0.82
0.02 0.37
0.21 0.22
1.00 0.53
0.57 0.10
0.91 0.84
0.24 0.91
0.47 0.42
0.94 0.27
0.26 0.69
0.58 0.48
0.31 0.25
0.51 0.02
0.30 0.48
0.89 0.52
0.55 0.90
0.05 0.46
0.45 0.39
0.86 0.67
0.79 0.56
0.38 0.62
0.64 0.72
0.36 0.86
0.27 0.89
1.00 0.63
0.50 0.94
0.46 0.54
0.58 0.88
0.43 0.31
0.89 0.02
0.40 0.43
0.85 0.66
0.07 0.11
0.06 0.76
