0.0164117314826597696384158329399909181173888021082982166130893422123275998579498348913644064343321316
0.0000013478729844881591059994919721624528245775244677479660751968828822515104930686617853675491282519
0.9374598692839740447995069031709655184468075899138585521896090352645022611284894039245928434523745107
0.0000061249601171219965756932303595031643141202250068125804359553230978376556973754756066248174132447
0.9999984120540592580626954388421655164749755439780042869612038406858835772029588362732592236800620086
0.9919042007803598639001051031956996864689645739661364149833902100248249766085783200998088895309150921
0.9999665325360452026464801541217731285477649431627775931883329831732827614733042370635309537784630789
0.0000006139644342776205365883031877621231578989851486821448242273026030392460717397798852685633535185
0.0000000000000000000000000003046117952378657879143338493407114093474832392525775304783986027186379188
0.0000022556491207841351285409396630240914115146672648627661426067340391998615467887296899553332135083
0.9999999999797049447779765135554567348570875644943992713073602906072359641696149758928198127900859073
0.0122420646798834145283665441696954342420768480119488702988565741388707885289080367391198517390489786
0.9999998881038609207469603141287631650794423951701238703686617867595789797571208364617734510480862507
0.4558167381586305105511557877576403190667718163590529846217532644145779193409915233396291108435120858
0.9736916288078085032143307359447004919260543785033738551213549841505265788770509421626998247459148835
0.9861777191871718679743353861286766933985500491419279999442014717417840081535128183867200039240504473
0.0019641566756049300092323585750026078899554733400915625823327626950789567554535679869506926321904407
0.3496015454534240214005623285626615702414566853577115749210901212483282459024125419808327517143723227
0.0000000000000000000000000000000000000000000000000000000000000000000000000000000000000000000000000000
0.8566264412803462412235045676869702876816403736607545624817458345591509434617583417483558041098020601
0.0008533227781532877995544717503805125562708832336535122201649210265230035990909878412466916720932142
0.0000000000000000000000000115619434670103393885355984454102856722606219833732182687598143013009173522
0.9592526039755719871740511838795164672667123991221209214757208237038899779630527788767091602147922973
0.0002902115168441188984112734106580892185414134435422018111300989667647144385510678473171015168033073
0.8111466284516099013473294584319694604932739737710804227405350387761615823167778439929065670615095640
0.1642459315162131407161177419921648866226605896391632592958220713662527049386491781933756710528517151
0.9999999999998994148269644185582595491216071051929919274798391190272168299983965384815490284129256315
0.9859680479186007963753775061519022643305872176246170872660390185610603969878620157564165927387005235
0.0008671026797869441843576589688513418631384869646117301139726735220468405338805847318395229987142807
0.8259485606033212653355845442822201495522996762070904338011256474794069102766248943155301327154009378
0.0000523774098343723233210031663507685970838262963947086464078047510244663601352903476224410995848483
0.0321340092473438505041978236324092279813887845279552534799316408859278449909383154479870718743459038
0.0000174751097321560693733397665594412644310131099678745037852877130653957925775698777647219700959523
0.0000015879459407419373045611578344835250244560219957130387961593141164227970411637267407763199379913
0.0000000000000000000000000000000043131840404176101572473567794629505307755998803282364933769839089196
0.9928346248166284353294594866355921999917810700575336531973945821996890265279009317722231602898719319
0.0103333079660214393051027367726511528178922745746216249824840928697874400426210364304997903501763047
0.1919373311266014074168077997817896878213568393480003158722245228161850269282020492690159429697966479
0.9793032656899993082599996535305403034487513059524309379315293544931850309455224915885821705775424075
0.0000290059927238100813137120315789528050898280143544467593589621067899506517582398329156655505516782
0.0007343468644290431677357388610805057679180012137491090605743602251359589376510225637832007527284066
0.9999999998957216233507409971694574279488013159967528851051565071742941422608801179063227303247071361
0.0000004203230771705209581943953619747159606058310004581245521963711867677763443718786509323779226331
0.0000000000000012815144025748837181060051201053636032399388801474306907867387278680234205546436137893
0.9999868094497699297727628747163035753279901211394335709617879356154821457527399958705188218634185569
0.3598716913902738307145573293493548335010548750132318313390054946925385634907933608456854569493635148
0.5000000000000000000000000000000000000000000000000000000000000000000000000000000000000000000000000000
0.6649540845624100868748309571518960329097135420381072901817130388298391972006886664030301760138523464
0.9999999999999999999997352989266810502406432748845507591853162270616124943574260117726331879713921761
1.0000000000000000000000000000000000000000000000000000000000000000000000000000000000000000000000000000
0.0000000005143929418358012887872502843764548032129212991534611691333367005872128877495061711758742157
0.0003334710411026040054581907946471476429246331071752587224939905211036568774768762414377584974067264
0.0000000000000000000609287480848537098522808573738747634810476874275228801672623722569942009419743145
0.0000529834779055697132886418166359120271747021489102601316236750954456670294704726346263344096746300
0.9999171689079284791996087280455614953892297720430604340835008416807571074137331915312104585991198660
0.9939108697472872457672853729948218731679240858675217067456644556327464326917551349697393232886838619
0.0187241381459680144573739855027487424045976385195016719318244437392685709516883338327336064540687805
0.9999999999999999999999999999188088791201431008239782920449900107032797703905508730813372303725519467
0.0000000000000669942020318220662869243521512235151413653777360770664444324628133377089211686835054300
0.4229174360909933637131431268438607327071733924837787014126570936619613017616911717097905889241990201
0.9984193516410416151045863643359703932406969678501534269571643133088194523016319372139062738320201721
0.0000000000000023076486722029590489613829848170465228427908617455219243736441485658321195645844539013
0.9999967689253390042543577223556367625905370781755149546380573890867288426390694073154981273522262506
0.5000000000000000000000000000000000000000000000000000000000000000000000000000000000000000000000000000
0.1373468635483421319705835617848500401063328704328169779773241988937079732164630171613787399667039883
0.9999999990679255732581256495484911726194280475828837500758765310976179781735484416114293325290830044
0.0000039570681828916555427391545269016970206221077910698745801269577748908452448725281662305276015388
0.0000000000000000000000000000000000000000000000000000000000000000000000000000000000000000000000000000
0.0088274727850503226728458728842388162330030660294640500530823141135656427248946020549091953262850716
0.0000000005129992812155584880972024246571956880373161683356888619629665260541268621162224823681649276
0.9971277911444331781330079988827253549988184806296012881072972806122662686184167058324248652277618572
0.0000000067116195275435843238502642084715880344304131692190213232461941513487634890654941509657076080
0.8926635571799724459895146534304143600369465639903907173224126847951710445257814698643468950032067821
0.0348905293177096514456816522553184752225740302377183563671787889471741633324845554644572219514497182
0.0001028269906352947295369397547741790066390719200849062945480690335519188685439534856893328746456681
0.0000977138088294844654559707206371770837224102500612712135133624620221883410767938432748308246811056
0.0051088708963891900494763810537293963999166032584283475278308357226936049787402926662011315162815595
0.0436228527157883265268471498900557633253718201437457410263942875877470882738055150633092216909103963
0.9999993369049383036561501028318474327392521143804541889509547664655586756402622695220884667947766462
0.9557811115455799377264405517418973405014535082565372196191298923435591833044056449713423585630554225
0.9993991538175715370568905580834105768497531230032267840678896895099190479959619321607765976396609063
0.0039358266016120437971100115941215585291514759407448409395926952969707920420209148267160873028560982
0.9662928063019815605225909529289540935568831910492849053327899270393711202523469002914529844158697610
0.9999998418076901669809770467155586508452115699531007004177907751770243068341145653327394553379765230
0.0723751940935177141762367718412783052657779950002427853604958608980747070641963415478980012358118213
0.9893072450425271006684784158286097820420422201591098141890651650635783814531149904201693789892625859
0.4045580516935588031089515409088613923896038102439530605464441482773818620418716300770686317573934029
0.0275435919182179927112272769710364523679940322445339942225725653153589118805219733245154905021105713
0.0163078806888412196990377623943711583501278742960999777694485917859515542141353466921288436544417984
0.0004916808700138207877770146207905265464197010174715013730460485508695042001377432612817304523138951
0.7082479413630544611078653996734708788601731988538877834247350653295063840419541655635272606470063411
0.9999999840020822395004201796287958176334199731315105712057218380976896802392706553073662353562554357
0.9999999999999999999999999996953882047621342120856661506592885906525167607474224695216013972813620811
0.0000000000000000000000000000000000000000000000000000274814076176592357877471480813715422821434357375
0.9999999999999999857968298352739406472928905652927906789984548446155186904041577614498078961173699547
0.9993336623947595969668443599060994397924737567315971373998034818131771584985205327115029966267974296
0.9726855511042597355781739390947307200796632640218050501491667666061912131614380900660538530171259182
0.0000000000414716043285904302364664065518532526178459495279637491951380089037890973000293267679953014
0.0234937668410276814294440766586923181765803649739747732800743734851627462140363617025875036666974598
0.0397595455822465422531518210622232264357750782522852431523846396975343818540508553190250040625413898
