100
0.42 0.62
0.12 0.51
0.46 0.32
0.14 0.51
0.89 0.51
0.96 0.85
0.69 0.32
0.21 0.65
0.11 0.95
0.70 0.97
0.90 0.34
0.01 0.05
0.68 0.21
0.63 0.64
0.36 0.20
0.23 0.09
0.06 0.23
0.22 0.25
0.86 1.00
0.34 0.25
0.54 0.81
0.01 0.77
0.81 0.67
0.01 0.11
0.90 0.85
0.23 0.31
0.63 0.05
0.49 0.29
0.02 0.14
0.25 0.18
0.43 0.78
0.32 0.49
0.04 0.29
0.11 0.49
0.15 0.99
0.74 0.52
0.28 0.49
0.56 0.64
0.65 0.46
0.10 0.41
0.51 0.79
0.79 0.22
0.56 0.93
0.19 0.87
0.92 0.61
0.27 0.30
0.79 0.79
0.55 0.51
0.97 0.23
0.32 0.00
0.05 0.51
0.44 0.75
0.07 0.81
0.12 0.43
0.84 0.52
0.77 0.55
0.85 0.95
0.96 0.12
0.27 0.90
0.89 0.90
0.90 0.69
0.09 0.75
0.58 0.18
0.43 0.43
0.23 0.32
0.81 0.27
0.01 0.19
0.58 1.00
0.05 0.17
0.21 0.76
0.24 0.07
0.41 0.89
0.71 0.60
0.39 0.56
0.57 0.87
0.17 0.49
0.41 0.65
0.38 0.54
0.87 0.46
0.58 0.42
0.30 0.08
0.26 0.50
0.52 0.35
0.81 0.35
0.84 0.92
0.71 0.50
0.92 0.93
0.40 0.58
0.43 0.63
0.58 0.85
0.64 0.59
0.84 0.35
0.89 0.05
0.02 0.98
0.98 0.36
0.44 0.17
0.62 0.44
0.14 0.71
0.53 0.71
0.15 0.28
