0.9999999999996945840832246149348143552698663886711573054061122076717220238308870437334483551609191367
0.9997274062543223470576989153874525697785382675602026805354243198718372769652045394194415832086998508
0.0000000000002236312037364752932788386430045577477362595117995575905883350765811858099952690539679295
0.0000048121563967332453167264665740519515156172938272175231583190203717443436836506057896680563642497
0.9999999999999840356306974647845900916345977500008917232996237659015255245452508186906429267593204775
0.0000039570681828916555427391545269016970206221077910698745801269577748908452448725281662305276015388
0.0000000000000000007886200340746615432038920183415933784255515311755500751322655432421566332882370904
0.9999999832761747469002669622746614484538824139653648925644668831611081256166661771469790042881006393
0.9524792241777206513707773890600751874667907908739488277264672318457540565569389603776413993210494159
0.0000003462287226868727088558383495534166991847358671291477927197913013950284687074831255070069148102
0.0047236268712472433431072474952923363074172689589753669612893056107585394809692095102984791644406449
0.9342487464894537048604341576707573796639539318933297570030434042788921420747643364008213554630048250
0.0001974972503901089395765273015260611036792078058624404003070355229121033988629543160374868806057244
0.0005769643261517242885074171416185692226838032957674659091327678005005567100425179114522922654178861
0.0000000000000000000008264473582908421389477454572496690142500686314336350933594915208971695941243232
0.0000000000029824364570683936177915912153889113250440574028774902171352687420345531252209797523724358
0.9999515411501493362553378459642970212832285768769653918276989188617987118450841342384025698722865273
0.0091575085721906677375355371100150527145688706277704578631320642623423951380184931495619854274913149
0.9996472201005029555128178818037762638079015489739310026940577916821866100585652080315052500783360420
0.0001958640339899282682051252769864673622169992033220729220907518419452472779210887228442556546129662
0.0699275633934989491096337280088887430827718900755087174948316256472987330610617406956031471247377195
0.9447947113214090252157082810223228912480056804799126338109044566748302418037592917198060698738667476
0.9459239874749182041124789916737428718275005946051546597730651571028845690463303253347258825688554471
0.9999999035313425150727417914864458974517548413391518393122327690333554600515550633633277221287152888
0.0000000000000000276989505182415756136798074990462147246094686152885795088194448241670509154397875349
0.0021857626096534654611135002543613564988207078839932627978585749407055303879682069578230217550592022
0.9959385590223391014510406255741092775737071316465842083032064043961535814783955768364031727846880791
0.9999999102511116973082860876828757117907297449466560453123095562058155327743092047169106354702536225
0.0373193948510947816847714128843218288900530113407838517647948268063082697832666858786860638217550973
0.9983337484876566943866110912463650761249990769285814014509599147539589065659265187809510145552175715
0.9999782185502693235585245446090965900854231562166189469755377299408454693617363743999397188432064373
0.9999999481983683237266327926384867081714546390657359420556968616589972994068374978389819410683439600
0.0001689391774704539196756899742547953587831501994733431264979933339245172401623169471338679961800912
0.9546933886893410177981553734857542552749861929750593723935145115489001402281383246548560514007936660
0.0000000009320744267418743504515088273805719524171162499241234689023820218264515583885706674709169955
0.1669088881700673427499859146138029049581719926926555117883724853196485211003444641880167661726661534
0.9972629747945168718555729088386630710684942456646125231235914454271902421001933093010667436375679029
0.9999598023630586218726003361224273560383939837855142421028327213615115730627392381250801603482070181
0.9874467714655651880856532683988692692999836719039226730613313777100457467404058740577318974127699157
0.0000000000000000000000000000000000000000000000000000000000000000000000000000000000000000000000000000
0.9999999999999842113386734590192798104535995513240620307251441026071495592490427600192807544779687744
0.9999999999999772120738601658515209582344557464893368151732800421862176350409425516719175334526953470
0.0000000000012234285071805891499031183044592743020263798565467038631564414191678801808168967901550068
0.0000000159959212890901646766905907415326170907641925467764935954303844965321173471868028196088756208
0.9878773814048342495864755778270860011893490678440768234785791045117276411675449943939194445905868706
0.9999999999999900490393487584011394798215312633293556401693238477841843081727312759292873621407332357
0.0000000000025425421168248989496031102806184618789082615656365440638990872161130998016450915729358824
0.9649120096672221553423869391739634420243988018874939099808334704646102515584085249633483261440789550
0.9997352514955998066051448616633830367234276452127626765510025624181449832339472076327224635790174538
0.9992189159469882629650590411894837324376296280130934628213217120510034910793017213695787877995796688
0.0109290212075525984358640646688568315452704449828807492742698681810390932530308984989805124222614456
0.0026353313433605345977955199227540554593539035357991967408279357601513913422654451582166741176565000
0.0000000000000000000000000000000000000000000000000000000000000000000000000000000000000000000000000000
0.0000000001574310589667326081962078596795512810361880434904840418275198750359861710562358043105826722
0.9649778369100960040185477945674947852580757632016347922771122928409937255202593718679044145422406398
0.9999999999999999999999999999999999999999999993780869207044848425772767583706626244782773848459108681
0.9999997705666798692511708839254394068454249670998650281109397058443922215430545938498017623464814261
0.0004441329930043316436796226332183893419066416382084865148339750957112140263457098449993873262856730
0.5584727787608710393672251394887833713318785685019651168687945454335915853188040141553287095404253890
0.0000108404981637193729721210681333710472748851805020919836983232198557816130028706862662961495505027
0.0000000000000000000000000000000000000000000000000000000000000000000000000000000000000000000000000000
0.9999980128450756997541051960855291335410199969202449745581792764441166757336818524089356798944174011
0.0000000557183800596403576121290275752727113742670901622820451204971178260401994295978306200028302067
0.7098459603390008514661078905835970595937037666357044551107757938075290077166617898851752954235721573
0.9999226171484695545734549224639554743928933884983739032857070816335436419636064881342369504626477140
0.9999954985269203517593223421087051716680418994385560222449805155465747328954334616337735328983249138
0.9999999999930032500407212565964833445202564639691644861337639535245301261856634903778087519000483062
0.0000000000000000000000000000000000000000000003168248086741483449003388383627439568453514475243652749
0.9999999999892177745381733301527394751467620842131949186168935442978615996137352892665798773266441221
0.0000795620980782942575264448015057451874255379765720833664276595069003466387210276299709897710520003
0.0000001499238488662941310683650592785661733963621786970218406671505302562155914158502992763703691735
0.6044277792265772686881679043268302501775462787712084271906129743482170194767369671134112219960922342
0.9999999982932149016623377320842987153245353222829786252831332517637190801253449421026279897841925943
0.9999999704087269522128374343767292322356494070882182418010297967925346959736536187375480172485670448
0.9951057070644871479256064822730226118793583089895609853559600639245724084972412459213557994649471462
0.9835050580956336756063757731168749689295739747085876431256009373575009350228068075454441252340006828
0.9999999976553956535593335052293571203139939230961247806263273999996917283631318468789461878768392272
0.9995718296343036965103698317413421660308523247512445774646915731356746035531246249646552396230388673
0.8790238569009142444419472655496975653392767865925732741706847883898254811593673748185911784615166665
0.9708613039583700734825723636752235864033105521303428496009777414235311875213128400300976675068570811
0.9081836644165935858308967098987531272644851336645690731760790204779476093053145456492142514571426026
0.8945780098360860790085901413282880580504086033888799939460785540159849351415830387702139953571900546
0.0001817211453304681073676886915904586815472942058148907830933078591106519901918422484903794535870817
0.9999999999718323287970537635514451901587350552194177190037862197482758428537191549468136191995963277
0.0000000000000000000000000000000000000000000000000000000000000000000000000000000000000000000000000000
0.0000001499238488662941310683650592785661733963621786970218406671505302562155914158502992763703691735
0.0012991231130394494336475450103205752660812317177226792408035610505731465470579908049116099294146627
0.9998299167629870561942546255887074738490931129500692034164115010700327193925316262485433237929692100
0.9999980458888805388448908991939599847769709399059167528637566672110778928587447136996701372281790028
0.0085267882569734232638188755046908260153840828930895559250254247841039505043300377356731021235838296
0.9891735500965436826771985772398718433869341841281787336509453576032846919687684865748951080243133905
0.0214320179876005598499393248994335283393735131322047682485738733977867855468080886949550232506680137
0.0000000000000000000000000000000000000000000000000000000000000000000000000000000000000000000000000000
0.9999986570734302611133480290748845392552587558196582552702624269820221006025273659402432973677233623
0.0000000007588327778013128785891052625662372709083185206821761533671543164829389279811725684163488698
0.0008671026797869441843576589688513418631384869646117301139726735220468405338805847318395229987142807
0.2273338460835260977160158165588327934748249271043216866661436121350721529883698184492760953084098358
0.9096742436484116782900041208232708982567976208255165468916590251642511359099600759424775801438852798
0.1930168284020274595051023049914101043224800487769882513728812274204641602030121840602428926530623209
0.0844095989144608727550745797356988776692801268303740326194460941424402197480127405269894148195990011
