0.9999999975717590138011870026548268897104938989033356109027507325484244644764783414230736431668609574
0.9986780259750449175966495627423033376741154786058879655453740902309269205587149074406403904775166190
0.9999999976553956535593335052293571203139939230961247806263273999996917283631318468789461878768392272
0.2569085986379701050063286513414865849174803622031078055351499317628997588561218558908470710232749023
0.9844583783810752868224857983226302262849056244181508342988203772462989438281332693097013506590110850
0.9993915477933270232721786445164246711899395054519880697824032832209790409366618620774279038387413355
0.7185496095405300140650650327722522283400142293777987933785878420192732660109007048909424076034281338
0.0000007323197626985612511927694632001304581614266670134820028191141270258146792761731320502564539799
0.9010230440230325128441907858822292352935514489034477887882941695099661078454565555270257633596494980
0.9999988420216882519638089329429256382880486164759308556030948470584960254028796564706975187635741353
0.0000000000000000000000000164355893335240096994728929495985258181935383805343217258411685772039028297
0.9931869695799200225070896832501630721383104774037026609186176904086209054705759548518721688204229806
0.9999999999999892884883433353143433815980409683712550489670821929473607296771865351068222115196552686
0.2906468129195305433639171986924556145687465868681257713249663341233088572422287305178747758520802088
0.0430365670596160554191486970455051171803118501882581678878995494942347419269444782854634242055853473
0.0024533153065347180603650661430742199094891482990151527698975876235863694937288356106174471410447656
0.0000257632785166262284196134959988456683095126705191250592568526087258168820597082758368975244892620
0.0000004801615389713590001973108927225348229947997209609673829831045919000595527943847588719691830660
0.0000171163580320107489880329778935070673356362160651247158720559053061451850287432872108738843609108
0.0012500974658232406433351417692105160554793810950525214649925058077854998996570803044684526227233182
0.0853224469593417136562685266561647446476955032945238743793096744532795148871026953541021284228651114
0.9984759869932068366295284755643475159135929397459913236947342816433441936907715691189629008630186776
0.9999999999999999999999998448067568686607558333567708272262414493719760593566134778328895346333302233
0.9999999999999995489871512720025240925903680376873268005255146731687622724098163140956251430892049471
0.0085267882569734232638188755046908260153840828930895559250254247841039505043300377356731021235838296
0.1506032431258542798904083499026737202684397088021793181583604059430497638094586319702740489320343471
0.1691510552199443280467985268516806089719214453344127759688186377178892264467079768249485481699874192
0.0025850006566891132369081563145751581369179514817666277198125912947780779404037893922279701921077923
0.5000000000000000000000000000000000000000000000000000000000000000000000000000000000000000000000000000
0.0000045014730796482406776578912948283319581005614439777550194844534252671045665383662264671016750861
0.0000000000000000029067867449928354246698088157001962783510893495564719539990284153640156170348001568
0.9999999999999999999999991038767888869669411937160118390796182382224770761973616527558716814365059336
0.0000029379660006273942590555202167712427280936391399118040867008409264553428450851334767301358202293
0.9040685049701785241259520460255814424554222920767505501539862960181372990731007068940543987410636628
0.4157613311503795791618737487453583155624767967829079029050137686369920419719669871484896125101319922
0.3255060086187793351796668273027245606716959669143977550482051616929188246003473810132272941647887445
0.6849203968457142435809744798888921000448193710669335211147978108182043879059108858876375994677296045
0.0099462920905630136862797518277897228332141356087945999577334958912895246853298671330288815227584793
0.9998909212005654561457826139224571326296113569049587491360680586965239753220193551635973753590486243
0.0000000000000000000000000013826880984748389186126596346158631986353887136753845918792973615232579014
0.0258985656739175341592984104843445866350775874939862391149537390979593683075840411839336760766267258
0.0000000014352977452545798451941871823300954783054057640755535740593982570157240201278880914859461768
0.9999999999996945840832246149348143552698663886711573054061122076717220238308870437334483551609191367
0.6271169998601689922458613131239148160486012398448869071947762871554757995720442317602201116069157879
0.9999999944461015655291021115834094987067887672926015550910380001864148446794861361612931795514235767
0.0680206077093944350468129177952954843633695485597321297684823565694839572113491857388033419185073702
0.9984327405418228845789330239055197673476058419015341235497253882281469867533825029613789489887787702
0.0051921886998325882945424614130891870173383027979070347417081120731012246016777843649395634230218903
0.9999999999972931160096839544171092491724633955957924492784365251745567917415408380652444013809499042
1.0000000000000000000000000000000000000000000000000000000000000000000000000000000000000000000000000000
0.9999999999998783016562507848446791967185992870542235520706114988596525181795571552158649626925101938
0.0540760125250817958875210083262571281724994053948453402269348428971154309536696746652741174311445528
0.0543394223637787850209638504319786833931198934545364452893310815461678356782182986353784145579766812
0.9999999671519780957883375268928642539344590574053323341043182819033385875364436000055621100356816824
0.9999999333864644812743269803270501022937136956446066482178182785611747983336535784014718222501969702
0.9999999987474716351276112739062986388097869265838576230516328800666086860969739680967397779479592693
0.9881691315996916310246595012685002094036749639440877978483243092136394446876892321741510962373578803
0.0000000000000000000000000000000000243119780233703742377340865093016627166820096928053281028828563465
0.9999999999997189889880370274692970261262420145420458104939017346907707729898130337200639644221503897
0.9859680479186007963753775061519022643305872176246170872660390185610603969878620157564165927387005235
0.0000000000000000000000000047306243780987071474044000181318805238871013529315528113595567730604700995
0.4378829738731874594690196387003581404852662910354558365637517683065392882356743364067560018335873360
0.0000000000000000000000000000000000000000000000000000000000000000000000000000000000000000000000000000
0.9900537079094369863137202481722102771667858643912054000422665041087104753146701328669711184772415206
0.0637193482110923255407670355144157279552595770762572285161647796956498938242959177066065933065411566
0.9999998109246194560112378674563366751676789497943949108764570053633855765823037252546376968377198448
0.0000000000000051262313055978495089689119411661333436963796178496491476141575905298855671414269330074
0.0000000000055928058260761970015071053373026877642483673422823012077068270502982834777496757268803285
0.9999998779461012340202419760411338606173251641715167133693262634886670137298484097852869503914528284
0.0000000181672792079036061981454532487652920462652217730770764636030053568044626595492106063635218680
0.7760669997112145470623231232404379684641326532625395760896104243576414652409426429381026755965670982
0.0000000001125987292409809072315279155364816396150865706914205251353106480429422259495816627888062084
0.0088241540235829560915674041671854006135673939447956469664123928646796076282672939164493016462854508
0.0001711183690295369731321682413260619436534408759220761164236250763062608132853285488496383006446989
1.0000000000000000000000000000000000000000000000000000000000000000000000000000000000000000000000000000
0.0010569140075711076350660669184126218241310101763711972616616047535703862060677608619643777831376646
0.9999933200773711671260626036255516090072574099709269910756068655789650045652941280410268844095260413
0.0000000502310006866646414246225974787639693217592137465004120586239321448481149340352162250387779799
0.7421395924130163805803468861402169946911021713677762546317247714963270798990390394595060068263119389
0.0000000000000000016890812105275800153479203487884467983389901591211915777676847104387682380815723664
0.0000000000000000055511053260723064295966812783684598331557155669800524206881745568330666746956784295
0.8211660022137922875193336786896263717839571740590428161330833309464846155148445110399377508295657136
0.6943130497475142854535432796194603553263252184930063583848940494979247543010478523297279554933846057
0.3666791651711165991696461194548410776578737514381237378387912423219080420840475798988258075887605947
0.3911695190546764024222889118403637136806687645148977052944803476033520118586677130170940620963742384
0.0000000000249908637505320471387987626732988300493996625160726249251947019930205577738982955004961412
0.9997303758773420396448012795003419629172893294900361351973437623502303429065121159915285321908144882
0.7824869529579733089296866936208827222254495609850589907623147587562563217231731817024584950253110263
0.0331108677233749895268957583236357877883553453954885319491325514325543009014078655356897548526068294
0.0053018185586334663773082022374509913964803207184182920670605228496975356653627640093419889446590133
0.9997700145943697025326659873625606265656371521691856583478362095763157528283367176727838799585928798
0.0272682425273271773992840646306540987408575996451803836759223047178038638176100041816189424728343827
0.9999999999999995489871512720025240925903680376873268005255146731687622724098163140956251430892049471
0.5668063909256304312186660558710806397565757487400122172024942171266387216929358246472034381562842517
0.2957481861204328377705483857400014977841278697192119515304917780656155654685976335114495181730557470
0.9758621733497502472270977191310553799156444278674605057170534414053032482142998940686829497681695507
0.0014659835771568626779675578062724357098575496721162153935205057801835853755139347648293647081798875
0.9994844491340723243844026934720717915882356091251637819320389891983554413758676232414260427241478403
0.0450689927192855602751591964112466788933315461787781867343427487336004318432625549620661925462972555
0.3615836133296575633233449604416663099177792262590360250345748634797366650826261252598128529351471879
