100
0.77 0.24
0.76 0.49
0.68 0.16
0.57 0.63
0.80 0.62
0.77 0.48
0.71 0.66
0.23 0.67
0.50 0.38
0.65 0.22
0.08 0.91
0.66 0.43
0.51 0.01
0.60 0.65
0.66 0.80
0.30 0.56
0.24 0.61
0.03 0.33
0.78 0.98
0.30 0.58
0.91 0.96
0.43 0.18
0.82 0.03
0.75 0.08
0.07 0.21
0.79 0.86
0.47 0.56
0.42 0.68
0.09 0.09
0.28 0.69
0.09 0.81
0.99 0.26
0.38 0.79
0.94 0.88
0.47 0.49
0.64 0.68
0.74 0.70
0.27 0.48
0.54 0.21
0.08 0.92
0.09 0.21
0.42 0.91
0.93 0.34
0.60 0.57
0.98 0.63
0.68 0.80
0.73 0.46
0.38 0.62
0.49 0.02
1.00 0.08
0.79 0.15
0.08 0.17
0.20 0.33
0.61 0.14
0.70 0.22
0.60 0.10
0.67 0.46
0.10 0.98
0.92 0.32
0.71 0.51
0.03 0.84
0.84 0.85
0.96 1.00
0.48 0.27
0.24 0.37
0.96 0.62
0.04 0.64
0.16 0.76
0.78 0.31
0.14 0.62
0.19 0.14
0.15 0.71
0.68 0.86
0.65 0.91
0.37 0.00
0.26 0.54
0.75 0.35
0.48 0.91
0.62 0.56
0.11 0.84
0.40 0.99
0.81 0.74
0.08 0.06
0.32 0.35
0.79 0.81
0.09 0.64
0.88 0.61
0.80 0.74
0.13 0.26
0.21 0.43
0.44 0.15
0.57 0.74
0.92 0.25
0.87 0.86
0.41 0.46
0.48 0.30
0.64 0.87
0.90 0.66
0.27 0.42
0.95 0.96
