0.9999999998015710148109680447592808428916871332389403164190040892555686755942263848424384363067660725
0.0000000000000523851475571959599957655777314426100117758933801163105518077494421283562688592368449995
0.1170138082819586070982174120562949829459602360779120323978381798983018819255640925732223713570334083
0.8092686307628884915319505761849316096061878752760350032538665798609308848801415925682386475367951642
0.0592828893276886682520691165260796944299752771937720884176647322376829240893050976535492168132579051
0.9393214882034696662666695929597682825622658645057661884609919532882880474523310514810151300830802288
0.0001420996381495159297486234660858120059686220893422606424658875725652369675725221448991567473452447
0.9999999999970175635429316063822084087846110886749559425971225097828647312579654468747790202476275641
0.7119047145461497029723699357395148780107562108811482614416654646488254811203936777985478179588810079
0.0337071936980184394774090470710459064431168089507150946672100729606288797476530997085470155841302389
0.9999999700805713434752917187825237089453568464095564308839427010688885350685137508856764130740569815
0.0000798441042429951604230141567423003876471851098736470529530131446271295090046600388329812335201419
0.5846392002785299289178917431499315190209089414510144021074421168562595265421275161246806329961232549
0.0000000042927827316119138393538696309439406773861204021067470275174805219080115218327725126043810648
0.0000000585617628572095198383823582662665472006325185762716640962636757384989622568399201920583669822
0.0000000000000000000000000000000000000000000000000000000000000000000000000000000000000000000000000000
0.9999999999934846835164957909464368566498747619383357154746440829176636149466674906747693422323319865
0.9999999999998954887635120440076276457862106232422378605489483761805073525766917578657223541727115489
0.0005963524386577957704623759805326871993127485493001722496229771617135055162976308201652371641530754
0.0000045540918267151249081059096616312013177786431613879148496069253913908405550220663890572350873634
0.9319360447671245233383726754275757563656393964231312854891616299000241577848956843855891009804314682
0.0000000000000000000000000000000000000000000000000000000000000000000000000000000000000000000000000000
0.0000000286091336556962741082777171070847021157901086276680078804102612048820393568445499489985397867
0.0000019871549243002458948039144708664589800030797550254418207235558833242663181475910643201055825988
0.0617913659855146579727947996804853160427648371748580511378090459612226676680151840435339944915178124
0.0012991231130394494336475450103205752660812317177226792408035610505731465470579908049116099294146627
0.5451988958499428233069192892768498563128153062725881287309905430431360836541908606873616682785217990
0.9972796379953080455437853465875960656771909745920629852263210489673046433215131290309259875841759096
0.9999891385205622711565326564102264264698924330063386899656967582244134630057620898169303378312318287
0.9999875450998748312005821987561244368000399906311187652497316927005483159376662359787884830547290213
0.9999999999998687362990802464032333539760315465142238656273043523724328283900063672696124160963669624
0.1689287649589890400685697174656537612310707782977172868928156698780407679196466942754121363837785544
0.9706376947513287305153128113734206632434698733722152365532775276247338878555235649176681988063186469
0.9999999999996845481324192958765223875131591768483287008972122554161200644155326778554435027523342058
0.0965878197293615543050920625311860972486903163515136571045293772783746005933622974636344685770500608
0.0000000000000175816995490392370820228037191078438026554109836239591390041987653027646387360554077513
0.0000124549001251687994178012438755631999600093688812347502683072994516840623337640212115169452709786
0.9999999997094005180644139359368269959092100482963906004367179976290484118018006413513207364433447361
0.8993447969798849755606003368627677635889099233690838515105215337179467171564572277831293108793017110
0.1689571812478412689573419885538262219398917711206123804805270263313237015496696835985143664850716433
0.0000000000000000000000000000000000000000000000000000000000000000000000000000000000000000000000000000
0.9999999999999879447683018118399821887036474708838772779354609204671152813237284342343083917184226318
0.9431248850202522134482237556430320556825288099484260192566595041367045872510601332342973514818680156
0.0458685968207214756127741171123768329490340312003023048193348098339800703389531063690937729633366922
0.0159767855000542916037746776678070752752523101404142257666450279046125890445987380291551967087087989
0.0000000000000000000000000000000000000000000000000038166898912738815160204087842451989986361939559820
0.0012319569281910041574582018486384149060437743919634296207089657236626457876375342869456527778629830
0.0000002362674653256067635479191315307573629641252152146451170198424932493788033945359059169894697066
0.9999999999999999998848944713241272342786566966266332637610744970142577768073603719373638556602550764
0.0000002861252873134711670486165342400767056766736635501422411525973038487798483772725296118746678895
0.9990475168576627328735778984408311650598495165685447289595735153841125569266804248069737412515161097
0.9837844730066086949659456476664544856131345093427335985463518969283292937104916016070688769339404385
0.0065633670283285360943752267622135142583492026349904549660840748329678470954141647846426075201111241
0.2103049523563598787384298866537454488797915438445060516232364795837040334473168796712465218458197653
0.0000000000000000000048067375373918160446584209345989973736960510287552571943829983463285260517863995
0.9999792111392855692320390973658829788565593017462449638587420892517387588495516280342154961845959730
0.0000177517841253633670607137592476064647144308789202768571782714163185366979604015376330365057476683
0.9149047720386914331173703686657804490769450521841895716207967001097197278700797606224192047852620838
0.6590641097449108791814529248566275161519970977666069945969154255519701517196035338014660703899544786
0.9999999999999997947770926871545530725010501205401276174384702464500174930399696244451058558016380356
0.0000015879459407419373045611578344835250244560219957130387961593141164227970411637267407763199379913
0.0000000000000000000000000000000000000000000000000000000000000000000000000000000000000000000000000000
0.9805321731146822534253590680700111981187389434372952481637900512823569002335358394058069576213877575
0.9999923276688635331574672102146142922440667045560831036999728574219768557052505961160497403167072826
0.8608580991921096664602104534760921524432631952202809031779966046964339639007406791434310812918478434
0.0469657113989066961116269482380515316236532810941980847149144874835473816664962384523712122077312320
0.0000864027367320688839339007993116612643933451624078858463557712346110055581513331685698719150252737
0.0025850006566891132369081563145751581369179514817666277198125912947780779404037893922279701921077923
0.2722714633195157042156657281917452951935413662857612904074857180334776627429464416781581668529982716
0.0917343460075231667070454766501785471902443048568586895585235399533219307819340490158624704677941684
0.9653223956038609425770235155279753670694147530074494059707632065428053765057553480978923638442413176
0.0000000000000000031107949570903945843434811939532503144227422821130856882897035969452959776174241573
0.9999999999999997591368869967691128271982867478384006660580783687170035485658157891311784537579665375
0.9999923129133992797990169320828301841267075149246527828712246410997440525892202343382878320041352251
0.9914398371005075194528515952363983794417969171174095534259134693584974951002438506482000356478838969
0.9999999999811060774872214857197018438922171118196895132014560587837136254791429798745229659840463364
0.9397014710883634081054307112414030639919749098426800505295939241843320258287801169950231697053679853
0.0001010772224530324801068475261286186506077615413517147899062240086303116150648890998273092573760366
0.9999990008358075725243776534605229915841137409219733973847702602534504522722847674311972306602087824
0.0076574008931080978737392121742977761639780043416235699874617515714658286189420855785667030501188799
0.9865446584196755977771019650116049313193153856453819396710823624058145819626381653830960542388685528
0.9944572165021452066331725028319842594658881699990726226521577110594193423460899579583119782551870855
0.9999999999999999999999999999999999994173676993212640030906249759551606179629607158333794176940285165
0.0000083167579274386518993042926058518942685518768123469515690077734284018692476477832384831006538836
0.9973439553429100917625295526231462653472901230985586406638682209150985281872368136892137819837966968
0.9999742367214833737715803865040011543316904873294808749407431473912741831179402917241631024755107379
0.0001176930133188544389430391277532949368825779741129596599990250032330432593298812219747215466571436
0.0018505316420323572644939661898420879028397195879963091532954961056247931679866649612256845176331635
0.0000000000000001005267413160361726157637003734847814751032278737607507469195195456628367218547268934
0.9996126346746421333853919216129229375154313351674207807909685942519404202243787339056961327719850641
0.0000002389921680266329555255480526380991989315640812289954612998362439056118737987613711001466957000
0.9930951967809367254181228531356069674572772718734602189413871148323758920248848109315499687042438579
0.0000001362400732478678223775051418319363159458851604900278756368098964526963604261888509799367883537
0.9999999999999999999999999999999999963620602230757759109860198002265528416564096171909842685836437605
0.5460384161506081220750718530498959607883945475928487916874867204228446375524915472695602792753065805
0.0000000000000083840926161903433026050399699224762476175223370843637765840692517829626382231924921309
0.0000000058640745038184761450950665289665831108274031341580055032695299871674201891636733088960899551
0.0000013549995026101412049874995310601644247153506826726261560749620069652005806433018427591835357576
0.0002409685781467046253648107926891105830139712352401403286507963801328818366284624034911930791390160
0.9989139607135083627641059780604579431808482126197765771398856489505209398933690187270587693230607339
