100
0.66 0.12
0.18 0.83
0.53 0.64
0.65 0.57
0.22 0.35
0.25 0.14
0.43 0.76
0.81 0.20
0.67 0.62
0.48 0.65
0.80 0.31
0.44 0.78
0.56 0.54
0.50 0.94
0.40 0.86
0.00 0.84
0.92 0.36
0.89 0.26
0.19 0.47
0.30 0.71
0.56 0.42
0.05 1.00
0.09 0.53
0.08 0.43
0.07 0.15
0.72 0.92
0.34 0.33
0.64 0.38
0.75 0.36
0.79 0.41
0.57 0.03
0.48 0.57
0.78 0.62
0.98 0.48
0.35 0.47
0.17 0.83
0.21 0.59
0.36 0.01
0.54 0.42
0.82 0.88
0.00 0.49
0.60 0.03
0.79 0.66
0.78 0.89
0.45 0.65
0.04 0.99
0.50 0.77
0.31 0.77
0.64 0.01
0.16 0.60
0.83 0.57
0.34 0.17
0.45 0.68
0.88 0.92
0.33 0.99
0.69 0.31
0.47 0.83
0.73 0.61
0.22 0.19
0.95 0.30
0.11 0.49
0.00 0.46
0.25 0.11
0.70 0.30
0.97 0.94
0.09 0.19
0.19 0.52
0.32 0.58
0.25 0.30
0.17 0.27
0.74 0.58
0.31 0.97
0.80 0.11
0.52 0.15
0.53 0.31
0.56 0.05
0.44 0.30
0.41 0.75
0.83 0.41
0.57 0.78
0.78 0.59
0.89 0.71
0.97 0.07
0.60 0.92
0.97 0.85
0.61 0.24
0.68 0.93
0.50 0.76
0.18 0.88
0.52 0.22
0.18 0.63
0.65 0.42
0.36 0.82
0.95 0.05
0.32 0.31
0.22 0.88
0.53 0.95
0.03 0.31
0.48 0.79
0.97 0.83
