0.7763861686325579356409291848541378380604516923451123330770210011192567667852180603448936238746557257
0.0000000000000000000000000051957025527392053021557398086367703334618948957328689851845660612538241897
0.0000000000000000000004750296847086262236248308269375855446222540982455379251698000557549708500271501
0.9999999999999999999999999654382549538963105116151757211148737737833141781712001159155487096679676895
0.0024384609654032836449249781132701144715949739296428197823493967623052161414951492700218394380687665
0.3955722207734227313118320956731697498224537212287915728093870256517829805232630328865887780039077657
0.3150796031542857564190255201111078999551806289330664788852021891817956120940891141123624005322703954
0.0000124549001251687994178012438755631999600093688812347502683072994516840623337640212115169452709786
0.0039002875891154780328778685197426307105059690454259554277303487736917083571714291589565402666432068
0.9978142373903465345388864997456386435011792921160067372021414250592944696120317930421769782449407977
0.9999999999263966974963879854763740935545667711160686873362761764490646439528066428060311190742044152
0.9999999998425689410332673918037921403204487189638119565095159581724801249640138289437641956894173277
0.0000000666135355187256730196729498977062863043553933517821817214388252016663464215985281777498030297
0.9911273543986092244660345134814448062181487850804916454707204085645259523628188971632843034399792518
0.0679273189392434484493986196548661515130385368027747234188588808641519193882138958890455941657489628
0.9342487464894537048604341576707573796639539318933297570030434042788921420747643364008213554630048250
0.9724564080817820072887727230289635476320059677554660057774274346846410881194780266754845094978894286
0.7916243537388667452895254131053758821879190355603963928563563935452025495749299265282332172217700824
0.0213088667025207662562060309872239602285902438230451343695522426199334504044626389670617857395751999
0.9440415296797122229512627961244913821539292524464322975319758259139594951506082730233302357205624069
0.9999951838338199671856027592615045115013788100410956063478445403514363550580838095325896671856904783
0.9999999999999879813115539997579140268355425810607267161873854829088846753172278357313175222727670557
0.9999244463363967514097663202927841935571847715988476738527388708549263225497755036859833771222006387
0.9909389829699860100218607397833908425445323613295713081182040557650157837555598069875840789566972650
0.9999999999998656975707161422699562801212620526692337600391303362023216046260290285083990002312912032
0.9999999999999999999999999999999999999999999283389800542432577028878748786333822693118817666146491792
0.0000000001384100401924884290363810140358133060592130599945612004616991652725032082988985467544572025
0.0000000000000000000000000002619042752258085972690745997817645992273934286692847249192780484303019774
0.3706763192937789999655424128377654718736663348455345273665257496622487701225539917436586144665799218
0.9999999999230331250538535561220821189620461945016410155942120612578272188662602803005306521988108625
0.0869683383582998124351064576287354165586681537083748095510232080089531848580335154820052545995299034
0.0000000000000000000072079508926353686472870882311431866265926587558516677559043572347122183105346591
0.9999999999999960261857142126758695719384392641489353812305688094131145385071909982419304540902889890
0.9999999985422161126526249340403357950525864893242844611664482856137573735195862874818713837729560980
0.9999724490492263379678620746695794721774518917286183058336308867886817667946517974831763270620063949
0.9350295553517956075785223519845174227941260734559231696505392184014757334658622796589050567987861004
0.1440558241924365448551579817811021961621740953349246875178219533667483145357627335912380548241908090
0.9999999999999999999999956642611199448540543678027358441762156517100682955012867047320401938228521739
0.4105465410853559131301553531806692654238064444290749563177187487309915928764714351650486226627762466
0.2980761062481635422192511038385811203331861780527347360064310819797986505390819710015448970077878003
0.9999999999997001934949215861016211518335896134258867909364094071870526112995903148638620798649281817
0.9999999999999998373852292271409701119818228398628523753777378823771231444134833865237807632144616169
0.0000119402958530669108191307968279851390038926241543385540803645396342549565016409775535186201302064
0.9999997988232182296280506392877373167428844347620509838682907991326474513324594171216464486721710459
0.2184913560219194516254744152556726983911198066256394653822121775156895674162079108802274239282610545
0.9795958131197147159502983309787176375148241410243375836298591650809406895885221696696994497118190094
0.0064639777699445530889241229044040304180961953029846365336744433475359769182870624380456210347190887
0.9999990922174565243492159903768830613249998572254732354926421438744521711632189629564781607610437793
0.7119047145461497029723699357395148780107562108811482614416654646488254811203936777985478179588810079
0.0080706743824974163227838522155221234559476977520432438963585017942118186916820299805956436284620011
0.9981681141299063304250832949249527903569965191885449187953698411973152134410124083557714362688931835
0.9998598971403836929361358178238343089496324411910156515232303257343648050654948457590789664537599443
0.0430365670596160554191486970455051171803118501882581678878995494942347419269444782854634242055853473
0.9999980128450756997541051960855291335410199969202449745581792764441166757336818524089356798944174011
0.9999999999999999999999999983984537132524459491279898949937438828222863377234501155583001505350727290
0.0000186347757758549449939758872471951665787713794260976261997582944794419701838905554755563900322014
0.0000101846702768149230950735418025756441406629308489184968472120417452846033425735034634391005238976
0.9999999999999999999999995984892632592870239852515441408581612140434170779026375404413026475873289022
0.9999999999999999999999943030583320357232743333359710993167459406458768871256490185596718416061120001
0.0000000000000000000164537855382710670275959141497323950329266765269190192751431548968688656185820962
0.0002810103964699417197313731705962922999219035972806995950794958420799753302078396988612398862861515
0.9999999999986490878949915697278848517538980827472354105741480883809196530871140675833481098770303740
0.0000012127887017110361472552035062936016400860874064638353080281721654319401651500416060167934120776
0.0017277632724616626312769590584410077830606603382785601010909481874505137605636884300172655862948351
0.9999999999999995296308163804625482544745552461521090612644449852104917836452181114183846635468497985
0.2847959856121270027959870428895088031942968172843441740179759681528063889261132008467021090722397401
0.9170205937412891841169759090060129656697319371208475528105667199974816878381735896947648538860868986
0.9999999734675901451554822571315990750114660511737858578476662866058962114514164876401497966958504711
0.9999999999999953550122412156804515176849987122817068026125681837521199267996647365626865573424484198
0.0000031499447450866990081839323444942996439990759476247792112580731633475147274299953236280524571759
0.0019144396512418568103128927027821589398220162161323678223797713271927726709224857826908935598943134
0.0000015377427376960126009793540112107094909491365810740120986616640757860519727531938265497693663311
0.0000453010651858783696476872320338202951571226931237696065507863781157183369555182687280084574774581
0.0000000000014046872906646770039103470376982359955260037125276653048254065279233200974742263435221816
0.9986855681902219721884550247042264853577323406282041242168745300419949383804674424245470008621819089
0.0000000000000378975606080949182177686121577913414086792338545691207763162010296354170659534384476308
0.0257689863334514881492756649991344375888183958516592899386115009260097893132016539897204942892650560
0.9904667936911290279441443306075733017934845583765918456451163335885420643383176426560327340733698849
0.4511365888927704080321737561949157918857752625145459110645236301355097474649052815430530281315308684
0.0000000017067850983376622679157012846754646777170213747168667482362809198746550578973720102158074056
0.0000000000000000097076558714376332728642741635883339776048353136782365218547535951631834561113326190
0.9999999999997943158770679581360447234617186864820504726486971423073384441904057659405967653962684936
0.0000000102597338407301628659041918420353739045655050833002734892452055349412842670804658640381083953
0.9999846159967101482259453981449499411310773210158251704841110345781682424880620574168876133165534199
0.9999999999991926885264817919598576706554601465546111485156881182189637375232511397176351246632894880
0.9999999999934846835164957909464368566498747619383357154746440829176636149466674906747693422323319865
0.1911701588427674351642027622255451273967692323562161505830342085677796462970416999106805351078686492
0.5000000000000000000000000000000000000000000000000000000000000000000000000000000000000000000000000000
0.0053356792401791706763414607746126741574499873223776821499224043108657629435535050857706012158271014
0.0000000000000000000000000000000000000000000000000000000000000000000000000000000000000000000000000000
0.9999999999999999999708787681867633468502848702563296459053099981938053303126649820499104215191640347
0.9536618364605208325429766809639126131311561107670916947109307454374396947716549149252361977939119014
0.0407473960244280128259488161204835327332876008778790785242791762961100220369472211232908397852077026
0.0000022042534199781658632782165286713442042824600513800310866677237104203506328658614274468460910671
0.1551419530413124842798979509847962576178116051026887026749057197793918718353240671360288455415776647
0.9999999999988530558098903791167351316568382698311775168035374437177794766427502769678952360373797914
0.0383600703818551253613674725179131962385336842181899886276690595330861055612874376675590647433517973
0.0000004806125534507965633796101645463915846742672397749426689687108686866841130412234570460395406298
0.0037348536243869341059171098565088986040497536484278834422247839728430119782258599362006251346638699
0.0000019080621029668682983120500834345265476060869432166915660335933843785511298831434970593323132629
