100
0.63 0.56
0.14 0.96
0.04 0.79
0.85 0.04
0.12 0.33
0.77 0.79
0.70 0.74
0.41 0.79
0.56 0.79
0.53 0.27
0.54 0.05
0.99 0.63
0.22 0.70
0.40 0.20
0.41 0.55
0.38 0.25
0.60 0.42
0.88 0.83
0.17 0.33
0.87 0.76
0.79 0.39
0.96 0.37
0.98 0.81
0.88 0.71
0.67 0.07
0.93 0.01
0.16 0.72
0.02 0.83
0.85 0.87
0.98 0.56
0.28 0.40
0.08 0.84
0.93 0.29
0.66 0.14
0.62 0.25
0.81 0.69
0.18 0.26
0.98 0.23
0.33 0.35
0.76 0.80
0.96 0.41
0.90 0.21
0.27 0.66
0.83 0.38
0.60 0.67
0.53 0.34
0.54 0.76
0.35 0.04
0.38 0.33
0.49 0.71
0.21 0.05
0.39 0.11
0.20 0.34
0.43 0.08
0.82 0.02
0.10 0.42
0.24 0.63
0.87 0.06
0.96 0.18
0.10 0.86
0.58 0.86
0.96 0.43
0.56 0.92
0.51 0.77
0.86 0.17
0.93 0.95
0.54 0.41
0.68 0.19
0.86 0.19
0.09 0.44
0.39 0.66
0.29 0.72
0.15 0.48
0.11 0.71
0.60 0.32
0.14 0.79
0.06 0.16
0.47 0.26
0.26 0.27
0.02 0.39
0.27 0.95
0.87 0.24
0.60 0.97
0.81 0.44
0.85 0.23
0.92 0.36
0.22 0.29
0.78 0.78
0.26 0.49
0.00 0.29
0.78 0.05
0.43 0.28
0.19 0.33
0.50 0.88
0.61 0.70
0.81 0.19
0.68 0.82
0.19 0.63
0.25 0.49
0.07 0.41
