0.9987899256194636793599667595844446153182521120522804407992893234763398821271641921488956311576579919
0.9999999999856055293106045269979062635438251192469672175415792450441612243280102756301960902656326945
0.1208675268485859699227079000487051879885642002970687466743188811663906894588008702902486574348378032
0.9894472962720120792914456836424711763179413807020704729630549012992214702680622579808921819093387131
0.0000000000120068568606250729564011592515001858937512168532096382946049445376074444034314125775072886
0.9999999999023028453962459270976333632581108796717128814049652024588375116325079796582449224770145951
0.8308489447800556719532014731483193910280785546655872240311813622821107735532920231750514518300125807
0.0400480022388370300970232869629810450492405726677240509255231196070611278916341105883397850628802147
1.0000000000000000000000000000000000000000000000000000000000000000000000000000000000000000000000000000
0.9998182788546695318926323113084095413184527057941851092169066921408893480098081577515096205464129182
0.9999909054208178204988972871877880969277336894290313287496997964439155434252995416826985057306046100
0.9999999999999999998924107562005249120006354726841172192084065539684201349465433314668671402216105389
0.9914732117430265767361811244953091739846159171069104440749745752158960494956699622643268978764161703
0.0000000000000000000000000000000000000000000000000000000000000000000000000000000000000000000000000000
0.0000080926749387429069391787787346591973164163936332512454128220090793720565522065840679841792271809
0.9999999999999959493180829805622086971852456849831574917450669296853542780770209484582686082442168579
0.0000002895699179550645784707537592873219129073733734185136378504714816396639324850994539212453730110
0.0000000000014046872906646770039103470376982359955260037125276653048254065279233200974742263435221816
0.0004575853273126457498020784294198978349091300470455242958707153318303997456522392093471916136929034
0.7194082777009198285596982177814355743862260762678174127369147576554534984561933850570479402047089082
0.0001090787994345438542173860775428673703886430950412508639319413034760246779806448364026246409513756
0.9999600485320710663005851359915040131854230303778531062124795682595253531441621353440155718049562148
0.4575638394577681614041053815151338315672674889496233899623046427534728263201545664022510476606027560
0.0000000181672792079036061981454532487652920462652217730770764636030053568044626595492106063635218680
0.0000000000003677180133568485463684124287001385425317211720301647736661093594760364234929680394173881
0.9999999999999999744405554303899189374027708487821065522521149735463239391989666410818187923903748891
0.0000000000010519879564312133236548352773589367524043928167595373617348057706250467870059133000052698
0.0000000159959212890901646766905907415326170907641925467764935954303844965321173471868028196088756208
0.0055846929089616824470355067502426633087107170374219750282660945160802557291848522295508314760046249
0.0404901721190157925996763666818921967340662648560472152228587071453331307332737601869485489483781464
0.1279185194567121879878938275653964664989471688213169430529613832213888198695743161791607737430612500
0.1893948150573582110912770724857048692122506066334196312250110641739158722024224665789105171149563681
0.0000000017475822152594784105023194479258900528015717534918413799476040704364963540368851025097117027
0.0624105583320783848414757463488153215436818237258034508707064209847448016723812221842196518918976418
0.0120865196723643528070565039852872475896963383659325572260083535307461954374865384012425883345871323
0.9772026242286457635316634496142941076945874626746811726736410635741596824407189698516986487131064841
0.5000000000000000000000000000000000000000000000000000000000000000000000000000000000000000000000000000
0.0001903212517169578522676801847889904711252149213523488901905557143063640679493024867458994698607541
0.9999999999993458124871192297773660489872031969503886785715414816705178262454261338149583709607402579
0.3749155223843405134535513482849523495170911412615188025114457837553890241772976410005117383638566107
0.5000000000000000000000000000000000000000000000000000000000000000000000000000000000000000000000000000
0.9999999057232554065652715549778997817810603950225468304772051201593820892673170099793898118539944047
0.0000000002685072489638160599411925731478078856867357554308812643977544882607049019367632025711051462
0.0000000000000000096674399010225504762459902518193545063189657779707364284235581485674803957712098054
0.9999127442224712726046867371050016827817956129867571584040116635007501909552027172571911472850478027
1.0000000000000000000000000000000000000000000000000000000000000000000000000000000000000000000000000000
0.9999999992881049151307048525456941199614598500359228480642846753749690344155560334167231767985509172
0.0000004295816008894329731066305792818475422216627128617113908181372934428082150744159876607164267250
0.0000000000000000000000000000000000000000000000000000000000000000000000000000000000000000000000000000
0.0000000000000013575643323950855205638430067613455558469408863576843611889906368994330144070384797308
0.9999987872112982889638527447964937063983599139125935361646919718278345680598348499583939832065879223
0.0624318311827021027747453475827858917542317607888712185620695719215570741215287965647117814029841978
0.9999999999999992689587682667921550978301822084990784708601714841002460406061840353594529837918631554
0.9999984120540592580626954388421655164749755439780042869612038406858835772029588362732592236800620086
0.9999127442224712726046867371050016827817956129867571584040116635007501909552027172571911472850478027
0.0203071733634851113029438093791362161373607088497950130797363448575265517381436148395682265967749478
0.9911273543986092244660345134814448062181487850804916454707204085645259523628188971632843034399792518
0.0450689927192855602751591964112466788933315461787781867343427487336004318432625549620661925462972555
0.8720814805432878120121061724346035335010528311786830569470386167786111801304256838208392262569387499
0.0000000001830426311804987049721088162351999733368784707430856971942349774332785163576717103734518060
0.2199670271857070362087772790793486606772923258846735833467460106508942091391288440117695772840902555
0.0000000246141815488942545334504278909951115524326282206971318464395760261559276634489799113343825344
0.7143944880424338063857940098103358980440156328561414454235265225367214580531839478022722510625986619
0.9999996115121688519515738160255251149856860183307411102412882610639742277851220647263645649304745002
0.9330312769088181276040392590533467626153767294748308551936354637513674400227152736944048998811161117
0.9999999998575466828909823223940683016411724748371638981452494610710432322383618511836550359976420933
0.9884066968082403280061236386028447490730300756648929057678831269225252122316222768901379051662358785
0.9996883543003071209581595230640872964688538456336232575166660977013862870074201175415417046998882347
0.0000114005539417112099417777150281655428952778800891094673848097882622572999145671506902651133264737
0.9999999897402661592698371340958081579646260954344949166997265107547944650587157329195341359618916046
0.0602985289116365918945692887585969360080250901573199494704060758156679741712198830049768302946320146
0.9999955129288191653234397689591588593399233988102265772887024679888281819540441367224644188485068473
0.1423798940186705249698404617101264907479968667181785177023795252091773485056000000000000000000000000
0.7834271169812522854974801833746802986939185017821900201948691243256703690174272952954811903774297840
0.0000766067785809766085861709129711514228482468235409856257223390180532458587226675498239637368808053
0.9999999797006443647004435689233764867485034600109507877429528492869644989914484954466068986643822328
0.0000000093474871447914533312261567381105787251310011678129656476578362758542444443277199701584843104
0.9999999999999996150068573135739700565528661414157953780531645736603655143348406516914627562658474747
0.9999973456350074036270739351063009354268407230830352720627849360023942057943401089284238968032912197
0.0000013790609374943346523059314805958499714222449040544135172869825855452175302381813152293961868616
0.0777649440595588956394614484512640891215274114335615098607621409813483789206630037015167679030168169
0.9999999989131432674291084533418362649330931504638008561154859765135462988116561576027369113969184472
0.9501999404116579250403541126950562285816714189494530739635701352931361071617584305860915182829525306
0.0275435919182179927112272769710364523679940322445339942225725653153589118805219733245154905021105713
0.6952863517197312558564159453621957101090924945962775644590566563222109990949125855158766508248066244
0.0088726456013907755339654865185551937818512149195083545292795914354740476371811028367156965600207481
0.9999999999999999999999999999999999999999999012602410835800446273817799311483492058004302010696588130
0.9973646686566394654022044800772459445406460964642008032591720642398486086577345548417833258823434999
0.0000203916724860834754056030970323734509606068979608602129819732250495341221724155084199921801825217
0.1179036734453017767946640087054717939255187974261836803471930088039361496032720416469432232954529104
0.9999761725694181464661281531493485828328888466880745605867930827901856431418129105159270745884644452
0.6647766132168873350039332384067067396826655125649875762591969788736835782339547876503502896167056032
0.0001250732432782775797354135614502843094076710267001597359897451745947825599891683736731279571487191
0.5000000000000000000000000000000000000000000000000000000000000000000000000000000000000000000000000000
0.9999999999999999774027149257589460666538365470573937549599604573724706010332811679196443775917005062
0.1919373311266014074168077997817896878213568393480003158722245228161850269282020492690159429697966479
0.2402555285678673005943730020198235155097986678959556399453289447573034738627622360692589510450776873
0.0001629565189532726148381957009331213798673986609517270264070465858118885073189026499180521761676735
0.0000000000000000099026558384565163544628011925063483358334960610389098921506632605290815724992714379
0.9991506704722866795747963557382297274313693660932685640863483119449170127430265375236404992535860497
