100
0.81 0.55
0.87 0.29
0.46 0.57
0.89 0.73
0.09 0.65
0.94 0.44
0.53 0.44
0.08 0.18
1.00 0.45
0.88 0.60
0.47 0.12
0.87 0.12
0.93 0.79
0.94 1.00
0.09 0.42
0.94 0.31
0.46 0.88
0.11 0.71
0.11 0.36
0.20 0.16
0.46 0.79
0.89 0.58
0.53 0.54
0.14 0.62
0.21 0.84
0.76 0.07
0.21 0.83
0.50 0.93
0.50 0.73
0.32 0.48
0.15 0.23
0.58 0.66
0.01 0.33
0.97 0.99
0.80 0.93
0.72 0.54
0.39 0.39
0.57 0.86
0.51 0.02
0.48 0.51
0.88 0.88
0.62 0.16
0.36 0.89
0.14 0.86
0.57 0.23
1.00 0.77
0.71 0.17
0.52 0.91
0.00 0.47
0.32 0.95
0.44 0.08
0.82 0.91
0.79 0.11
0.49 0.11
0.77 0.43
0.20 0.37
0.40 0.20
0.27 0.42
0.23 0.15
0.14 0.69
0.59 0.66
0.40 0.87
0.21 0.17
0.78 0.33
0.62 0.48
0.95 0.47
0.53 0.32
0.55 0.24
0.83 0.99
0.40 0.03
0.30 0.44
0.94 0.63
0.40 0.50
0.87 0.82
0.67 0.93
0.76 0.26
0.08 0.53
0.97 0.36
0.70 0.28
0.39 0.81
0.80 0.89
0.65 0.13
0.98 0.94
0.40 0.58
0.26 0.22
0.20 0.40
0.98 0.05
0.59 0.33
0.33 0.71
0.52 0.63
0.60 0.23
0.54 0.50
0.36 0.70
0.98 0.98
0.82 0.11
0.36 0.44
0.27 0.33
0.21 0.53
0.09 0.80
0.58 0.29
