0.9999999999999824183004509607629179771962808921561973445890163760408609958012346972353612639445922486
0.0578678781538179040135798045584116950434030284349445767265615948009603443286343615182932748903130694
0.9999999999999999999999999999999539967491502945846484170158047622220732806801849963877199739797502467
0.9776829637746779441664381286124205964146630902562333277209107083513458347232794183484331845292622928
0.0151778251053305741107496183285621974161140708804067821105068015860178978954862344087970613864866121
0.5460384161506081220750718530498959607883945475928487916874867204228446375524915472695602792753065805
0.4049010698196948553991470365776995710052732647509628047926300822333608728672742828248837307506927497
0.0000000000010471017816401450026071847107288589905081659152913737151410566920685499219914986782060802
0.7532003166190876682717274368328630145279128839314629472423773944294594956110257835695654504559227587
0.0000455864532639443009009443784026282191332903390960812111164995518483976378155652525845813414246090
1.0000000000000000000000000000000000000000000000000000000000000000000000000000000000000000000000000000
0.0000000000004036050801974401964909101989648264520248689424370871085273920120110384395776261973218949
0.9999999950370218161201084916486192397052889785476315724030577651012963260297715770575415012513130614
0.0000000000000002052229073128454469274989498794598723825615297535499825069600303755548941441983619643
0.0000000000000000045545526337167801917735362840249167406984717442272142224771104586423650391602127910
0.9999999990321097402535645893577302595038301670293849582793249897226026714566687744889192637451181810
0.0133579074682549132062507256225330340866883624346093856697560692377906529647471194991854771845095917
0.0356528702197973803545585606486885353594127162648425487020493852633806175608239895009655751043318978
0.0000046997894325563909618910427139775926237801883322803934801455931124986616041650837305140532053447
1.0000000000000000000000000000000000000000000000000000000000000000000000000000000000000000000000000000
0.0000000295912730477871625656232707677643505929117817581989702032074653040263463812624519827514329551
0.7712166737518857179078702151428328325256275260587841560922730548876586537439512246914387164927928305
0.9999959027436630167913880682126577605773274291963373837745389257896155572991945412612259082824250255
0.0676614496127313619639467162705577205408755132040642207837549634081925448043291598455093236368548798
0.0000000000000159643693025352154099083654022499991082767003762340984744754547491813093570732406795224
0.9994688152393429065184408432652984590891920767458557588620081781732984897622021203413814526658325608
0.0000057242407239904189167883505791964868868916686141609448975494881131608486020174807613767447445772
0.6625336315504470655374079549249610644567700430447646403468196118384245015741430493247220762173258528
0.0000000000000001543537656163866270247385774477956127419879809176937216993661381806358704672303323530
0.0022625826913841530099730028840347061830004776443661785362067599380332202589329477000629980712886369
0.0001776302447772483920061298581922246793775744026483201473143979448834882976546073942514037434753606
0.5475914798588304184285093478620386788896715760345931885053144434174895543494571210748882217131087467
0.0000000000000000000000000000000000000000000000000000000000000000000000000000000000000000000000000000
0.0027322283625556292470553506064795137147646991522328481326027359717240624952387290606141034063183348
0.9995870246713091443953393835781351099319071406663678088579827524574329285550439855650245131156618211
0.0000000000000000000000000000000000000000000000000000000000000000000000000000000000000000000000000000
0.9999990642565172092126516230106211110910908580909475456676357420789484268184115859469469035032013077
0.0000000244631469071492147688925836288203474608399071485714527645673018904179118034989196483914148846
0.0165901409011651964964057413022674883168058319259537860995068284681978776945252826075711104774199004
0.0496269638279949804244829367513458281491897893238351928894469483233619672204767341253243367870733768
0.0296497085211401446251298721628356773832897056853421393208416457972911629880003611541657268050219936
0.0000000000000000000000000000000000000000000000000000000000000000000000000000000000000000000000000000
0.0869683383582998124351064576287354165586681537083748095510232080089531848580335154820052545995299034
0.8033711595246010298088432276091535558956798598979123324975660197558686127370546688082638789452642399
0.0009352042682885061191915855568968007091597749828774575123630940813704592788448379563548322533748860
0.9999999999991508810157739914161111268153844970107911338105893889879822491576428150379966532511128481
0.0617575009407234549252636155454892100988859666055488797448506024359603369302344709946158744936598859
0.9494674471775072574255907820007984172449709779573814799448725897796113904568261199976696573432161208
0.0000000024282409861988129973451731102895061010966643890972492674515755355235216585769263568331390425
0.9999319362761015775528293035986358704276002826130015060329694304622877396151052836800365226373298119
0.5000000000000000000000000000000000000000000000000000000000000000000000000000000000000000000000000000
0.0000000000000000080505041600646055630976569584377043528128151270509262929786064730587112912980056458
0.0162155269933913050340543523335455143868654906572664014536481030716707062895083983929311230660595614
0.9999999990393999994345571818101215769140600448003055086460245482563779566888867918667779107679048715
0.0000000099036075639500337503844856782274272376048918461678759592355475621842107877876597314785340598
0.0000000202993556352995564310766235132514965399890492122570471507130355010085515045533931013356177671
0.9845162673266286650703439768224245468381175127873727274532284418939343472433103214778489165466704617
0.9999997958957313116706868752975974605989815162918058085022043793286036436424678421887548891959952005
0.0000000000000000230934177783170123233560836572650846288988797283601524874834181546046608189309705115
0.9911758459764170439084325958328145993864326060552043530335876071353203923717327060835506983537145491
0.5000000000000000000000000000000000000000000000000000000000000000000000000000000000000000000000000000
0.0000000644746735619811385664353162489542917757209313431240710449016382303936858596640147759841750624
0.9999553329117735114998089423000490346959774599690088355548800257363361279202036257616054224978888616
0.9999999999999995489871512720025240925903680376873268005255146731687622724098163140956251430892049471
0.9999999680549151459918740847691419088708623109281372216110957202203320409467992305192344368875003879
0.0057009593420214524954081044668723612671011379733265554508017537029115781045473459300499600616040487
0.0000002362674653256067635479191315307573629641252152146451170198424932493788033945359059169894697066
0.0000037533948404962667938148864020523862446484651512974858972915394644152672632312486089251759624063
0.2750426891827481200271181417928416775280063518439551257525365601797581260763514999419684297710377136
0.9999989504386378042706531442094039732706096267077539379168958152657729950541913557459741831172981317
0.0000083167579274386518993042926058518942685518768123469515690077734284018692476477832384831006538836
0.0212003167865123510722291368944449363294846903503098861314597470332180395888335487219227213107451080
0.0000000000000000067805295422526639119262655070569495970308751616489050787028904016822344470770647064
0.9999999999998786267213264905548214275727487421672843103924089211032518148289044639174412505672726461
0.0093296042258443340339787749000906160461672522641265129219477751327395783284081006242705644725591191
0.9999999999999476148524428040400042344222685573899882241066198836894481922505578716437311407631550004
0.0000000000000000000000000000000000000000000000000000000000000000000000000000000000000000000000000000
0.9994025353247128986440006186146778486310858051367670191234448644169216084840624648763843097433837743
0.0000000000002236312037364752932788386430045577477362595117995575905883350765811858099952690539679295
0.9999924243022688386012736263435713778552051509506088877851479295458301509065401940777324420714326828
0.9972796379953080455437853465875960656771909745920629852263210489673046433215131290309259875841759096
0.0001958640339899282682051252769864673622169992033220729220907518419452472779210887228442556546129662
0.0000000000000000000000174882384610722742309247450353428820279675738153466366148253307650495306532326
0.0100022829434990006319740086476877592591245058291627445011409152606117189265823668524717456494540686
0.0000000000000237934095604521035803891882795339060934097634465026077318394012188984780533692430807700
0.0000000000000000000000000000000000000000000000025791379343671142599780118998566142163587306581476877
0.0130886087790923424632500600540140859611055744616932471372779080860311971718064063534513822376700494
0.9999999999998656975707161422699562801212620526692337600391303362023216046260290285083990002312912032
0.0000000000129954807810445543297216336434661697922594919024556972459468377930347814509623605380188940
0.9999999999999999945834966997484441660550066318599229099618773824044226353877849537082510495500765974
0.0000000000000000000000000000115671440570509708578389708337594822175723513448626303634481938877737341
0.9999898153297231850769049264581974243558593370691510815031527879582547153966574264965365608994761023
0.0005114352427008360072312226857226720236208461814454846603916877086644044430547951232216290710419730
0.0000000000000000000000000002619042752258085972690745997817645992273934286692847249192780484303019774
0.0000000000016883418938219079714607057839813137270218201880724314827317094760913865894100136027092454
0.0000000000000622581967120900539428177331707014999114780991612510756803236789051939392094742741961663
1.0000000000000000000000000000000000000000000000000000000000000000000000000000000000000000000000000000
0.0000000000510952770304443536080688726376968100143409825160468765784811063087700022244966480890905088
0.9999999945210704515218366365283261129997940491806703871242838638526950226443395984508049709483713148
0.1404647559114416635034655742733474010575090960627175071971535923339856168302330848675715541202507437
