100
0.83 0.17
0.03 0.08
0.91 0.04
0.26 0.12
0.32 0.52
0.69 0.68
0.71 0.73
0.40 0.95
0.36 0.30
0.38 0.74
1.00 0.65
0.17 0.80
0.93 0.48
0.30 0.95
0.18 0.90
0.34 0.01
0.68 0.85
0.64 0.79
0.10 0.45
0.48 0.00
0.08 0.51
0.29 0.23
0.32 0.04
0.26 0.39
0.11 0.76
0.95 0.76
0.12 0.48
0.21 0.18
0.03 0.65
0.10 0.30
0.28 0.61
0.29 0.28
0.00 0.67
0.08 0.26
0.81 0.52
0.11 1.00
0.63 0.20
0.06 0.47
0.21 0.39
0.31 0.46
0.12 0.25
0.89 1.00
0.28 0.40
0.50 0.42
0.24 0.52
0.99 0.55
0.70 0.82
0.14 0.06
0.23 0.76
0.87 0.56
0.16 0.16
0.12 0.84
0.66 0.83
0.95 0.50
0.02 0.36
0.24 0.74
0.67 0.47
0.89 0.47
0.33 0.97
0.86 0.68
0.86 0.86
0.36 0.83
0.87 0.55
0.92 0.25
0.97 0.62
0.22 0.44
0.31 0.77
0.41 0.81
0.81 0.85
0.64 0.21
0.08 0.40
0.14 0.29
0.04 0.71
0.69 0.08
0.42 0.64
0.82 0.17
0.08 1.00
0.40 0.14
0.38 0.95
0.87 0.51
0.64 0.38
0.23 0.55
0.24 0.98
0.03 0.12
0.33 0.94
0.05 0.99
0.53 0.73
0.67 0.07
0.25 0.84
0.98 0.35
0.03 0.87
0.76 0.37
0.21 0.50
0.02 0.83
0.01 0.44
0.39 0.96
1.00 0.46
0.09 0.63
0.68 0.17
0.24 0.33
