0.0505325528224927425744092179992015827550290220426185200551274102203886095431738800023303426567838791
0.9999999999999999998848944713241272342786566966266332637610744970142577768073603719373638556602550764
0.0000000058640745038184761450950665289665831108274031341580055032695299871674201891636733088960899551
0.6663945490397663705727848489324577706713136325253114467615887858014801141715012546075791437109485386
0.0000000000000276173515284587023342921806104131117173676530400240284533665343588077173214980352081433
0.0000004801615389713590001973108927225348229947997209609673829831045919000595527943847588719691830660
0.9812758618540319855426260144972512575954023614804983280681755562607314290483116661672663935459312194
0.6790746414738942203682255168330368182120861689861050799531073064597044890750582983494466779919890117
0.0000166115719476003803535725046711415707866008905472622528597466464467635945077663370000815699272630
0.3955722207734227313118320956731697498224537212287915728093870256517829805232630328865887780039077657
0.9356055386172497123081077627000772280789291727460079068199055630435395228403091325319691266462612318
0.9999999999551435107097338278213344347415982046218377808745086402146342048381613892861017358547444108
0.7847077918325022386950236054156493845995178539211952064017317529506349124123867046402129302678045328
0.0000000144784548559737176250521493170099970447830878140657791675451044840954195637084707966795599427
0.9992901635614493441611772480906088984893105692060756174192662479376673314846104247710673914956451295
0.0012092959017166768260517379342880518849777686368093089401361649074680794728617341208904085022228263
0.0000004875633605367188607116677431037566204422482169991226340975950339469493674022366705381892110362
0.9999997803673905846270093543204458135746396604078517957592676403600860872211185556103348272799950054
0.0000000922705829511389391440774605122038388742144119924768458595567763765248852942111880361962204620
0.0067962811969886958648721127499534392462791963842205159853987877359734330328854265282935937588137036
0.8996058954942637335109614329543430483955832401116109058042632697187742740090952675740505408049655214
0.0033818423979766842338510091200853813776378358649920305375111973160697495519783480534954958440871989
0.9999999999548824961046818460921845442385001451058058998670750186743120545858320038118445676909704266
0.9998822795678031760232106213471376522106391676208958495207714071635912477550389537549224156018024837
0.9997700145943697025326659873625606265656371521691856583478362095763157528283367176727838799585928798
0.9999761919941633382147603634946171427319674005416047176925603170897051538052658526835331610010150809
0.1753381232185372557362158324481489587242408093769856669723839413545147014523559678737933817561755802
0.9999999999338902335320500158168000698909388770762897545326190554467408548009026533770023604457782271
0.9948449183301133118332492958268162220741464010135244882983554505438436569885756211770574132199141785
0.0000000187216576839636119546777981883249447067129512363356363775347009179920364343246108272612258863
0.4517990503267590205225202655558163457339072595496608926147955642143603812919650061288487362108956679
0.0673800074348946357986175760531208498418271889653315714443778065028317708962366908549841149338552981
0.9513830355091910268508535834236580461584559742538486981347149452804453966749145935005681621138924982
0.9895212725073417991515042033311621004073256579895334391527394761833302614878312057377429579681313076
0.9999999999999762065904395478964196108117204660939065902365534973922681605987811015219466307569192299
0.9999999999999999999999989826246691340820456401329833009673505737694492734735044689152149907875225064
0.9969233983891496235773390655336759992376360693518490475936865067285196108217748201997762114182265913
0.9999999999999999999999991796572791540061568058118090363844326057372659957801847950204260455677009330
0.9999999999995773177488517120480674776433838129097037719312004127265091195437908532064813380741292458
0.9999997138747126865288329513834657599232943233263364498577588474026961512201516227274703881253321104
0.9926328433124020778695826043194501489891221260511209805338321061699470854148415647231013814596552296
0.9177106963723256791662793609696230885623550471293494766350486049886879699415499936515885714020365980
0.0000000194361866126842968319707841187485032767104081471627955940994928651815222898752043026205879431
0.0000000000000000000000000000000000000000000000000000000000000000000000000000000000000000000000000000
0.0001039140626119586378428170379040217060284294074758577781063886875490623617935125515155673169556637
0.0246928755511377961485124149733896930047730233024201514015755294094460445412158974260181534046488755
0.0000000000000210437984036110784480258119470010856257897030700000043690078687526945607814658114443067
0.1587091719529813540021947318698112224775676144107587338129974466596454845000935678258147590806128545
0.9999999818243783853732291913053637251726177323431341606478594414711901933700372646007387584456155108
0.9998150791204694240234404647692471470837373143061812261628969996170811833843279881659266114075520250
0.2103049523563598787384298866537454488797915438445060516232364795837040334473168796712465218458197653
0.9999709940072761899186862879684210471949101719856455532406410378932100493482417601670843344494483217
0.9886761691472095114487450665870940397487255020959502691486951940327253458800778794568576139172328883
0.9999998553502931096536037815732657489440911335629294658499616497541138313850227161859904665671996507
0.0008891588097387110630611968885438818356349523365745264144268578531368361706432363447723635016000919
0.4008348812646447562911813911130406148304031996547674153894371721342543528168695714479973900320922285
0.0404901721190157925996763666818921967340662648560472152228587071453331307332737601869485489483781464
0.0005655711277081271144890165815246049163238740868862168601402593889879495326782029120552586015811037
0.9999515411501493362553378459642970212832285768769653918276989188617987118450841342384025698722865273
0.0000000000000000054165033002515558339449933681400770900381226175955773646122150462917489504499234025
0.9999999999999999999999983911556055044338271459827367577980055777899656833726982561577224737178562080
0.9999999999999879813115539997579140268355425810607267161873854829088846753172278357313175222727670557
0.8029894638283110848540236255282609303472499155549777596267964827261689049431694062163849571572840131
0.9963490824815926798444314344717727116095074388781570392827238774898991403893017402389532102831448761
0.9999999999997001934949215861016211518335896134258867909364094071870526112995903148638620798649281817
0.9999999999974574578831751010503968897193815381210917384343634559361009127838869001983549084270641175
0.0987862663116953965230704115344981183819776257618800270122647533132522561650390757910213646658464239
0.8804749872043048239419990095888747181460049545979602675335304181282432998209107010478686324768866089
0.2277497230170886615686384094691071746765718091329909690804386179103209460288931164501465706681853218
0.9999999812783423160363880453222018116750552932870487636643636224652990820079635656753891727387741136
0.0000059159276587667676745343206666142417187881601618445775302414342695932615333053229297693378007406
0.0000125737956279027633879904612683583378465425003553902585622657959972179652461710113841619645156199
0.0000000000000003261688009701931669346174592648602668251738591810099757434643200040453436816890140556
0.7383917017014950227549331667026623300748691709228222107216288915433588080554338617985377070690303624
0.9999999999999999999999999999376419266280527003990100690447746673837740233497155844700266929008810262
0.9999999999997763687962635247067211613569954422522637404882004424094116649234188141900047309460320704
0.7763861686325579356409291848541378380604516923451123330770210011192567667852180603448936238746557257
0.9997467045419106110631069834635066486094610301540737617353505207161559663112225722762315087744169086
0.0000000028383348947629612877077732697344112470791364105828266911812751282513414781402131187650402401
0.0000000000858152918416789874769923362324235249032873479037344004939567579341864558439792046640217658
0.0270241305798997911457640793039593927942663077069127734919194476783370789180602532427030205437708375
0.9812353828027618821972264937465533106059347461073510240930834972536593091976420746114887342016801575
0.0223170362253220558335618713875794035853369097437666722790892916486541652767205816515668154707377071
0.5000000000000000000000000000000000000000000000000000000000000000000000000000000000000000000000000000
0.0000000000002056841229320418639552765382813135179495273513028576926615558095942340594032346037315063
0.0000496035953363144735460080177381013093347406802194192892798958183033837374315950608340062077043332
0.9999999999942716529472600566233918215152705175589788759137508118152986826547752064481508851005818920
0.9909042540938424242714572796716499612779554609202498235759854714619334819434203925453982134220828047
0.0000000005940672355918490045636943608335765610055864276193214749067336593025096478751577907293832923
0.0000000000000004069674675505609531155775778372062467236129261489932520544532950610653695716195106419
0.0000828310920715208003912719544385046107702279569395659164991583192428925862668084687895414008801339
0.2261805253443750526036092698324458822077607723033846004368111038375433810225207095286786192667818534
0.0000523695739492740670963958747251701203164451805541693399470853923277145861952975822005312806264608
0.9999998313937682570797489043509861227971752176279414274285676658812912768707225643182676132619783945
0.0000022831419547471547864626077465329622428203608842293308800679780872995387348480025303119942565403
0.9999999999023378523587264092106072462470818765754714572481041048632271912415691022943802935210109506
0.0318558879366463137336157862160369322657492431697855118087239995760334195700013671055795509431684470
0.5857355248287931554741737165436429552030305823066180397843009996434339608792918890334729837300234487
0.5000000000000000000000000000000000000000000000000000000000000000000000000000000000000000000000000000
0.0000000064467446667372135145042002806781676400929934386605517169459175190992476347157628571993664508
