100
0.86 0.94
0.99 0.36
0.05 0.47
0.45 0.41
0.04 0.62
0.67 0.97
0.15 0.05
0.71 0.67
0.11 0.44
0.77 0.79
0.66 0.52
0.79 0.21
0.97 0.95
0.10 0.56
0.85 0.59
0.29 0.57
0.28 0.73
0.68 0.22
0.74 0.99
0.17 0.37
0.59 0.47
0.45 0.70
0.52 0.04
0.62 0.28
0.85 0.56
0.48 0.14
0.06 0.10
0.66 0.11
0.64 0.40
0.28 0.78
0.72 0.73
0.47 0.61
0.70 0.55
0.87 0.70
0.67 0.06
0.98 0.22
0.78 0.54
0.93 0.12
0.81 0.18
0.60 0.16
0.85 0.66
0.61 0.48
0.17 0.66
0.67 1.00
0.54 0.85
0.65 0.81
0.29 0.92
0.59 0.68
0.39 0.03
0.46 0.16
0.08 0.12
0.41 0.10
0.52 0.31
0.74 0.27
0.75 0.94
0.74 0.76
0.52 0.68
0.09 0.32
0.38 0.09
0.02 0.65
0.90 0.09
0.96 0.37
0.51 0.43
0.39 0.17
0.59 0.04
0.53 0.03
0.64 0.75
0.75 0.65
0.50 0.57
0.72 0.22
0.46 0.84
0.32 0.71
0.19 0.88
0.51 0.45
0.91 0.06
0.95 0.38
0.63 0.56
0.73 0.41
0.38 0.88
0.36 0.90
0.05 0.14
0.49 0.30
0.12 0.26
0.61 0.61
0.13 0.76
0.18 0.52
0.96 0.45
0.46 0.25
0.30 0.84
0.18 0.87
0.52 0.84
0.53 0.60
0.34 0.70
0.41 0.05
0.24 0.66
0.67 0.12
0.66 0.81
0.60 0.58
0.85 0.85
0.18 0.69
