0.9998310608225295460803243100257452046412168498005266568735020066660754827598376830528661320038199087
0.8092686307628884915319505761849316096061878752760350032538665798609308848801415925682386475367951642
0.9999999671519780957883375268928642539344590574053323341043182819033385875364436000055621100356816824
0.9986360711147225934626101276428188213390745249959997748137126374709771275610668027656481660335358098
0.2613701024253370693595541018642317552956498895341187132148341034264957466998713484664521753052104559
0.0000000000000159643693025352154099083654022499991082767003762340984744754547491813093570732406795224
0.8314054672500094119006383348843002466806940413899893894899624343223364091789938425390046947057142009
0.6357135508028074707751591049169338969780419363116470704581620076459562367431849308088275809324116032
0.9999999972814977604544798802796474942456503222654032177092296614862328700122464409591358722910558583
0.9999995196193068500295820256448798646271571175652939893096689104055661431579368842146456367767827225
0.9999999999999999999999999999999999999999999999999999999999728752800802070170711894273147345766088615
0.0346931319185824215550604729892579187489793437755646769916670332291634986090065806019423050684211608
0.0000151758451066656066520235400523522907436173117155363437741501452856547221139048765823540607652741
0.0777649440595588956394614484512640891215274114335615098607621409813483789206630037015167679030168169
0.0000000000000000016320744673729552889916384704176770309824758384122897629528831781363377873165634893
0.0000000027185022395455201197203525057543496777345967822907703385137671299877535590408641277089441416
0.0000000000000004703691836195374517455254447538478909387355550147895082163547818885816153364531502014
0.9999999990413449759865730098304118659075973171711624536512071178412312508390152225062206016486206352
0.0000000319450848540081259152308580911291376890718627783889042797796679590532007694807655631124996120
0.0000000000000055928807983539563533274956078139152688056000778151464949677746867413915021388939244445
0.9999497236531608607692035501535200137885032971673219577157177738333014117889544838369510510770252501
0.1740514393966787346644154557177798504477003237929095661988743525205930897233751056844698672845990621
0.9968828573870784221596040446425585064133046157005474397218431644996507236709862680488243430662893566
0.0548362176389406764549085632713513782489914366683872749987059049444560364786183020002591020007154984
0.0959695198981111704778756402127073434409370068731906294726769796639036503951591889368190735898712319
0.0001958640339899282682051252769864673622169992033220729220907518419452472779210887228442556546129662
0.0000000022578707561483444252955776879214248910230215838174437189875478684523572323724106808054771925
0.0000000000001008895681249879305602199459360663450791163577122737889588236088604230731019828316012679
0.0001288674976811815078547691453421054645477217415839935631477551720673730661090344763346338745952256
0.0000032505130249647534186060381829215493599052554103368778304770700337120967815242801463411800975133
0.0000053327611451416193848225657554208325646486615570929286544269956840914626205132349352417810339471
0.2111281537383381495305216225799564256101793915940831730041228603592124293407825226670105767798245018
0.0004129753286908556046606164218648900680928593336321911420172475425670714449560144349754868843381788
0.0002747068932787645415812238640364557723166426616160257672137936059762721773517768166328162628989857
0.0166245986677164639618513518224908812909352775257912711691678710345398813080620792194708296880754942
0.8675711530867648091433980990043394108685785670250216320949572035219106637279521365284790712252662742
0.0001182484262840851431494835624058958387859735758170487644496581027120060313932441767056075725770619
0.0000132985309977675648177406494491711877187411765789548002668837231221547772128871288075418396277600
0.1368852158426864844978418657442978661333296728174646818812025724196861862688202657169693458451760774
0.9996031282745922365636305743612964348939703865122350738556460949284994536346547071077164782419538078
0.9999999999999999987608913282172129554332657076374194756105302257823520524931606342257042906904420369
0.2402555285678673005943730020198235155097986678959556399453289447573034738627622360692589510450776873
0.9999999999999947406738824237465496925864004244394679083353223737519543439714988945209657525971068672
0.9999999999999960261857142126758695719384392641489353812305688094131145385071909982419304540902889890
0.9503730361720050195755170632486541718508102106761648071105530516766380327795232658746756632129266231
0.9999999812783423160363880453222018116750552932870487636643636224652990820079635656753891727387741136
0.9999999997100549694755269245630148464148858293507800363091953574590421715644481927873402285247590269
0.9999949298237370835684916619366178562538337996603550195146209815141699212664061582823074957329033561
0.9999927651569625610420352116406253296851869662165049605189978235221460561284292908342717281345091373
0.0000000456125554647826854868322067446142109926283980123743036541247643053549359528204000846925040556
0.0000000000000000000000000000000000023554902421275195847848052641986479788425869490014335065446810533
0.9812758618540319855426260144972512575954023614804983280681755562607314290483116661672663935459312194
0.0000000000000000001075892437994750879993645273158827807915934460315798650534566685331328597783894610
0.0056148842626744003528778829389913377917733231176700870625133078025880388098233796835957750247758897
0.0000000000000000000005041689230781947357932352562653159157582854413577381636761506676777860958505611
0.0000207888607144307679609026341170211434406982537550361412579107482612411504483719657845038154040269
0.9438070177333262855784291499333590436069582860333333830626101778759370557240188545613012423456401051
0.9972629747945168718555729088386630710684942456646125231235914454271902421001933093010667436375679029
0.0000000098933685275022773824138738051741167918567847915960080128404952227522675616901423349685700642
0.0000000000008073114735182080401423293445398534453888514843118817810362624767488602823648753367105119
0.9999999935532553332627864854957997193218323599070065613394482830540824809007523652842371428006335491
0.9985096194227957743306942775684839517280210298957049160315781535869173892265014320782703525555090354
0.5991651187353552437088186088869593851695968003452325846105628278657456471831304285520026099679077714
0.9999994518228195430724783761033944700916734017842320336343432348408052303997331499679723129200290406
0.9999999864113374983619950630149630617292166006275750752692110910730656753439077624005725734072827593
0.8945780098360860790085901413282880580504086033888799939460785540159849351415830387702139953571900546
0.9999988931340324989390094418266639263452956736836214808889339494058759876143632586681726065719192285
0.0000000004156397612602721865737674841536127585726653268640792062033114391477745066679767078712695871
0.0817948643920736805245438163224386614345199234186391889637597694497694768322742453874688209356993798
0.9999977168580452528452135373922534670377571796391157706691199320219127004612651519974696880057434596
0.9966181576020233157661489908799146186223621641350079694624888026839302504480216519465045041559128010
0.0004212977900101465684818599347051319670027625162642496472258875021001571352214260320091062643527852
0.0000123174068377787043746716108683185821245410968605060250478295316087635474634384118111733548292609
0.0000208422758564342739273264833663069159395988374211038987775044643020841331262669301251233964589699
0.9999999994870007187844415119027975753428043119626838316643111380370334739458731378837775176318350723
0.9991602027416733921163041253415057215365017398677714359607411051523816107430426711206315347453618395
0.0122367469749028526075739488742253635670260146854384831121520150649132480950482151815505271746925822
0.9999994580387586650653340618313559733805989576048525927338826483474703673558780081830249040642707163
0.9999999914180865506655301655339724390334369210964236858339115045806937364326402576963169950023481068
0.9999999999999999999999999999999995816888120882815630963075959754460817628055111292778366409632198200
0.9999999999999999997429904209860736007508572218238379461634805804707141664956959685028433017383595847
0.0279294573425850188396288871117193683367628042895703325641822215991781109682335722108374732393027212
0.0369099149521065605478236879288967273006054117801901740444765462122077253306914929074515454077380297
0.0000000000000000000000000210966854490218089501989014346831235543067610233295439875668588170472366817
0.9999999437506834275677941305572643070554573040734439595453418095888580642509573020014858669878534901
0.4303038238463570832338373904721846560953989546837850644875652531009197916491050613638246067979460573
0.9967282568610395926411734211107481194319589244265409735890525534964351787596066943884477096909381320
0.9999999999999999999751151123776060692650420756392211682582413217136228093099664848635596432746985049
0.9288751658155927641477826767781950919287445647213546527435300627701821578920435013949292105477953576
0.9999999996273748808351249138572066491577584505528542070085913620296953055486667186443328375860550901
1.0000000000000000000000000000000000000000000000000000000000000000000000000000000000000000000000000000
0.2980761062481635422192511038385811203331861780527347360064310819797986505390819710015448970077878003
0.0000000028200773625250161441571292662509078471151926238194156752033456189893508107302513283651743385
0.9999135972632679311160660992006883387356066548375921141536442287653889944418486668314301280849747262
0.8392351824299768208169408510114611529903815102373904381542614141457007067927154697427865470811721000
0.0000000000000669942020318220662869243521512235151413653777360770664444324628133377089211686835054300
0.9999999950683550598409972401728903152361745097512366117936071127636725854717547073196162509535305285
0.9999999994856070581641987112127497156235451967870787008465388308666632994127871122504938288241257842
0.0000000000000000000000000000000000000000000000000000000000000000000000000000000000000000000000000000
0.0000000054789295484781633634716738870002059508193296128757161361473049773556604015491950290516286851
