100
0.49 0.18
0.43 0.35
0.61 0.14
0.65 0.37
0.50 0.56
0.24 0.89
0.58 0.49
0.33 0.30
0.93 0.47
0.74 0.29
0.99 0.02
0.45 0.62
0.68 0.95
0.11 0.20
0.08 0.80
0.07 0.53
0.17 0.86
0.85 0.32
0.62 0.97
0.17 0.84
0.36 0.08
0.75 0.82
0.99 0.93
0.72 0.84
0.08 0.15
0.45 0.77
0.21 0.74
0.01 0.48
0.34 0.68
0.22 0.63
0.22 0.62
0.64 0.71
0.19 0.48
0.39 0.71
0.76 0.90
0.69 0.59
0.08 0.34
0.18 0.55
0.34 0.44
0.38 0.12
0.83 0.10
0.67 0.73
0.82 0.15
0.93 0.29
0.69 0.54
0.72 0.22
0.71 0.16
0.91 0.57
0.94 0.64
0.10 0.54
0.06 0.96
0.95 0.85
0.12 0.87
0.68 0.87
0.19 0.95
0.31 0.69
0.73 0.59
0.95 0.80
0.01 0.30
0.15 0.77
0.69 0.18
0.74 0.47
0.76 0.74
0.64 0.20
0.61 0.13
0.39 0.28
0.56 0.15
0.44 0.93
0.38 0.51
0.76 0.34
0.55 0.30
0.47 0.77
0.33 0.72
0.18 0.54
0.76 0.21
0.88 0.64
0.65 0.83
0.36 0.04
0.66 0.16
0.99 0.14
0.98 0.32
0.72 0.86
0.28 0.44
0.13 0.95
0.88 0.43
0.87 0.88
0.71 0.46
0.80 0.06
0.41 0.28
0.86 0.32
1.00 0.66
0.76 0.80
0.45 0.92
0.81 0.48
0.30 0.22
0.27 0.90
0.56 0.09
0.95 0.49
0.00 0.48
0.17 0.68
