0.9999999999999999999999837294771942707826515659410289530182025158874353159386455381487611746578740612
0.0000000006560200583946526847474461683984530779291246153449417207220800806102401173027613396348258184
0.2901540396609991485338921094164029404062962333642955448892242061924709922833382101148247045764278426
0.0000019694112756547787698231640160927863773828813469763602139711751554233578847246412697710900232939
0.9999999999999889780807631705148703588974142445014349468955139903989808215533678374481462298271526136
0.0000000000000084220565023044475358580978919652302320966340149310335879528401873246879839090024743893
0.5000000000000000000000000000000000000000000000000000000000000000000000000000000000000000000000000000
0.9978681550210675910267171976309428251693621205333759012666056757556754716461426949658989282079509464
0.9890709787924474015641359353311431684547295550171192507257301318189609067469691015010194875777385543
0.0000000293419175836192297501769112857952231776259398859252215895491829807762453795727518662204521620
0.9557811115455799377264405517418973405014535082565372196191298923435591833044056449713423585630554225
0.8904768370430568064430869331931038402670520165631169816889814882834429198093937502588841371193111121
0.9999999999997763687962635247067211613569954422522637404882004424094116649234188141900047309460320704
0.8490467721967242202295164985450008591240260274732727128387770980359730283315613107672931136780063565
0.9999999999999999999999999999999539967491502945846484170158047622220732806801849963877199739797502467
0.0614682153689542664287137163345970078696805374396942383448079691999058806700454671222413160201455296
0.0000000000000000604484746217317294732743115575348990496853004369334114007461403985290050235806848420
0.9999999999999999999999999997380957247741914027309254002182354007726065713307152750807219515696980225
0.0000000000000000000064190300743300771410677066642238302415753436438665842964096659967911897443463049
0.0000002600325095819665216298567099203011950413131464068406064372033806926786654566971275696940579157
0.0000000000000000000000000000000000000000000000000000000000000000000000000000000000000000000000000000
0.0000523774098343723233210031663507685970838262963947086464078047510244663601352903476224410995848483
0.9966962581541053938723538075682938588361219672496332630278008852733145712848771827154377513523964711
0.9999992661930065937433455116789706318456656329321373120111837338059966097811004978698022567711877240
0.0000000000000000000000143629360151367690541681305972776448010380725319866310519944788372990359608833
0.4529695495549421817596343358654642520123830470671587476028437069396598561071316233387564314408461708
0.9999999622188200176297197630468338403650054738861730312939805007656989731798801685602248437102044769
0.9999999999999889780807631705148703588974142445014349468955139903989808215533678374481462298271526136
0.0000000000000000000000000000000000000000000000000000000000000000000000000000000000000000000000000000
0.0000000000441213229821859745555086682988490726548676180082978455528371883642154129073208245116713836
0.8020223398835914420632981982410093256857607948803029985846544254414762431550883859297501344539516345
0.8448580469586875157201020490152037423821883948973112973250942802206081281646759328639711544584223352
0.0189954660038219690273964192130034788416707353751511845291000447559950289200259328092448994133689551
0.9999999999999997874534465819801035399416791941467865228285217248129369021882556503880473430775688928
0.9999932833555249357068181885938270361501890597969762466645363907165566071893370283566772945667628998
0.0006130222521696600796284553242356137811942371795322837839582917996598994990106664007596680036518414
0.7545748957123457500365723666430335000816523488418068448033528714997813427410869622803248970001808398
0.0060835716970347053834684826966361686042568828137954388941312628802903834727104528811005495406872063
0.9999964551928389005944603787698598554948378337186358555459272637732220654962885429949626141073487779
0.0000000000000000293245017427458195406853835013265166544908356630348200837737817672719432165332950417
0.0428774192339563417857784658312661014328012316833248304296841389318090139325306879012025200285795395
1.0000000000000000000000000000000000000000000000000000000000000000000000000000000000000000000000000000
0.9219317479082751444037913347668569327006856169078730130767502118870341993387828888225230148540324438
0.9999999999896988367649980181831364390317919302220379011747769410431169312374381746763208268861344469
0.9997055913498178362751312514941458100932628367656138153057967140785450287414794141197311601300042981
0.0111048184959223556713029673787504110655663611395191680681247146843803784107151678789679479111572501
0.0014659835771568626779675578062724357098575496721162153935205057801835853755139347648293647081798875
0.9999973944704245246084147140693452980257908695185042659774042230781247661702137439857788981180198252
0.9999999999999999945834966997484441660550066318599229099618773824044226353877849537082510495500765974
0.0000000000000000000000000000000000000000000000000000000000000000000000000000000000000000000000000000
0.0009508285920029710547731376951141845803633660231618337484390896078599982735302991522795274647123105
0.7382491202309952067297682306370240379445870811022692072877005090054953688979886166756620172079608632
0.9999999999809192249730565664414067485198322090417243740376892855092859263454643863241885659101344950
0.7457842669712708549473996617187801900378954841369991625313208699952884180690666911884948954486171382
0.9999999998119319870317402312615867067746285535468183984695427523848850111321820857764604871663969889
0.9999997610078319733670444744519473619008010684359187710045387001637560943881262012386288998533042999
1.0000000000000000000000000000000000000000000000000000000000000000000000000000000000000000000000000000
1.0000000000000000000000000000000000000000000000000000000000000000000000000000000000000000000000000000
0.0000024955090957043874413737720862965121774151161421969911270782554232529646199634282395510226657764
0.9999999999999999999999999999999611880124851421503009597612291871998155408348610732853621370037215555
0.0505325528224927425744092179992015827550290220426185200551274102203886095431738800023303426567838791
0.9999867014690022324351822593505508288122812588234210451997331162768778452227871128711924581603722399
0.0000000158727973630801058682369106518996831320836142849373745780383968867759332925055724982505691765
0.0000000423619076353390925288464908303172632818354220386154787307857734430382338301038822276349375177
0.3737417149287742187910054261319261597191671566055921806544280770803284650238863832175971882263448220
0.3241038755439150583634535379521145739321833235645402068944454735783379867336575947361271151865244881
0.0009977052726362571627035718934868223028351845215583064552848053186009557422880250524239844188857960
0.0000003066052066946183369639658211585701429848539090231912295765759032562887145950257452340625851865
0.9978142373903465345388864997456386435011792921160067372021414250592944696120317930421769782449407977
0.6344672950335435687964673754948581926018043713334898239054657573193195387102881458364799847124904326
0.9999999838883449696125298339340467503660788640335219134544829020695915178247313217381940135370883348
0.1336998093029667042106612049310703178722989788353557866709826349578914747670723272613946489739929827
0.9986501798643803831303782640564503783116875468706326945329192336554046516477545358064759709125561753
0.0064821930326157045931810449430660315490729706170717676914729070217824489039005924412041623805904884
0.9999999985647022547454201548058128176699045216945942359244464259406017429842759798721119085140538231
0.9999968919623204208195705103791655696898895541346650764235465291003658629171023631282102338188177081
0.6252501846519330420815262753779493064388991768024907120166824406549251443577392714953316352087055093
0.0000000014958796308881604792127782450461523540054994957462747337604320984364983897047989624537187284
0.7774765773111369617287210885937147388120783319138782722406650859730790044570373179814002476647999226
0.9848221748946694258892503816714378025838859291195932178894931984139821021045137655912029386135133878
0.9999999999999977571597942121485067587846382624630334059104954434466287546234710846446051592258921080
0.9994888776951912317200581397878629048285523993887717281411858469820458479747292386310166535727403872
0.0008028451660593113976449557169814596519316632702208208560749059472255743380350153926626945776974410
0.0000000000000000000032962273976281034644747008940443408311082251493141687121796862234434129986192233
0.0050444997790521760355778059563719895194132671926750194987612355185366707223192959888728453593465913
0.0034253386613685369084313910819475282106113586458912540850753854264002495799708031576034695941476856
0.9999999999999999999995311886833774124477396615315205682722419954562600031195375773852545800640925692
0.9999992833258909983030827036659058018116713112104302606774707163726201205241094471613643462065852548
0.9176513792069070998947104326710904946652818455319069051924692969557950260411545272767121906853309966
0.9999998390914194740252715125985056589068772456131970646829550296506923201904280695955072585282551364
0.0088726456013907755339654865185551937818512149195083545292795914354740476371811028367156965600207481
0.0026353313433605345977955199227540554593539035357991967408279357601513913422654451582166741176565000
0.0000000000000227879261398341484790417655442535106631848267199578137823649590574483280824665473046529
0.7763861686325579356409291848541378380604516923451123330770210011192567667852180603448936238746557257
0.0000000000011225238879218895696615812171819222689593935547069011304816719171461456639847099181413324
0.9983339747456652481682989212075822281639636766627337621622907299379426562702803487555150998346557930
0.0000024172106448082054937161651069758457375814221535928565022709248372235216865905639469241850709856
0.0123356020140025910063185017132991585763507459492206927004412635087640252275216114389101484878657502
0.9972755376177112144490163139747826000040862653393422945871793783840592810894894701362259586561884363
0.3728830001398310077541386868760851839513987601551130928052237128445242004279557682397798883930842120
