100
0.97 0.21
0.10 0.61
0.78 0.82
0.41 0.82
0.79 0.13
0.28 0.92
0.90 0.90
0.42 0.18
0.81 0.62
0.36 0.84
0.58 0.42
0.10 0.05
0.95 0.38
0.72 0.63
0.91 0.04
0.55 0.69
0.03 0.66
0.98 0.17
0.19 0.94
0.29 0.75
0.00 0.61
0.43 0.78
0.77 0.53
0.92 0.55
0.15 0.94
0.70 0.71
0.77 0.28
0.87 0.21
0.00 0.62
0.22 0.80
0.76 0.69
0.70 0.61
0.78 0.91
0.93 0.26
0.18 0.01
0.72 0.93
0.89 0.85
0.60 0.81
0.64 0.23
0.12 0.83
0.48 0.64
0.90 0.00
0.95 0.89
0.97 0.49
0.64 0.32
0.08 0.22
0.64 0.87
0.73 0.31
0.98 0.35
0.67 1.00
0.35 0.64
0.52 0.46
0.86 0.28
0.16 0.12
0.82 0.26
0.63 0.18
1.00 0.59
0.71 0.00
0.67 0.96
0.84 0.01
0.06 0.14
0.82 0.45
0.30 0.80
0.15 0.62
0.55 0.58
0.31 0.35
0.47 0.75
0.43 0.86
0.73 0.47
0.34 0.31
0.54 0.09
0.76 0.84
0.83 0.58
0.14 0.33
0.58 0.09
0.40 0.07
0.49 0.46
0.12 0.63
0.43 0.36
0.52 0.32
0.97 0.38
0.10 0.01
0.50 0.78
0.13 0.90
0.42 0.66
0.68 0.88
0.91 0.13
0.91 0.53
0.85 0.75
0.98 0.69
0.20 0.40
0.33 0.59
0.12 0.77
0.63 0.56
0.20 0.82
0.99 0.92
0.25 0.67
0.12 0.28
0.50 0.25
0.40 0.43
