0.0000000000064677971421037384334619302528808517306743137914775574618950367291184730474303929269627539
0.0001072677584217884344736535544361782868252040165681581311957687521153225637590803048101184610919760
0.0538957290404829287270962481889419269600831294424744668473891604746742435781398806380904991235527115
0.0000000000000000000000000000000000347499998414929558287296599201541805499925005068857468629913728936
0.9999694561191744465447518804106572248622963630251434107424025191707189752121325318645296993411567349
0.7916538089215365906424473338651480792510627979291255174229571245864311607451982656215814323839878348
0.0189362638853009947030304913148764875103282523633134619959230299223151203463194206396033865100126301
0.5555617422352452205798170496739965251737915297028142396228876289659687508098237823174024331049436143
0.0000207599602491575096205228012838040739623287799816339593059264365910125877544566131036259124846891
0.9999999999999999999999999884380565329896606114644015545897143277393780166267817312401856986990826477
0.0000000000000000000028838719502829949927606808010254927530896873507529239794466706117040523992476981
0.9999905637300350675148131453535461183565795977579056032465102446419648230423462143304995382775584048
0.0000001890753805439887621325436633248323210502056050891235429946366144234176962747453623031622801551
0.0000000000000000000000000000000000000000000000000000000000000000000000000000000000000000000000000000
0.0000000000000000000001697644577118522423049821978825643204882694941540255290259477814461501591398820
0.7029693409440113049100312191772385830585164336195895111749406566920824513989373869253530283329463988
0.9999999909857097345890227401000029043059369910711714726606488294361608473607202508433884542275733579
0.0000000000000051262313055978495089689119411661333436963796178496491476141575905298855671414269330074
0.9999999996380065947075659716723173556776851213410590943535628614247230300618462990151775091768427368
0.0000000000000556847612563100438498023516308362930456524984048704393129140444508093510416962249387883
0.9999990008358075725243776534605229915841137409219733973847702602534504522722847674311972306602087824
0.0000000000000000007886200340746615432038920183415933784255515311755500751322655432421566332882370904
0.7731886248255741608915179121936387333450558888578850562577155114582946268716272680052338438005295425
0.9866404349988153727160281495070802638383318437528522548564752135103161420813298895999814133085765393
0.0000066738021973152833529532166136945218296883015622138529939686949043699551179029413824383938210584
0.9526888059518470385396901511941536211351428003791094259247935742632855522621795106202360379315007069
0.0013639288852774065373898723571811786609254750040002251862873625290228724389331972343518339664641901
0.0000000000000000000000000000000000000000000000000000000000000000000000000000000000000000000000000000
0.6250844776156594865464486517150476504829088587384811974885542162446109758227023589994882616361433892
0.0000001147265742707223942642300011033035811757788351610407414308839701545089736999123625600677348463
0.1888533715483900986526705415680305395067260262289195772594649612238384176832221560070934329384904359
0.0006377524781487633786853587068540558496796568248919356727977067311862240716481741540375306478658528
0.0000000000223014448500799407681588315814413652026942584373923220849334976735935479717891790738376836
0.9999999999986490878949915697278848517538980827472354105741480883809196530871140675833481098770303740
0.0028230476315399604086157860232414073355421352389574749786481468553236405857245538000784091810253843
0.0000069355976839047820917892562150543337403670989678757743302675494749915518352606251615363116622414
0.0000000000008491189842260085838888731846155029892088661894106110120177508423571849620033467488871518
0.9999999999999999916291445970650980089966421605292551628688329597589664968818008891658045971001674876
0.9999996322904723175775826060289080882189017450295469945775594320950669185376105820962329266107496750
0.9999999999999999999964914461739205329296039307983732078144854570419875956428734154877028583185242018
0.9919293256175025836772161477844778765440523022479567561036414982057881813083179700194043563715379988
0.7573890740950143170169372797270868948273168850891167062818137801832882554117131749285769345078411394
0.9905563693027670563842027504854718914800109978227189715901818242895992244073633829574269328303865388
0.6655258229235617458314355722889435702786757634741195178215833629755962390320499829639003885534099957
0.9999999999863774290507952676462749709639498052789141571363191692098114059445839216404189817069899749
0.9999999999999556224511209642618293890553648162317786110805186886315746436900240796494839772533109704
0.0002810103964699417197313731705962922999219035972806995950794958420799753302078396988612398862861515
0.3336374727568797918736046103755180331305105683717134968147661131503238811557552478827513796811062171
0.0000000000000000000000000000001346903280812750937458747206655665621060466602208760466025456645856842
0.9999665325360452026464801541217731285477649431627775931883329831732827614733042370635309537784630789
0.0000073028337182703935257808493971791156554876666931903004158672345505867932037135032436286698605624
0.0000019871549243002458948039144708664589800030797550254418207235558833242663181475910643201055825988
0.0019641566756049300092323585750026078899554733400915625823327626950789567554535679869506926321904407
0.7063545675631634788626554675992284475420289815576025450322826342490244494875883218509510141021223315
0.0119154747136381085723127488104098421737017795461290205790407829015517016560853179394435298572769805
0.8559441758075634551448420182188978038378259046650753124821780466332516854642372664087619451758091909
0.9999999999999999966509239224862678934058870538317348077633845321694433841065175704888685763908552217
0.9999947621564370839786818194546298957644087397267002651667701593811238315577138812386248919806633752
0.9999991967091245312693280893086752584305599738291380870513857482572186398838171436189150641315608434
0.8324139402895963422106626373781126191097271296470534441755967779070008643992676650954911278723493168
0.9999989049544037026521294334472345129548341908609785643723907062755467509674423822495885762960199232
0.9823874872396149766016137743830326296112296948341222273041186195019185509648656015150014142428626130
0.9905991907300402125424538606377276560920260838376967117310488840493303391304180460238235463968378435
0.9793032656899993082599996535305403034487513059524309379315293544931850309455224915885821705775424075
0.8367211458023034327633638178113345145528456133461857699343010935311924206323008850278092303754246008
0.9999995542609508294881107878969741691491446895899963571101818845839081896209460710618497300182314113
0.8755286123273718295393813924449643506474066554581562735709775171381246188907962887360381759172451289
0.9997274062543223470576989153874525697785382675602026805354243198718372769652045394194415832086998508
0.8080626688733985925831922002182103121786431606519996841277754771838149730717979507309840570302033520
0.5841630126046921000235743452406319343963099789391599618015121322175563008576761445833596911106046495
0.8796767848505972647398641039563781044022446339196018021936113331126644947616353358232211979838915304
0.0000002294333201307488291160745605931545750329001349718890602941556077784569454061501982376535185738
0.9999999999999443152387436899561501976483691637069543475015951295606870859555491906489583037750612116
0.6385352791722110549827652757035755006356983928590349171242099751893871687797601535785597800064885967
0.9999998303239012573555997292359576229888547012871321890996309488742389881842847500463332814162163122
0.0170098787518662402926003967076433324576015562528942239839679190361660507017883967057388984116607834
0.3309650397705647228817100649120872032060270784216890752120305883638796977600782360700010167708544952
0.9999761725694181464661281531493485828328888466880745605867930827901856431418129105159270745884644452
0.9810045339961780309726035807869965211583292646248488154708999552440049710799740671907551005866310448
0.9999999999999999999999999999999999756880219766296257622659134906983372833179903071946718971171436534
0.0227973757713542364683365503857058923054125373253188273263589364258403175592810301483013512868935158
0.9999999922532008673041720996432318008738887526344211903632383785708568952713244371793128188821453369
0.2610354463291454597734087603485472502984105032798563299299727699778947625659429149729626591262704999
0.9999949769040574520215318588042916626508018061410539047452738571401586601272285584485969825258029384
0.9996823454728129326395701062134528417264391139386460183501826125724299193845680139759080958319732422
0.5621170261268125405309803612996418595147337089645441634362482316934607117643256635932439981664126639
0.0000001307153910376581326711682944418000012927428925259799420767161098592183764824548597232702808957
0.0735047974433150082094662691179576050768776210334010252165857778227737140621528116038971983320957768
0.9999975044909042956125586262279137034878225848838578030088729217445767470353800365717604489773342235
0.0000000000000000000000000000000000000000000000000000000000000000000000000000000000000000000000000000
0.7774765773111369617287210885937147388120783319138782722406650859730790044570373179814002476647999226
0.0001961276829816879514855129526534346994834194971261024389411517874714719485303422452945594801846140
0.0000000000241645209494014355076689524351291788869262655436045396720376439255574977363157812916193450
0.0000003946197003860326027084658178522997496191077926858616455740411303620582306980528469768899875257
0.0123453872022376156612806134727701422235898240214247501507419304934437697773758164367131797754083744
0.9999963242146780527770354783805463292996059735169111761425039095116206755314255875791133480292095813
0.0176745348073219306133678062987889958022345995027248167398749128845480864235652575103944355339178364
0.9923222615441543205731568505981293696918200856457092105243476765422941560601417192612798186471700822
0.0000000000448564892902661721786655652584017953781622191254913597853657951618386107138982641452555891
0.0000002600325095819665216298567099203011950413131464068406064372033806926786654566971275696940579157
