100
0.01 0.42
0.26 0.60
0.37 0.52
0.01 0.87
0.73 0.36
0.24 0.18
0.13 0.28
0.20 0.19
0.08 0.38
0.99 0.23
0.02 0.72
0.77 0.38
0.62 0.96
0.05 1.00
0.07 0.85
0.56 0.51
0.79 0.28
0.36 0.96
0.94 0.46
0.06 0.66
0.83 0.41
0.21 0.93
0.59 0.52
0.36 0.18
0.11 0.46
0.36 0.22
0.35 0.63
0.00 0.74
0.52 0.49
0.17 0.63
0.10 0.15
0.32 0.62
0.12 0.69
0.96 0.43
0.69 0.89
0.41 0.80
0.55 0.99
0.93 0.23
0.42 0.06
0.75 0.03
0.51 0.29
0.34 0.28
0.60 0.38
0.57 0.53
0.92 0.37
0.95 0.36
0.14 0.42
0.80 0.83
0.08 0.95
0.69 0.32
0.27 0.67
0.57 0.92
0.77 0.94
0.43 0.38
0.14 0.31
0.26 0.18
0.94 0.24
0.82 0.43
0.99 0.78
0.49 0.40
0.48 0.10
0.35 0.18
0.63 0.41
0.65 0.46
0.84 0.77
0.76 0.31
0.73 0.63
0.84 0.55
0.64 0.56
0.51 0.49
0.52 0.41
0.41 0.85
0.66 0.06
0.72 0.69
0.55 0.12
0.81 0.93
0.96 0.97
0.60 0.23
0.91 0.78
0.90 0.02
0.28 0.46
0.49 0.06
0.43 0.49
0.93 0.61
0.83 0.54
0.16 0.15
0.23 0.70
0.17 0.28
0.33 0.04
0.91 1.00
0.64 0.57
0.35 0.68
0.15 0.73
0.13 0.55
0.43 0.64
0.55 0.16
0.28 0.47
0.89 0.72
0.21 0.79
0.29 0.75
