0.1805686217865317833832038361967627055472710248182440556069834943019746844995422712178742672453546216
0.1689287649589890400685697174656537612310707782977172868928156698780407679196466942754121363837785544
0.0000422743783974233662372384942950382835846360135769633944145932481376824508851894308385216876539977
0.9999992676802373014387488072305367998695418385733329865179971808858729741853207238268679497435460200
0.0000000000000000000002647010733189497593567251154492408146837729383875056425739882273668120286078238
0.9999999999849019872333651058351772201034020048262454778114448736910577576586159286214603163986061819
0.9999880597041469330891808692031720148609961073758456614459196354603657450434983590224464813798697935
0.0000000000000000000213783831724340442013446177945336231992670263185379356229310400991141139078253012
0.9999999999999999998773052296061986493751941218354453242019949145536737207514304133685103298302214794
0.9972677716374443707529446493935204862852353008477671518673972640282759375047612709393858965936816651
0.0004238530125670104736404667874695845459016043620281533971974941335782865428374006809569598878877443
0.2850494341028970604501498332537274235247206053729332307186043934255181431172456113926000419256243477
0.9999999900963924360499662496155143217725727623951081538321240407644524378157892122123402685214659401
0.0528116107410017284347415637373079273624880923960724094565577346505888956947297790902396889246639952
0.9974343382594134589488830231401718164755567480163627077895537432680131861289894170486963700234261506
0.0000000886942970084687282345721866172356922641003122090362731854866024644355023575470699552226159802
0.0000000000000000000003529327930963061890206388066290630723108120704821966784287458467134159745298156
0.9975466846934652819396349338569257800905108517009848472301024123764136305062711643893825528589552343
0.9840407711703385796764470812808085697616033166272144357561018984250212430615448568295891360183748951
0.0004114494589584208308424132829959558498508583376360150287083352336880817708665656377264932156178495
0.0000000005272290040142137141043350462052254688650508939186364547357769992229052821665682359122118109
0.9999999999987616287466859647323813640220469495431672159016628380802822570884202482735752627836140492
0.2880952854538502970276300642604851219892437891188517385583345353511745188796063222014521820411189920
0.9999999999996845481324192958765223875131591768483287008972122554161200644155326778554435027523342058
0.9999983385146990164877019995170990792844125420790031416817506304406527112693599661351899779292349909
0.9999999897402661592698371340958081579646260954344949166997265107547944650587157329195341359618916046
0.0000000000000000000000000000000388119875148578496990402387708128001844591651389267146378629962784444
0.9999999999999999999999999999999999999998667443734121013681494218749416847781934861631691869038556695
0.0000000042927827316119138393538696309439406773861204021067470275174805219080115218327725126043810648
0.3317136414595319633247211380693648999244799633390044844377453167919057622860988737056413991215964134
0.9998749267567217224202645864385497156905923289732998402640102548254052174400108316263268720428512808
0.0020752563487946057155003517847224423917379785762518865644419504829516500549233193366249867474176284
0.9999999942559044653363544947076171266948614222925120224504317452130825793855600357077437517553472614
0.0006996550287953510228328754373232310835368521673015520534440416189749086896233344839826781276091320
0.9999995196193068500295820256448798646271571175652939893096689104055661431579368842146456367767827225
0.9996891890701343820900009827236562039412722360446298328972920083737704230914134750070982160421627518
0.0000000144784548559737176250521493170099970447830878140657791675451044840954195637084707966795599427
0.9999999999999999978195169022783218243058804123634651738888722154798467689317023300937128103170202077
0.0000000000661097664679499841831999301090611229237102454673809445532591451990973466229976395542217728
0.0000000000000000003368604902320746972084267602071273923268241660879770149890704368012414394980876293
0.9989199128721350026661812006634033882343039044402790592373464649568495175106466578964012404853750932
0.9999999999972931160096839544171092491724633955957924492784365251745567917415408380652444013809499042
0.0000000000000000000236712225113591665559818069466274317007039454107129334925751199147882908025361337
0.0000022831419547471547864626077465329622428203608842293308800679780872995387348480025303119942565403
0.6344672950335435687964673754948581926018043713334898239054657573193195387102881458364799847124904326
0.8832151969077367880906804366158650062962467318826238312954458258252612587703401291847761456376622910
0.9999999999999997056027509491505359045253204667489768551256424593587419913771733498245630388454593794
0.0000000000000081197028220352835985762033870842060116108785659686152698998750859640150078351496573550
0.7380251739293368659699304113864117637586281325897918873770351076956302822002258668716331664986009150
0.9999999999993704836981785221935399549425662149323192133900742105493300275522273576360568017963463998
0.0356528702197973803545585606486885353594127162648425487020493852633806175608239895009655751043318978
0.0000127034998460827470865865246179006493027997401709822924618845749380644343774494827869293204696738
0.0000473491552910378599231213906989651357559512440205081062800410757455020195706270388034486240003601
0.9999999994832222557269945692535955897902646880017682764147125116157019125956446134166804025477368715
0.0000000000000237934095604521035803891882795339060934097634465026077318394012188984780533692430807700
0.9999999999870045192189554456702783663565338302077405080975443027540531622069652185490376394619811059
0.7194082777009198285596982177814355743862260762678174127369147576554534984561933850570479402047089082
0.8823911642402254628201184413009312076825025781016925221940785337667012918773719961818475540891118425
0.0003273115802212231312790987737487525598248093919391352974874602140581216598381267161427203555411643
0.9999999999979361702184680276896360758211827437924647565570413802769130973392046515722308283884599728
0.8582381542579055918021519989382453327831130405431648044166153625538066626989669409360650363777213262
0.8092686307628884915319505761849316096061878752760350032538665798609308848801415925682386475367951642
0.9999999946857954166803462652540442594197681693142185332755912551679324595177879359391429273445533999
0.9999999999999999999999999986173119015251610813873403653841368013646112863246154081207026384767420985
0.5919270656841087106755116520929029837254753387526519113418055661043881438000278480713041419662958046
0.8790238569009142444419472655496975653392767865925732741706847883898254811593673748185911784615166665
0.0000000494276090575678506682284454280323192009444653082813817027476838812963159032809123397182047693
0.0002532954580893889368930165364933513905389698459262382646494792838440336887774277237684912255830913
0.6007671960043282386270520585940700557153989684365597729873081327657767072687482037909153764642608215
0.8904768370430568064430869331931038402670520165631169816889814882834429198093937502588841371193111121
0.9999976705328639559728779797790606850661855229570318596620542828692048437322481047753057777119151939
0.0000000000000000000000000000000000000000000000000000000000000000000000000000000000000000000000000000
0.9998182788546695318926323113084095413184527057941851092169066921408893480098081577515096205464129182
0.9999862018045578289788720263880365788962372938977536090834791704509047506773338902014537201180353537
0.9999999999999999999932410233558459046331071079018355786192853403429876339618971210227718527751077379
0.9999999999988774761120781104303384187828180777310406064452930988695183280828538543360152900818586675
0.0000029808980877480868564782543462218787642682316984505646010698222405635356554447442609682046952668
0.9999999671519780957883375268928642539344590574053323341043182819033385875364436000055621100356816824
0.0000357488921369896529405621266742194043952357811493150528698028247316359221400078316686801394021127
1.0000000000000000000000000000000000000000000000000000000000000000000000000000000000000000000000000000
0.9999999999999999999999999999999999081317270354065853387806154197759580693795363970481943679646183648
0.0189954660038219690273964192130034788416707353751511845291000447559950289200259328092448994133689551
0.9999991255764501219338530799153331200841343723299017761727872893888375151841523534643021981539541866
0.0016011754712461631510309495841161882815645967982260840759560493700890308270636418389125054633577959
0.5482009496732409794774797344441836542660927404503391073852044357856396187080349938711512637891043320
0.9999999999999999999799644360634127423491719779647896497823494650548501415125322049809312621235900779
0.0000000020977813275433260289415665900593206372247347158851108053535031552916193116331346667193509291
0.0000000000000000000000090589610935350179960799628694017182088774131832818360239839798042712915114754
0.0000000010187171026020325573716088379207779723357832982434837642612369219856064972830772569519984831
0.9999999999999999999999998910989742510612861312292909704409686738774080305793370908417619376832881302
0.9999977957465800218341367217834713286557957175399486199689133322762895796493671341385725531539089328
0.0000000000000000000015569811700827521354079689930275920947154506549794112065284157641573464899803156
0.9999999999924001250253046436355489763308941273205197861628491539112821708251756631996534501112615474
0.9993450677598572665980888101309829460860570871327104042178417812610050019975205250865857003611187137
0.5428686348972246968513637658446477047422578504665166516465991499663384991281243658272053574303066480
0.0013947673978243669019386208408715282759604076893519278437791356379865339848560347410369320512108107
0.9979447522788784392794147087478227739777603370765758234469094369524494670638360529114719459807603891
0.0000000000000000000000000000000055707696426507148542572631662820526342725746586321293429988118230985
0.9693453961220214238274071621592691541916662212765799868857496532821368693137343266749745251800101173
0.5000000000000000000000000000000000000000000000000000000000000000000000000000000000000000000000000000
