100
0.29 0.37
0.48 0.57
0.45 0.80
0.67 0.23
0.23 0.97
0.68 0.11
0.73 0.34
0.12 0.88
0.72 0.03
0.26 0.08
0.04 0.22
0.64 0.69
0.36 0.02
0.50 0.65
0.76 0.51
0.34 0.81
0.06 0.83
0.56 0.30
0.86 0.70
0.14 0.41
0.22 0.77
0.54 0.03
0.62 0.67
0.98 0.48
0.58 0.17
0.97 0.60
0.01 0.84
0.95 0.03
0.50 0.94
0.38 0.42
0.64 0.30
0.13 0.35
0.97 0.59
0.25 0.54
0.74 0.29
0.37 0.11
0.44 0.90
0.61 0.01
0.11 0.66
0.05 0.76
0.44 0.18
0.98 0.51
0.04 0.76
0.24 0.66
0.34 0.31
0.76 0.66
0.91 0.23
0.34 0.95
0.17 0.13
0.94 0.37
0.21 0.36
0.31 0.70
0.21 0.56
0.45 0.03
0.33 0.94
0.84 0.25
0.20 0.16
0.90 0.83
0.02 0.16
0.88 0.28
0.61 0.51
0.43 0.35
0.86 0.36
0.92 0.08
0.32 0.30
0.55 0.44
0.52 0.93
0.41 0.73
0.77 0.75
0.10 0.05
0.99 0.80
0.00 0.04
0.40 0.12
0.78 0.40
0.77 0.04
0.80 0.18
0.46 0.85
0.61 0.14
0.16 0.50
0.75 0.00
0.96 0.07
0.78 0.91
0.72 0.28
0.52 0.78
0.28 0.27
0.89 0.13
0.20 0.73
0.12 0.92
0.38 0.89
0.93 0.11
0.50 0.12
0.18 0.94
0.80 0.20
0.96 0.79
0.58 0.57
0.11 0.33
0.79 0.54
0.12 0.98
0.85 0.71
0.36 0.36
