0.1432736571116660718678367573432537714455397080822683115200460682062823058696050877042510986482267497
0.2847959856121270027959870428895088031942968172843441740179759681528063889261132008467021090722397401
0.9999998531710393425182695295618905439774061336183118828112361193046247784392940612914928733201724458
0.0000000000000000000000000000022165206497859986402050449499321108217484512277297471303529132566465780
0.0000000012525283648723887260937013611902130734161423769483671199333913139030260319032602220520407306
0.0000000000000015172036421692577488642984766249075354932502528962791580773039774366203418886093814336
0.9999997803673905846270093543204458135746396604078517957592676403600860872211185556103348272799950054
0.0000316896601301427420568536033251442449428051848726641721414241838837572059877705067633749791631604
0.0000000000000000000000000000000000000000000000000000000000000000000000000000000000000000000000000000
0.9999973944704245246084147140693452980257908695185042659774042230781247661702137439857788981180198252
0.0578678781538179040135798045584116950434030284349445767265615948009603443286343615182932748903130694
0.0000000000000049345263187949774844680150308231161753689285211374894532576752782922503573193989079853
0.1417618457420944081978480010617546672168869594568351955833846374461933373010330590639349636222786737
0.9917385698652620018236870194392536308930819860514414406772349993412880556682095308969033625346770674
0.7042518138795671622294516142599985022158721302807880484695082219343844345314023664885504818269442529
0.0000000000000000225972850742410539333461634529426062450400395426275293989667188320803556224082994937
0.7719395853215002788616537449381201627109875998884288926220935088595356707537059021288107315276870678
0.9999999979697004554022185934708293673592729742504443104843976903936449635569803368877364706412847352
0.6296166826648714301257836222222130600900269006814692445238701589914320122811867510859809631698753336
0.3241038755439150583634535379521145739321833235645402068944454735783379867336575947361271151865244881
0.0000000068655687615764462931793921531635814579312931441749764282261994147493218072025226536023688464
0.0001795915121436501824358855786746432769769538299633445085273839979725594536890788134150882761339137
0.9999999999999999621955196893506972440050977232660652860299074847079329561894175164812011047560836139
0.9999999999999999999999999654382549538963105116151757211148737737833141781712001159155487096679676895
0.0000000000000000000000127012719769748871206452944043664351700172943365415312525633409884955262193689
0.9999999944145791144789999071127838925083032414288097409655784992881100894647109229552850385287212775
0.9999999999999997591368869967691128271982867478384006660580783687170035485658157891311784537579665375
0.5819204274669326273491084938547579264791642462522862197458426873247105470116715527247782536498029573
0.9666925567874844471353588864884528495963496081832668374190305824390772391067001507252963630397609177
0.9999798816000495870526191232885000616854982479203800944681045252727559900230196346686198032452990944
0.8357540684837868592838822580078351133773394103608367407041779286337472950613508218066243289471482848
0.9999999998615899598075115709636189859641866939407869400054387995383008347274967917011014532455427974
0.0000000000179910509366017169451996609053274730981603149894503835937776278324646665490751754355318053
0.9999999999999999999999856370639848632309458318694027223551989619274680133689480055211627009640391166
0.0000000000660020338762216413081377187393090219228873141187263336709891066368989417382319830086448949
0.8993447969798849755606003368627677635889099233690838515105215337179467171564572277831293108793017110
0.0000000011057663900095333227051191238444636137195151440549030752171224539416064208444766280691086781
0.0000000100416675815547680483150880236331861624395342489344481278500954390032670473657356504481208149
0.0000000000000000000000000000000000011219254768238968286239726940370197688558962072445227726469424792
0.9728858306070852692760606265826940743713112432031172538739329600904109374901290137119554456799890236
0.6252501846519330420815262753779493064388991768024907120166824406549251443577392714953316352087055093
0.9999999999999443152387436899561501976483691637069543475015951295606870859555491906489583037750612116
0.0001274353590752574573813230662588012523029237210282602568981931977273027837670804477290184985808368
0.0001958640339899282682051252769864673622169992033220729220907518419452472779210887228442556546129662
0.8945780098360860790085901413282880580504086033888799939460785540159849351415830387702139953571900546
0.9829901212481337597073996032923566675423984437471057760160320809638339492982116032942611015883392165
0.9999654480898752384790470021145666484841589474834358882927630834019423661000264802476026296746340889
0.0000000000000000000000000000000000000000000000000000000000000000000000000000000000000000000000000000
0.9997711666611520775482889828659147593067763055865262992703907291190997525270684923412332521677373449
0.9999999999999978593348873023707716918766129214545788209981151949069128800671680378986826030457868813
0.0000000000402568192949071878651082279606179046384592883485827766707439445128405328835337101184837603
0.0000201183999504129473808767114999383145017520796199055318954747272440099769803653313801967547009055
0.9999999999809192249730565664414067485198322090417243740376892855092859263454643863241885659101344950
0.7382491202309952067297682306370240379445870811022692072877005090054953688979886166756620172079608632
0.0001128448120125079034550646803979461977177331845915246290518321611935289517269147880947166469473777
0.9999952507047196072854793365651437141084512566279917783821903566095965854522426613202320468660871199
0.9994072683077461657895482823977983462403508194618647189800495385390925815715501925155328123506705520
0.0237624986216868055452954533630827409226156478627961422034353290733624554505342351139157076116019347
0.2213093365971456926149954900354976368450242056455185597996196909008813108385568517850034690044559660
0.0000000000000000000032962273976281034644747008940443408311082251493141687121796862234434129986192233
0.0011632086906753563209749179360707165295089061030687675171154245541015892442606051790718691268392304
0.0000207888607144307679609026341170211434406982537550361412579107482612411504483719657845038154040269
0.8598247018357064074421306273608453951300185528276545636165648766255486440815853690099709841145634027
0.0000000000000000033490760775137321065941129461682651922366154678305566158934824295111314236091447782
0.9999999999999990608866619624200446289540116985130665646895972182514492877074216028813514029872683393
0.9999999999999999148255573664097511487228424460079334186914718787491848139594229028733303533834770216
0.9990475168576627328735778984408311650598495165685447289595735153841125569266804248069737412515161097
0.9449401341265722480004367693296611163425250958777930271473500643171821194723681451023110118370902584
0.9999999999999999999999999995280068349889888407119124811939610950748292782427224115169761563535118799
0.9967593902241775214738953991616669651489863719972058070384404484797287113563344286707249279297298648
0.1783284129249515484491083861523528930933691077786860891420096853393077515997881473654888994414675712
0.8044694321573582287137839663520108772119928397977860478434912423582548579296537739277577272040008116
0.1417618457420944081978480010617546672168869594568351955833846374461933373010330590639349636222786737
0.9999569771323329516196843553578167634665450615477542136721713565131138288663146109939451275622452517
0.0000022587378887948811484695064152635613265859047942812690728259885862224119077858721489704573592604
0.0120865196723643528070565039852872475896963383659325572260083535307461954374865384012425883345871323
0.9999999999999892884883433353143433815980409683712550489670821929473607296771865351068222115196552686
0.9992412023978937520533424708157583441222039544150699923076349984336124095225417851200627472098767979
0.0000000096194838352994587335759622035057209637852165533259522493108614740724066176944132431983027548
0.5000000000000000000000000000000000000000000000000000000000000000000000000000000000000000000000000000
0.9999999999999995296308163804625482544745552461521090612644449852104917836452181114183846635468497985
0.0001099882946884372559153703417891138038723973045088454271684694463552096313181488953315649725771764
0.3103198047007277793782961796376389438448707816460192711757893493534833250175565287398469971180814986
1.0000000000000000000000000000000000000000000000000000000000000000000000000000000000000000000000000000
0.9999999999999916159073838096566973949600300775237523824776629156362234159307482170373617768075078690
0.9999999994924160327140734172216047711067431654683694778987541391996190786313901447517494644670875651
0.9998900117053115627440846296582108861961276026954911545728315305536447903686818511046684350274228235
0.0000000005143929418358012887872502843764548032129212991534611691333367005872128877495061711758742157
0.9999999999993585260818501581952793964818034056135334603996145585108488363590700206087280969439596282
0.9999878454545197678382659952680523277762566160181591131853691825410162413841520384298597473943770559
0.0000000000000046449877587843195484823150012877182931973874318162478800732003352634373134426575515801
0.0624318311827021027747453475827858917542317607888712185620695719215570741215287965647117814029841978
0.0214320179876005598499393248994335283393735131322047682485738733977867855468080886949550232506680137
0.9592568624706295499165099069073320975344100767649038530014182058624664254149480513562271726954326905
0.9999999950683550598409972401728903152361745097512366117936071127636725854717547073196162509535305285
0.3614647208277889450172347242964244993643016071409650828757900248106128312202398464214402199935114032
0.5432119165937865234064155845380549087830561454277960804301716675351170195819006040426378833571699523
0.9787474028238440008790824183725112153857923317847778281671808336063704821561613696406114176750561288
0.0822893036276743208337206390303769114376449528706505233649513950113120300584500063484114285979634019
0.1435516984807683017398326857741723590768034335854747777910445144718969527789285357731916487510286873
