100
0.48 0.58
0.05 0.07
0.93 0.54
0.01 0.82
0.40 0.90
0.18 0.86
0.68 0.22
0.28 0.65
0.00 0.67
0.69 0.27
0.92 0.97
0.01 0.52
0.51 0.61
0.35 0.16
0.59 0.54
0.11 0.82
0.56 0.49
0.96 0.54
0.39 0.36
0.31 0.35
0.15 0.65
0.69 0.93
0.86 0.15
0.85 0.04
0.28 0.99
0.31 0.01
0.89 0.20
0.91 0.90
0.84 0.70
0.91 0.60
0.77 0.69
0.84 0.28
0.19 0.78
0.85 0.06
0.31 0.87
0.58 0.46
0.53 0.96
0.23 0.74
0.02 0.91
0.55 0.37
0.49 0.46
0.66 0.06
0.31 0.65
0.45 0.77
0.72 0.61
0.19 0.07
0.44 0.12
0.00 0.27
0.41 0.13
0.96 0.35
0.55 0.98
0.09 0.40
0.72 0.14
0.54 0.48
0.39 0.73
0.50 0.13
0.26 0.06
0.07 0.18
0.58 0.65
0.10 0.87
0.28 0.56
0.31 0.69
0.47 0.37
0.06 0.76
0.97 0.37
0.94 0.27
0.83 0.57
0.56 0.41
0.99 0.21
0.38 0.16
0.28 0.36
0.48 0.40
0.39 0.49
0.75 0.39
0.16 0.56
0.80 0.93
0.99 0.49
0.45 0.18
0.22 0.73
0.07 0.07
0.86 0.17
0.78 0.97
0.72 0.76
0.69 0.00
0.88 0.22
0.98 0.59
0.22 0.03
0.05 0.51
0.96 0.42
0.85 0.49
0.19 0.86
0.82 0.91
0.41 0.60
0.39 0.24
0.56 0.09
0.69 0.72
0.41 0.40
0.74 0.56
0.48 0.61
0.43 0.53
