0.0835310313907516674220206593831618660732983120113474853721572163443156800259941629947029122433163305
0.0000000000000000000000000000287317481321835640584799850200171043278446566117675822489448478374543252
0.9999985795978299084817553608641679852409854466961898118496644984811807185129164499219791420434240260
0.9995072418183624184661983150256018660233114852319280529206788227827165329529414063368196887860499781
0.0000000942767445934347284450221002182189396049774531695227948798406179107326829900206101881460055952
0.0001214927229243314393386288040777335806904638394414768254850604975030587933411620926822897751472890
0.0000000000000000085942467076547677473832615701936056019218617599468354408582178859685513850086365033
0.0000000000013595518833694978775879021890306255667482475097254868092543479380524539770008210141462240
0.0002405003427991132928028127863337665204317441726458653663429618897075285175012395454208661112885838
0.0473111940481529614603098488058463788648571996208905740752064257367144477378204893797639620684992930
1.0000000000000000000000000000000000000000000000000000000000000000000000000000000000000000000000000000
0.9999665325360452026464801541217731285477649431627775931883329831732827614733042370635309537784630789
0.9982580485144527430488040591597820856186728532455264182109371014638124950227629011217717085278536040
0.9748552673569972390226012011940548295899237041364325223063350917084628736931023783617989275491486784
0.0000002006124294690454288848949183236595949561525152598264882539768315155338797108858820869427510726
0.9999999999999757260835600486144347951490274199344068470756869710922347431123771369891098982713304791
0.6663945490397663705727848489324577706713136325253114467615887858014801141715012546075791437109485386
0.9649766005832821939252163279393088589596598334193316517659167311733301776694077591507038195269038152
0.9999999926124927979847438653129773154041189126547573823156419990441015494504754196620190622680719247
0.0000000000000000000000000089814451785734066359083666136301482243144947177977481488746011328880315612
0.0000006630950616963438498971681525672607478856195458110490452335344413243597377304779115332052233537
0.9999996787194315817261705830970929389263538490975583223063906561285788154740817056968613096925224935
0.9999986306657388141892196737959407651664101469339846440334529528750542598334184661764214466897396962
0.0008533227781532877995544717503805125562708832336535122201649210265230035990909878412466916720932142
0.0029566048512228689804409556787600097183712280197232942627940424763379137044678700995520457202226129
0.9044312097342088833615442720622723216150716605558895766828558469057493578406977626965640047708396241
0.9999999999989480120435687866763451647226410632475956071832404626382651942293749532129940866999947301
0.0081887233042649777011682859937283453987406733521157216160463495468438869928304057740227247156162510
0.0000000000000000000000000000000000000000000000000000000000000000000000000000000000000000000000000000
0.1873649374069376156764832190220960669531605522130230013552023254665612685589704018847544247378054553
0.9999999999999989987023611295246573563107485450302968529022256631850195624257542872499720656273150682
0.7622899614986283084442457006964232235309265320468568889898812968345191324126286339135713886097382295
0.0004044042819535594238876520939708761799692036157420978076563103728025769615735884963188951610045489
0.9999999999892177745381733301527394751467620842131949186168935442978615996137352892665798773266441221
0.0282337140626982880126144342274541657447185199834403783713688469372913669207864427533215138853272887
0.0261729056977260138273465833284140722650017397669251764674776294774445211619970302873542180506913529
0.0000602145446783807762493288847942204976753718196083281593106694498665848577296517367853003814884997
0.9330312769088181276040392590533467626153767294748308551936354637513674400227152736944048998811161117
0.0002094911262628042438247092484427041792397270376682202225095233006417001815915670676878467075407490
0.9999998211730605174302679281797221856657037251874331488931852627864585915341563006360015138387281344
0.9981033509759853022745926014581185489676575127080363559927285623782328724665752380860304418081396935
0.0005676170447961418388484502563429018825997455266178579145767274078269297167657522048661003095679869
0.9999999481983683237266327926384867081714546390657359420556968616589972994068374978389819410683439600
0.9999201558957570048395769858432576996123528148901263529470469868553728704909953399611670187664798580
0.0000619572063950772984896139082117691703495624841793010423161662956243721083316818094432590031696596
0.0000000001368565382862489285144805642104794683706698586125428764078893485872578539045961480778298287
0.9546933886893410177981553734857542552749861929750593723935145115489001402281383246548560514007936660
0.9999977103618632395201040260554964547396780173049729566353216334090320899234789411600075365048650251
0.5426115127294211933721831665930764499195565733976923302453269508623214892553301551093066209992672980
0.2899002933893233085257114228825958905739348788555506684007526617691496236633803588451982328684882835
0.9999999999502538939878314674832099499343114644988599395499201841170081107290028748221991845406461020
0.9999980919378970331317016879499165654734523939130567833084339664066156214488701168565029406676867370
0.9999718430840357460141339584310696467767729166803023519740804833199714080993302824012242038535494247
0.9999997138747126865288329513834657599232943233263364498577588474026961512201516227274703881253321104
0.0001749394046241281351530404500596053000428732130192162259171372929816634025413932761676574937849043
0.0000000000000046449877587843195484823150012877182931973874318162478800732003352634373134426575515801
0.0010274310877102934026687786974819712070192611938820132810825036848004960400269685162737748042813701
0.9999999446412568496048618845681452674524042525134878472975638700617121230542830901608373050548863817
0.3934755194235657268282003439726723138472537070664207809410235103399132023095281173536270888081102333
0.0000003066052066946183369639658211585701429848539090231912295765759032562887145950257452340625851865
0.4356952570469384706227021856333322124277071863122174419243115603006799682847797433863004507691030139
0.0826839498888849034182794305842474170677419669348088992335855913363838785739976910210237866141014527
0.0944353520590270993100673707080786489072334939502754440965729687034908714004572601375890726738926187
0.9986460561272100870662861817887755936238643643855630292793685184489262092474907375023173502634285437
0.0001133821575484798286872885566426503541496992590848778278422317358361676099457849950842293823905191
0.1440558241924365448551579817811021961621740953349246875178219533667483145357627335912380548241908090
0.9999999999999999999962853038000984231371900492505154989437558259544859817860387163412929028849773894
0.9999999999995963949198025598035090898010351735479751310575629128914726079879889615604223738026781050
0.0711248341844072358522173232218049080712554352786453472564699372298178421079564986050707894522046423
0.6649540845624100868748309571518960329097135420381072901817130388298391972006886664030301760138523464
0.0000000098933685275022773824138738051741167918567847915960080128404952227522675616901423349685700642
0.0000000000000001626147707728590298880181771601371476246222621176228768555865166134762192367855383830
0.0000000762440697986021423294234651254261823034402350831652896243061970857211675998487021568498156985
0.0000000011057663900095333227051191238444636137195151440549030752171224539416064208444766280691086781
0.0000000000000394626213174364007304586737750255898920857980097033173537785101665073498795397510983551
0.0000031499447450866990081839323444942996439990759476247792112580731633475147274299953236280524571759
0.0000000000208402750934937434762077970747137106921296298209750542221805821982187717737685149053247244
0.0008493295277133204252036442617702725686306339067314359136516880550829872569734624763595007464139502
0.3409358902550891208185470751433724838480029022333930054030845744480298482803964661985339296100455213
0.0000000000124713306624090142633215973181261835279484380476956953011519207991514416102604649850704207
0.9759301401503741841922708747219108411022702622180782476856693305771370283004196241837424640201878555
0.9999983116902160472824824968226726882761432035143487033098381085295423450869290232255069725079615774
0.9877632530250971473924260511257746364329739853145615168878479849350867519049517848184494728253074177
0.9999999999999999996825235774812011473987271245560963881328246970751778375307359726160574945754402264
0.0000000000120068568606250729564011592515001858937512168532096382946049445376074444034314125775072886
0.4468110576578165042954805461366383098875931562739449363683115776168815299088424954585910818840890655
0.9999967689253390042543577223556367625905370781755149546380573890867288426390694073154981273522262506
0.9999999824686691295670268524730550184392672047847197989726412391280022605036328044586473576471230710
0.0018905620967818402662478336327217785991992867583060869200259722204495524596611839339279231076688651
0.5000000000000000000000000000000000000000000000000000000000000000000000000000000000000000000000000000
0.9759756945316138291549329475750274248547994836096409357758659593202422554337772216346467932278151482
0.0099462920905630136862797518277897228332141356087945999577334958912895246853298671330288815227584793
0.9997884117908300006560413490184925239383717856858263961227353131598523034697864719793034881889135009
0.3974844070565975961634827159393557480501949973848030121323091835966132138908770694673232333983845108
0.9999999999999999999999999995280068349889888407119124811939610950748292782427224115169761563535118799
0.9997905088737371957561752907515572958207602729623317797774904766993582998184084329323121532924592509
0.9989555007243541336322975791072626282434275666369260961414015108041709030152804400293988892563637796
0.0000150904744279917252708691603465565960584454447793787659005461458809597714028334962088861294474845
0.9999999999999977571597942121485067587846382624630334059104954434466287546234710846446051592258921080
0.3255060086187793351796668273027245606716959669143977550482051616929188246003473810132272941647887445
