100
0.07 0.14
0.05 0.90
0.68 0.25
0.39 0.13
0.38 0.84
0.12 0.41
0.03 0.68
0.06 0.62
0.42 0.74
0.22 0.36
1.00 0.49
0.69 0.32
0.86 0.63
0.27 0.13
0.33 0.79
0.93 0.31
0.45 0.41
0.91 0.80
0.70 0.19
0.02 0.81
0.46 0.87
0.37 0.04
0.21 0.01
0.54 0.81
0.59 0.82
0.46 0.34
0.79 0.17
0.61 0.81
0.00 0.24
0.21 0.28
0.54 0.01
0.74 0.68
0.69 0.92
0.74 0.15
0.56 0.73
0.48 0.66
0.05 0.29
0.52 0.38
0.11 0.38
0.86 0.42
0.41 0.17
0.28 0.58
0.50 0.08
0.78 0.44
0.41 0.76
0.32 0.87
0.93 0.84
0.60 0.19
0.45 0.44
0.10 0.13
0.57 0.06
0.41 0.07
0.98 0.79
0.60 0.16
0.04 0.24
0.19 0.86
0.13 0.37
0.80 0.32
0.20 0.22
0.43 0.86
0.14 0.15
0.47 0.60
0.33 0.45
0.62 0.34
0.50 0.82
0.74 0.82
0.83 0.07
0.80 0.17
0.28 0.41
0.49 0.45
0.70 0.99
0.10 0.79
0.27 0.75
0.53 0.96
0.28 0.91
0.09 0.44
0.02 0.46
0.29 0.58
0.19 0.22
0.59 0.99
0.10 0.03
0.39 0.06
0.83 0.65
0.94 0.22
0.09 0.65
0.21 0.22
0.82 0.42
0.35 0.02
0.08 0.27
0.16 0.16
0.77 0.60
0.52 0.73
0.56 0.24
0.22 0.24
0.99 0.21
0.38 0.11
0.48 0.21
0.23 0.61
0.97 0.38
0.32 0.36
