0.9999999999999990608866619624200446289540116985130665646895972182514492877074216028813514029872683393
0.0000000000006414739181498418047206035181965943864665396003854414891511636409299793912719030560403717
0.9999988931340324989390094418266639263452956736836214808889339494058759876143632586681726065719192285
0.9202954805529085448082245777880704481490078668682850728423224535829140763621188238245956288705998174
0.0012852466274403623136696568690195783063332912006341517478477757435729886839460649882804515498577837
0.0000150904744279917252708691603465565960584454447793787659005461458809597714028334962088861294474845
0.9999999999999999999995249703152913737763751691730624144553777459017544620748301999442450291499728498
0.0027322283625556292470553506064795137147646991522328481326027359717240624952387290606141034063183348
0.7650395605170373893877814631825571567250744930328085639021443078824063720379650522472695426564164150
0.9999986306657388141892196737959407651664101469339846440334529528750542598334184661764214466897396962
1.0000000000000000000000000000000000000000000000000000000000000000000000000000000000000000000000000000
0.9999429848947852557978033595037845185309662584933784292617010072473606472530429632131800191394904109
0.0000000000004223449102139841811429728204314317257241585125100013868094353648430832695206151804942177
0.5870206615522392017181288827943260560798969177412033302270423367579799289532295268148379533229184470
0.5991651187353552437088186088869593851695968003452325846105628278657456471831304285520026099679077714
0.9834098590988348035035942586977325116831941680740462139004931715318021223054747173924288895225800995
0.9999999997833860465689008257509864318038166746865130665724862759040407061540435021963539907945791874
0.9999709427689913034262459926761241491198279953903921462190693070807289165043427671377515185421195088
0.9999985795978299084817553608641679852409854466961898118496644984811807185129164499219791420434240260
0.0590300832621869238400106958075171624077350875944583275724830176633785974600247851840455198973557307
0.9999994188719939747479635399788277575873315234472600155570375043587966182172822202035635435127422717
0.0000000265324098548445177428684009249885339488262141421523337133941037885485835123598502033041495288
0.1888533715483900986526705415680305395067260262289195772594649612238384176832221560070934329384904359
0.9641698464895221469703884557075218683947673014455555023823831377562530553084087075239023968247190201
0.9999999999758354790505985644923310475648708211130737344563954603279623560744425022636842187083806549
0.9348246100412783369435644993784071601887333425749869040523070428142467245774416552599380753717802541
0.0000000001574310589667326081962078596795512810361880434904840418275198750359861710562358043105826722
0.0000000023702759929292712355437030517717540872531045277231524492499999070638372825826378641388421976
0.9999986450004973898587950125004689398355752846493173273738439250379930347994193566981572408164642423
0.6188547110120946729667615800829346002251059054347364235960039970337629858538114271784621270718417604
0.0122367469749028526075739488742253635670260146854384831121520150649132480950482151815505271746925822
0.0000000000120068568606250729564011592515001858937512168532096382946049445376074444034314125775072886
0.1381068866700262790918544607697129067665480798339765414381741161570300808277507850618097075558157885
0.0010444992756458663677024208927373717565724333630739038585984891958290969847195599706011107436362203
0.9999999996615759463223059282012819798017048409430459887493728811212190467464008481381418881357861481
0.0000000064467446667372135145042002806781676400929934386605517169459175190992476347157628571993664508
0.9994344288722918728855109834184753950836761259131137831398597406110120504673217970879447413984188962
0.0000000000000000000000000000000000000000000000000000000000000000000000000000000000000000000000000000
0.0091031366860614062774872697030941470759753670966485749450511519515369167062361255639498104872393023
0.0001795915121436501824358855786746432769769538299633445085273839979725594536890788134150882761339137
0.1482728213243320669067197700556373794621566372002123759790687200658351337506075695343646556447875249
0.9998822795678031760232106213471376522106391676208958495207714071635912477550389537549224156018024837
0.9998989227775469675198931524738713813493922384586482852100937759913696883849351109001726907426239633
0.0000097241309959442542774722296988711913714983256139929193351265036795865452415986417515580787081398
0.0000850921834547304992358708535016360020990398352155516727527772109681032108161989942632051106991116
0.9999995300922699053645454240461386753979062741324499597578239201675565804381265317537740156076424002
0.0000000003726251191648750861427933508422415494471457929914086379703046944513332813556671624139449098
0.0000000000028846712300115969400027850926384300608643232805291564821642564025757632424457496547653263
0.9999999944461015655291021115834094987067887672926015550910380001864148446794861361612931795514235767
0.9999336541824920629745038119442275581504343138971908462836827023705253023022181999117869472983994255
0.8401039849715915524746892683252669591365209703659977422051869541495377198041503077181200670885828823
0.4378829738731874594690196387003581404852662910354558365637517683065392882356743364067560018335873360
0.8154269903871994795922048653629083658812127356091601224073280270425672607352184425983418293453093519
0.0000000000000000000000000000000000000000000000000000000000000000000000000000000000000000000000000000
0.6923672141673009609107239274182842129679200698307020661365062261627813335954335072580353021898987710
0.0000035692711907316018898988740744692547159916643878629867653376301220021162075163517366635094942225
0.3911695190546764024222889118403637136806687645148977052944803476033520118586677130170940620963742384
0.9967272954659381963684913903232823673217822414921285688158293718022452680816535259292400898943715132
0.9765062331589723185705559233413076818234196350260252267199256265148372537859636382974124963333025401
0.9835882685173402303615841670600090818826111978917017833869106577876724001420501651086355935656678683
0.0000000000000000000000000000000081775165743225569970444352109653941205399450513244705586663346377055
0.0617913659855146579727947996804853160427648371748580511378090459612226676680151840435339944915178124
0.9999999832761747469002669622746614484538824139653648925644668831611081256166661771469790042881006393
0.9453554836970255846586320844418384528591450567593001437615605967747873907128130370192439601872254094
0.4571313651027753031486362341553522952577421495334833483534008500336615008718756341727946425696933519
0.9999880597041469330891808692031720148609961073758456614459196354603657450434983590224464813798697935
0.9999999999966785338264076103361871240067928054694027910014235996695860632610417628880216156693199364
0.0000000000000000000000000000000000000000000000000000000000000000000000000000000000000000000000000000
0.0261230417689559113442093809140134685090427783720276598166854761440431951814639146239348247910680955
0.0000000000070467105207149511124994912101849323634022684823453918001826410901170015777242340651233693
0.5730748235801587247791251993258393294143585256653706565242245107449016813185923766485640834670194680
0.0100486898342448240645039436255201958817042072086388297626843135546100694983488429061116193468857542
0.0125185089352116071000977546172472423365911755071481158725982988073593739395388825504159826069825860
0.9999999998169573688195012950278911837648000266631215292569143028057650225667214836423282896265481939
0.9999997104300820449354215292462407126780870926266265814863621495285183603360675149005460787546269889
0.9953866033258571366990593667048603271733580661019211542213455904012684940660295312168006799197102826
0.3677321787743499815708535304246835295958166300853894474597947218688174656903508419536410580263903490
0.0012319569281910041574582018486384149060437743919634296207089657236626457876375342869456527778629830
0.9812758618540319855426260144972512575954023614804983280681755562607314290483116661672663935459312194
0.9999997337316834298313622526262863097555467864859420330908442373617996036766399701381200529632630945
0.9609388396049735325628626900119874547259117699441739845968513799115810180720968120345917586519960287
0.9999999999999999999999999972737823474423035441270971279728437397942614629324736021840342997722402476
1.0000000000000000000000000000000000000000000000000000000000000000000000000000000000000000000000000000
1.0000000000000000000000000000000000000000000000000000000000000000000000000000000000000000000000000000
0.7646165744547564151057199431179413514311453909783286803257273646003247944765682564343970634965889944
0.2402555285678673005943730020198235155097986678959556399453289447573034738627622360692589510450776873
0.0000325696068597778288760622547183714444432429494543691686225757414223247779408471467444655791534241
0.9852054648705213642009363757904733314532181215406557010674285326858428652977095395790253258748357302
0.0000000080091414830452037547999758873710605498733614909300692146673595240087674654450224813675064941
0.8513919897055992939036186815791545209800033086773081750431899961747796063131950336362630622461349950
0.0741258370983538498030618151978012400494895437330514793011046792540513254294092107155773073482438649
0.6276406134069704621123081739776927239857081478916624665479965620003996672664067587598170618774792137
0.0000872557775287273953132628949983172182043870132428415959883364992498090447972827428088527149521972
0.7989810469755682138949765698073779707655592764636144418788143675790293639473556149703100447426687203
0.0000000031342531920427342430864081016073462982245365032499668186699847196434592827112462358068923552
0.8154479628450403120503652060771294943654020145678731302373791584320015323437358585931053191540223382
0.1660354149638239920058831873601441720826470010686596654678103534883194288257549438516776235876294412
0.9998781820214781274664524512960458455317167057623505267396727861272204573134108103935413807878255089
0.0001751425303034149617477175106296665369710321346905542898093008806538067967485075504952296517699948
0.7457842669712708549473996617187801900378954841369991625313208699952884180690666911884948954486171382
