100
0.97 0.37
0.04 0.58
0.85 0.44
0.48 0.35
0.31 0.59
0.39 0.77
0.96 0.21
0.08 0.26
0.75 0.69
0.99 0.79
1.00 0.48
0.81 0.47
0.54 0.99
0.39 0.37
0.26 0.24
0.79 0.61
0.57 0.07
0.87 0.54
0.75 0.32
0.57 0.71
0.51 0.11
0.32 0.81
0.10 0.15
0.73 0.57
0.85 0.27
0.26 0.15
0.01 0.37
0.22 0.75
0.97 0.69
0.06 0.05
0.17 0.35
0.09 0.65
0.35 0.45
0.52 0.79
0.62 0.10
0.18 0.69
0.91 0.68
0.71 1.00
0.44 0.66
0.07 0.31
0.07 0.12
0.62 0.28
0.59 0.25
0.14 0.50
0.14 0.45
0.29 0.02
0.32 0.86
0.39 0.94
0.37 0.02
0.60 0.25
0.89 0.83
0.84 0.85
0.20 0.14
0.00 0.87
0.77 0.73
0.12 0.49
0.79 0.81
0.42 0.19
0.47 0.29
0.62 0.42
0.06 0.94
0.07 0.15
0.52 0.08
0.61 0.46
0.42 0.43
0.73 0.34
0.43 0.01
0.00 0.55
0.11 0.24
0.22 0.82
0.89 0.88
0.18 0.37
0.41 0.62
0.86 0.31
0.88 0.46
0.54 0.30
0.33 0.36
0.23 0.50
0.95 0.85
0.72 0.26
0.24 0.12
0.95 0.12
1.00 0.11
1.00 0.61
0.14 0.10
0.67 0.73
0.34 0.71
0.33 0.16
0.43 0.90
0.36 0.27
0.30 0.43
0.61 0.58
0.43 0.77
0.75 0.68
0.68 0.99
0.69 0.61
0.98 0.99
0.63 0.29
0.03 0.21
0.88 0.84
