0.0088164881459804524823031825146039361468573910975345976888233099798658127173231060754356169109314143
0.9986360711147225934626101276428188213390745249959997748137126374709771275610668027656481660335358098
0.9999999985647022547454201548058128176699045216945942359244464259406017429842759798721119085140538231
0.0717925948711932573089093587765074028693212781775047220749415217317701072268927265170557142902244519
0.8644242314254266671853134898715026196801813292580252990418445409490243755625061499054911810957512736
0.0651753899587216630564355006215928398112666574250130959476929571857532754225583447400619246282197458
0.0000143176382188439876275264914900980100333074812972981664778243059293252859145431000018850737578059
0.5841630126046921000235743452406319343963099789391599618015121322175563008576761445833596911106046495
0.9999999609037987714930610898929524746988469013374995649592461568924957764401441554416626989850316993
0.0005974646752871013559993813853221513689141948632329808765551355830783915159375351236156902566162256
0.8106051849426417889087229275142951307877493933665803687749889358260841277975775334210894828850436318
0.8659925254952665521101358602142294177747686537778617129432068475474095618959383399662536552327387862
0.9865446584196755977771019650116049313193153856453819396710823624058145819626381653830960542388685528
0.0000006613670984264893715255190766184187959813669302585764395292533778690057200027370249365277075542
0.9999171903258135839790652457812034391663088977312755887859276091695115961982392354972542083177765545
0.9999998500761511337058689316349407214338266036378213029781593328494697437844085841497007236296308264
0.0000007811602173062492724364438618733376285792692825850624998724612029137697736741430178745427621431
0.0163078806888412196990377623943711583501278742960999777694485917859515542141353466921288436544417984
0.9999999967578966765575896433243284800751900249213369195133907646599140390590577939096828755422470447
0.8908898025536533794221314096622159650842191788977680524113875627925487042760452615003344058476266347
0.0000000000000000000000000000000000000000000000000000000000000000000000000000000000000000000000000000
0.3309159323827064268085509759267094307623293361294841713576750448163880887293067103825833683070830038
0.8126350625930623843235167809779039330468394477869769986447976745334387314410295981152455752621945446
0.9981494683579676427355060338101579120971602804120036908467045038943752068320133350387743154823668364
0.0643944613827502876918922372999227719210708272539920931800944369564604771596908674680308733537387681
0.9939638965319924022131124116284468284135245755135103907413047205211818782604730958085532991653375272
0.0000864027367320688839339007993116612643933451624078858463557712346110055581513331685698719150252737
0.0012852466274403623136696568690195783063332912006341517478477757435729886839460649882804515498577837
0.6675741447080879748328889867867230043764964303997829560511679966891869259712187338667268172828928460
0.9999999999489047229695556463919311273623031899856590174839531234215188936912299977755033519109094911
0.0000000000001008895681249879305602199459360663450791163577122737889588236088604230731019828316012679
0.0138222808128281320256646138713233066014499508580720000557985282582159918464871816132799960759495526
0.9991696059697082597017771422761065675702792210174788368778880247355622951627343649922343584020850726
0.9996628350598720359974762946941997347042652003542992501429428588373489961650696558040497704061178232
0.9999999998631434617137510714855194357895205316293301413874571235921106514127421460954038519221701712
0.3811452889879053270332384199170653997748940945652635764039960029662370141461885728215378729281582395
0.2454251042876542499634276333569664999183476511581931551966471285002186572589130377196751029998191601
0.9999997138747126865288329513834657599232943233263364498577588474026961512201516227274703881253321104
0.0025656617405865410511169768598281835244432519836372922104462567319868138710105829513036299765738493
0.9905563693027670563842027504854718914800109978227189715901818242895992244073633829574269328303865388
0.9999999999434417976229726331031039944206010053053790159497998260593245911753811973482570592393848195
0.0000000003958297099455627468675949396720865077378492774944417256640124569047086889055689764812513523
0.9995458306386667536190171409642953607678058966244789787596389646339564153798581123459683015522199773
0.9211980973782692009029525822624522632116791859214257414814842127301000165591280733309022276128765985
0.0513896443861852394437874199831266328388700376139277085870559052733827420574241551602564074682734604
0.5851039390729847592861552357646499743354536509991954600546444086823860820957264715771437561928843438
0.0000000000000081197028220352835985762033870842060116108785659686152698998750859640150078351496573550
0.7277285366804842957843342718082547048064586337142387095925142819665223372570535583218418331470017283
0.1216867703538135023095961342068055681705927212684874025020859338092355661966361971140738227332379530
0.9999999999999842113386734590192798104535995513240620307251441026071495592490427600192807544779687744
0.9999999957921350110592190167622141154307810300653720147554424906367029468970216117908367064446127780
0.0000000000000000000000000000968961133507939057946940084649128712710271402663225449531520693490872705
0.9999999999240085537565357173686676866043254094897140795499590734773996086958668403388968835566610629
0.9999999910413128151544760470198324172224951658152614997791212792526131301308803160031188381739333396
0.0000000000016883418938219079714607057839813137270218201880724314827317094760913865894100136027092454
0.0029566048512228689804409556787600097183712280197232942627940424763379137044678700995520457202226129
0.0000000000000484069910318843758726781407194516490791109851474906197535588752693947081143834615327129
0.9999999999933069308403847869155984876801031461348351659198624310815932911724309143310510205048215687
0.9999999999999999999999999999999998103042989907197858705714736662462018695136788838914941856218853665
0.9964353054205732783583690988811869683700026252040545157019378291069740966239418600906773828769555441
0.0012319569281910041574582018486384149060437743919634296207089657236626457876375342869456527778629830
0.9700179454165778220907497554291615796419585107035634238862815920195537625062160016993109401232553951
0.9999999999870045192189554456702783663565338302077405080975443027540531622069652185490376394619811059
0.0453066113106589822018446265142457447250138070249406276064854884510998597718616753451439485992063339
0.9999974133163771159218817580495091616151888557954906974961854001403175185753468899990309998332704583
0.9972796379953080455437853465875960656771909745920629852263210489673046433215131290309259875841759096
0.6173378285836471006291226251893593870285210476464369258833566147537409653990202338649149655043135759
0.9999149078165452695007641291464983639979009601647844483272472227890318967891838010057367948893008883
0.0000003924445129937577161962107763613845643437228858013525254954020873916654094242621769407735017391
0.0000062601677801210644876019011346659578621582155659522995145993844706217945348360496228357287956830
0.0206967343100006917400003464694596965512486940475690620684706455068149690544775084114178294224575924
0.2596598124980551206293707302196876152766619949622039425229656356864114942112453765130591970912127075
0.0000000000875222963538893359818318625754090115143274697741494657651345990713546724343168719294692084
0.9999654480898752384790470021145666484841589474834358882927630834019423661000264802476026296746340889
0.0000000000012383712533140352676186359779530504568327840983371619197177429115797517264247372163859507
0.7754154359645875128593981246396779788682990329514179961232525905920177129688133228246401454041198260
0.9879134803276356471929434960147127524103036616340674427739916464692538045625134615987574116654128676
0.9999999998322171001943821681439284885148172597941505590556877758293553478787646229071850364495461738
1.0000000000000000000000000000000000000000000000000000000000000000000000000000000000000000000000000000
0.9017097334038635773094570783587397905701868694754113443355334716600622312547354225405141387771987646
0.0000000000000000000236712225113591665559818069466274317007039454107129334925751199147882908025361337
1.0000000000000000000000000000000000000000000000000000000000000000000000000000000000000000000000000000
0.0155210007554938457094600084223967505145610014318996603386444203649307700051140733365208076244047730
0.0000000000000000000000000000000000000000000000000000000000000000000000000000000000000000000000000000
0.0109290212075525984358640646688568315452704449828807492742698681810390932530308984989805124222614456
0.9731695873591316426982584240011752141662289638274431876481903546628715030981441632148257114012612988
0.9891735500965436826771985772398718433869341841281787336509453576032846919687684865748951080243133905
0.0995557852768291964608390191747258934546271649790210268822712895797745632816865497172050020800092587
0.0000000000000000010732951264134045292885534620557787025986498190763195797635482828244953799159706493
0.1336998093029667042106612049310703178722989788353557866709826349578914747670723272613946489739929827
0.1433735587196537587764954323130297123183596263392454375182541654408490565382416582516441958901979398
0.0000000036322169789040415992906177319890946973842931423023201965938652041309849902664858374214627931
0.8659498408650475690739908819319887598807152996108359472672982552011762147063301782519504599514385394
0.0119154747136381085723127488104098421737017795461290205790407829015517016560853179394435298572769805
0.9981461499468142609818661412235909620360831689273654797113361504465912973683999124854985692264932853
0.0000000001113496995746394716484628757383752108245082741413643316203270800632569711747946360502644526
0.3317136414595319633247211380693648999244799633390044844377453167919057622860988737056413991215964134
0.8571166066354861818914468248866835497938068290744819917217760206955865811540240368646600411942454052
0.9999999999999999999999991217075317445154883356738819053398457609441365773194709694933608425276518511
0.9984327405418228845789330239055197673476058419015341235497253882281469867533825029613789489887787702
