100
0.10 0.26
0.63 0.35
0.91 0.42
0.77 0.87
0.88 0.81
0.15 0.26
0.12 0.46
0.51 0.49
0.89 0.44
0.60 0.86
0.42 0.34
0.31 0.22
0.41 0.22
0.51 0.90
0.69 0.34
0.91 0.50
0.24 0.68
0.43 0.63
0.48 0.05
0.70 0.59
0.00 0.77
0.37 0.41
0.28 0.21
0.50 0.24
0.52 0.66
0.06 0.01
0.19 0.52
0.41 0.69
0.43 0.39
0.63 0.09
0.01 0.48
0.09 0.23
0.91 0.69
0.87 0.60
0.87 0.32
0.05 0.06
0.85 0.89
0.84 0.40
0.24 0.49
0.62 0.40
0.61 0.08
0.12 0.65
0.54 0.24
0.47 0.34
0.52 0.67
0.58 0.56
0.05 0.66
0.30 0.25
0.78 0.86
0.73 0.09
0.72 0.20
0.03 0.86
0.83 0.26
0.93 0.49
0.56 0.99
0.18 0.41
0.01 0.49
0.93 0.38
0.94 0.05
0.68 0.43
0.50 0.77
0.71 0.54
0.84 0.25
0.84 0.93
0.89 0.52
0.64 0.38
0.18 0.16
0.86 0.55
0.42 0.85
0.76 0.98
0.46 0.65
0.21 0.26
0.49 0.96
0.88 0.56
0.46 0.97
0.45 0.38
0.93 0.80
0.50 0.04
1.00 0.95
0.63 0.51
0.24 0.96
0.71 0.00
0.89 0.97
0.00 0.67
0.62 0.81
0.12 0.04
0.77 0.57
0.49 0.61
0.25 0.95
0.76 0.84
0.25 0.34
0.11 0.60
0.68 0.58
0.14 0.31
0.68 0.41
0.07 0.58
0.58 0.62
0.59 0.49
0.85 0.05
0.73 0.46
