0.9999999999999040698295908957983014174752302278966252083101008455826470827890584909525836444847082702
0.9990541635577530541000983307284451086855385852856905839784398987640569742725257820406045523488101965
0.0723751940935177141762367718412783052657779950002427853604958608980747070641963415478980012358118213
0.0028922832091613500553003210008424079942403882910311739197649376864127201932581611950601200253854184
0.9944153070910383175529644932497573366912892829625780249717339054839197442708151477704491685239953750
0.4356952570469384706227021856333322124277071863122174419243115603006799682847797433863004507691030139
0.9999958259805653030518982546940412760618339737230009475162612262499456276212336056795532790905095655
0.0000000000000000000000000000000000000000000000000000000000000000000000000000000000000000000000000000
0.9999670345419197530597662958202582491857945292404819621855330415354651998483731026703383318572356452
0.9785775093475603529892965814645852240113630105415508964476482533834945557811678197907409749568101613
0.9999999999999999991623356833319215570942913173821623689741560856615589585899041439262480053250173219
0.9724277465985357287674300427386917923433862264316551929998833347840301976748470443017245132824727171
0.0000430228676670483803156446421832365334549384522457863278286434868861711336853890060548724377547482
0.9999999999998724718700375889028873104767258842397181547888174492865781015221380418687003866480744174
0.0290909286011061536092921969918333739449997169078632163290362720248303962468643904361010067847508873
0.9999244463363967514097663202927841935571847715988476738527388708549263225497755036859833771222006387
0.9999999999999999999835462144617289329724040858502676049670733234730809807248568451031311343814179037
0.0000000005272675794693894622578478711394450017773625169462714823328729161640458440618082661965576104
0.0000000000000000000000162705228057292173484340589710469817974841125646840613544618512388253421259387
0.0000002321801067276656621481879788146475258810973182615329516657139923748449452141993839501321415160
0.0000000000000000000000000564820629857047258505407259725978227054039569047191644420397324522665118854
0.9526888059518470385396901511941536211351428003791094259247935742632855522621795106202360379315007069
0.2083461910784634093575526661348519207489372020708744825770428754135688392548017343784185676160121651
0.9164689686092483325779793406168381339267016879886525146278427836556843199740058370052970877566836694
0.9968498944741282669973599589359261691317562940079704803501402764049776455740699134829496940322564662
0.0000000000023345977373742675047111132066245807897592538307798117308875197878314083153023452828915163
0.5000000000000000000000000000000000000000000000000000000000000000000000000000000000000000000000000000
0.0000000982807688893674898484837002307119583782250240164654890005825853672710849148627780434493894378
0.0086358204214497465978718575338414999481212642617591513879029394700092817063739471431012835091061766
0.9999884175859565699299932315600820652950797984782062094925023734301907050874494064216398038581428093
0.4548011041500571766930807107231501436871846937274118712690094569568639163458091393126383317214782009
0.9652368391587196561766662386625182095370161492121746337544877765133337722872817013754395272139114948
0.9999849095255720082747291308396534434039415545552206212340994538541190402285971665037911138705525154
0.6282299704343872069682005924814579047133826384529192648952436343649419959649208279625350203595602817
0.9997700145943697025326659873625606265656371521691856583478362095763157528283367176727838799585928798
0.1979776601164085579367018017589906743142392051196970014153455745585237568449116140702498655460483654
0.0010162685858836451127380031192215915598347077567341886059876929184799049681460210888209575211804645
0.9997835928369904126059758053304965582761674474086019259970791312444884834244300244887935908844031724
0.2596598124980551206293707302196876152766619949622039425229656356864114942112453765130591970912127075
0.0000795620980782942575264448015057451874255379765720833664276595069003466387210276299709897710520003
0.9999999999999999967123637205677239144329618720967231022343953984328898974980876371045674138053759280
0.0000048121563967332453167264665740519515156172938272175231583190203717443436836506057896680563642497
0.0056148842626744003528778829389913377917733231176700870625133078025880388098233796835957750247758897
0.9999171903258135839790652457812034391663088977312755887859276091695115961982392354972542083177765545
0.0649704446482043924214776480154825772058739265440768303494607815985242665341377203410949432012138995
0.2748448374812193311089455023693864313958767587174539706856109480878268284054478742018007482178528851
0.0000000000001514794879189447186431776858200640129028165531734100079757274566553948316411135842325620
0.0000000000016883418938219079714607057839813137270218201880724314827317094760913865894100136027092454
0.5000000000000000000000000000000000000000000000000000000000000000000000000000000000000000000000000000
0.9999999999999999999044515662753274471001754961777221560576232809168444442267171949187122412808411302
0.7786906634028543073850045099645023631549757943544814402003803090991186891614431482149965309955440339
0.9653068680814175784449395270107420812510206562244353230083329667708365013909934193980576949315788391
0.0000000000000000000000000000000000000000000000000038166898912738815160204087842451989986361939559820
0.0000000000000000000000000000000000000000000000000000000000000000000000000000000000000000000000000000
0.0004044042819535594238876520939708761799692036157420978076563103728025769615735884963188951610045489
0.9999761919941633382147603634946171427319674005416047176925603170897051538052658526835331610010150809
0.0053018185586334663773082022374509913964803207184182920670605228496975356653627640093419889446590133
0.9999999999993198485631981916029054920953296834198827639432280705874301654974930392964964102351686539
0.9999999897402661592698371340958081579646260954344949166997265107547944650587157329195341359618916046
0.0000000000000000514200616519798096801472670968107907803061098086148923941229908410285211507843682625
0.0754578921550167762157541747702029897627530801938129602155557315164110983784906648043100051203419092
0.8863716813835337261115546652296056710269110350334250195901837633928296349154565098718944504429314309
0.0165901409011651964964057413022674883168058319259537860995068284681978776945252826075711104774199004
0.0076777384558456794268431494018706303081799143542907894756523234577058439398582807387201813528299177
0.5902095492098156480968757835362130525163919449387827017634786188682672404354153167805547029503860150
0.2533570864443516605460276825406591950839940326750188670183078542052203623692476354079198429193319074
0.9999999706580824163807702498230887142047768223740601140747784104508170192237546204272481337795478379
0.0000399514679289336994148640084959868145769696221468937875204317404746468558378646559844281950437851
0.5000000000000000000000000000000000000000000000000000000000000000000000000000000000000000000000000000
0.9993531154722172908043926045223091005329965159995654302594012096708821662640740648658653726239521044
0.0261230417689559113442093809140134685090427783720276598166854761440431951814639146239348247910680955
0.0000000000023345977373742675047111132066245807897592538307798117308875197878314083153023452828915163
0.9999999999999999999999999875967544856061089925072897820605010145763735290680542353576503836988948292
0.0005426403655508594635604145450583222760602712019280504475951064655174989306258737513769325936374707
0.0059734990194552929065787748206952154147073431841487071970757845512981024501061785664748707563440781
0.0000001350025537712863562556449400106285063883775885933925098368202229220265733952095862935883562797
0.9959343582422222251736237052902346377306707871368264265892151442730343174950491644026680094156210302
0.9999999999999983905060186965710913496155329319434531932328386739680409595832542283966739066135765478
0.9999970816116229125407847479606420288933950899786926928602510855547309603702114554001196944632137591
0.8851213752349136824914967288314974541399341756954350416594378565911328307065476191155743456682116368
0.0000000001424533171090176776059316983588275251628361018547505389289567677616381488163449640023579066
0.9999999999974574578831751010503968897193815381210917384343634559361009127838869001983549084270641175
0.0000000000000000514200616519798096801472670968107907803061098086148923941229908410285211507843682625
0.0000000003990784142856520610081047228149634324154052944443140881530765151435349689032126722412407758
0.0548362176389406764549085632713513782489914366683872749987059049444560364786183020002591020007154984
0.0000000000858152918416789874769923362324235249032873479037344004939567579341864558439792046640217658
0.0000110881606665158234950441096765057963931152998543446989469537614517116654119229220391147161122028
0.0172262370499690189401566044109148357371842808001357064526931163363030482110208053733753018190968427
0.0140319520813992036246224938480977356694127823753829127339609814389396030121379842435834072612994764
0.9873632961803266991705064047060779153740522665605416797511528004933898888924413161498508461039154859
0.9999761725694181464661281531493485828328888466880745605867930827901856431418129105159270745884644452
0.9999999999999999991623356833319215570942913173821623689741560856615589585899041439262480053250173219
0.0000000000000010012976388704753426436892514549697031470977743368149804375742457127500279343726849317
0.2353834255452435848942800568820586485688546090216713196742726353996752055234317435656029365034110055
0.9971560456315440324385326934483451611975772095661738366499773054454975587609606137221667638424951547
0.9999999999999999999999999999999999999998667443734121013681494218749416847781934861631691869038556695
1.0000000000000000000000000000000000000000000000000000000000000000000000000000000000000000000000000000
0.0000000000000000085942467076547677473832615701936056019218617599468354408582178859685513850086365033
0.0000000053142045833196537347459557405802318306857814667244087448320675404822120640608570726554466000
0.0064639777699445530889241229044040304180961953029846365336744433475359769182870624380456210347190887
