100
0.71 0.09
0.63 0.34
0.84 0.92
0.06 0.22
0.73 0.50
0.14 0.15
0.47 0.11
0.30 1.00
0.15 0.01
0.92 0.80
0.62 0.01
0.59 0.41
0.25 0.61
0.94 0.35
0.02 0.07
0.98 0.81
0.90 0.14
0.37 0.89
0.21 0.97
0.13 0.56
0.12 0.94
0.36 0.22
0.76 0.82
0.93 0.86
0.53 0.28
0.16 0.77
0.61 0.61
0.44 0.88
0.24 0.45
0.35 0.06
0.66 0.67
0.23 0.11
0.61 0.23
0.62 0.59
0.44 0.15
0.24 0.31
0.60 0.85
0.83 0.53
0.21 0.26
0.29 0.64
0.95 0.26
0.47 0.85
0.68 0.87
0.66 0.31
0.69 0.81
0.26 0.31
0.12 0.75
0.56 0.99
0.06 0.06
0.89 0.14
0.42 0.35
0.55 0.38
0.04 0.99
0.00 0.57
0.08 0.31
0.48 0.14
0.57 0.79
0.93 0.35
0.40 0.03
0.04 0.69
0.31 0.44
0.44 0.33
0.61 0.79
0.11 0.28
0.68 0.66
0.60 0.66
0.64 0.16
0.11 0.42
0.90 0.90
0.63 0.33
0.76 0.89
0.23 0.84
0.93 0.10
0.43 0.73
0.07 0.22
0.43 0.87
0.40 0.18
0.70 0.06
0.90 0.54
0.66 0.55
0.47 0.95
0.97 0.47
0.31 0.96
0.18 0.73
0.16 0.28
0.10 0.64
0.42 0.80
0.02 0.08
0.29 0.49
0.40 0.21
0.77 0.40
0.99 0.38
0.01 0.54
0.10 0.14
0.45 0.21
0.97 0.05
0.63 0.00
0.32 0.97
0.36 0.86
0.24 0.46
