0.9995955957180464405761123479060291238200307963842579021923436896271974230384264115036811048389954510
0.9999999999999997056027509491505359045253204667489768551256424593587419913771733498245630388454593794
0.3241038755439150583634535379521145739321833235645402068944454735783379867336575947361271151865244881
0.9999822482158746366329392862407523935352855691210797231428217285836814633020395984623669634942523316
0.9999940840723412332323254656793333857582812118398381554224697585657304067384666946770702306621992593
0.9998721908913864527477158481465614211831496398623398803320745575952141954278951871363810549349262045
0.0070202512436531743475496942666797633174422403486077181551116126149526973137739474214894235624576322
0.9986501798643803831303782640564503783116875468706326945329192336554046516477545358064759709125561753
0.0000066738021973152833529532166136945218296883015622138529939686949043699551179029413824383938210584
0.0001691618295956612634991305657651457496164821097617133062587523573473630805810941160928316838787845
0.0121540365870781814800591555485776901170175768393126000144183021072354252161041970400256066546541227
0.0053833467736268787035973933002793202154382318944894713926609338891837754067957333202540542194083066
0.0000000000000012618558417518795897024710425577419638412006719534066795394729928750022277689321069829
0.0000017959545384017664751244256676108638012735089712526117712125230811320021868240306147583546277691
0.9999974742895314234600280018944105717238155438730900037458443769653734579627884700682160984050351697
0.0000323202715904287904378563038597765192394682428667984323636747143704967745515321578029285539514592
0.0026353313433605345977955199227540554593539035357991967408279357601513913422654451582166741176565000
0.9999999999999556224511209642618293890553648162317786110805186886315746436900240796494839772533109704
0.6690349602294352771182899350879127967939729215783109247879694116361203022399217639299989832291455047
0.0000000000203489090685218850251811177525433495805427694240815816242436527507794801722431028571989094
0.0053356792401791706763414607746126741574499873223776821499224043108657629435535050857706012158271014
0.9999999996820001259708272180977301362440798034056998310938205339602599198078749395026195710949109995
0.0000011019863511887378160919648338609047479413343988508252162506390626642524968514328019618802374856
0.0000000000054063837457525859078159304242845583256332997292928155835801678884446477182873826902081163
0.0000000000000000000000000000000000000000000000000000000000000000000000000000000000000000000000000000
0.8412908280470186459978052681301887775224323855892412661870025533403545154999064321741852409193871454
0.9982969442963988143968491547555054241616116944135085762476946972783508245044172933212893922415495344
0.9725423678515300256492949453185967715182917381623475870609496581238445607265836211567635930987100459
0.0000000000020638297815319723103639241788172562075352434429586197230869026607953484277691716115400271
0.0000058233053048809288856314825621126882724048458458898183381125832122546130056381030891238095913096
0.9999194349981634676069427409937972365035236233576127621239940576331877683637289620138724408826735675
0.0000000004156397612602721865737674841536127585726653268640792062033114391477745066679767078712695871
0.0000497454954160451847962837984694727753799751784683261111115503226299805968728324983754925195154049
0.9651094706822903485543183477446815247774259697622816436328212110528258366675154445355427780485502817
0.9999999999999999999999999996953882047621342120856661506592885906525167607474224695216013972813620811
0.0000002321801067276656621481879788146475258810973182615329516657139923748449452141993839501321415160
0.8044694321573582287137839663520108772119928397977860478434912423582548579296537739277577272040008116
0.9999776604777765213250004280147734506351345516681932907767803867259599550891956426416725281500209507
0.9999990922174565243492159903768830613249998572254732354926421438744521711632189629564781607610437793
0.0000000000023345977373742675047111132066245807897592538307798117308875197878314083153023452828915163
0.5643047429530615293772978143666677875722928136877825580756884396993200317152202566136995492308969860
0.0094436306972329436157972495145281085199890021772810284098181757104007755926366170425730671696134611
0.9385317846310457335712862836654029921303194625603057616551920308000941193299545328777586839798544703
0.9549310072807144397248408035887533211066684538212218132656572512663995681567374450379338074537027444
0.9999999999680929814638453109258470843553080665586873062687370308555783082982874722143248940710042513
0.9999999999999605373786825635992695413262249744101079142019902966826462214898334926501204602489016448
0.0000000001677828998056178318560715114851827402058494409443122241706446521212353770928149635504538261
0.0034146366218454965558476963676320493543891868158230457734752132449383463787782235927997528923678219
0.1193382626286698539786410322314412683800840716427661204728087569252032697268345399613396745934130213
0.9967282568610395926411734211107481194319589244265409735890525534964351787596066943884477096909381320
0.0000000562493165724322058694427356929445426959265560404546581904111419357490426979985141330121465098
0.0000001788269394825697320718202778143342962748125668511068147372135414084658436993639984861612718655
0.1149636681979052265650030463588030274062252016032378568593176825307420447865732478128045522343907084
0.9999930644023160952179082107437849456662596329010321242256697324505250084481647393748384636883377585
0.9999999999999999706754982572541804593146164986734833455091643369651799162262182327280567834667049582
0.9685196147732358402810330791379452019926809651387405006636058505894233492542454059481426370659937161
0.9658986517105601888754452895465345528754448709398365260046666155520205849580791655624439315961397573
0.9999999999999999999998478812384650308376827088340652365667622491425117963754303975558890874400494168
0.0013144318097780278115449752957735146422676593717958757831254699580050616195325575754529991378180910
0.9999319362761015775528293035986358704276002826130015060329694304622877396151052836800365226373298119
0.0438836555221825087501610215506822667245634637515220641797001285456556076096542881586050934262711265
0.9999437140752535823509957215955008772651698355480883846482245731320310978815768060141378272588104100
0.9999999999999999706754982572541804593146164986734833455091643369651799162262182327280567834667049582
0.7483789600707850197572875659986669952207293813090815356807474256566925194035386796668630559092173224
0.9999997136394673485841259273194742902904047852971918525865137644908067974506379884446675846394387687
0.0000000000004223449102139841811429728204314317257241585125100013868094353648430832695206151804942177
0.7277285366804842957843342718082547048064586337142387095925142819665223372570535583218418331470017283
0.9662070442724291397226208998561851036070269461484235652725654340944921881831344260908747854342352598
0.8266944468186973417943653205683522615445781139795003909542356646797198536159719721233487579768872400
0.9999923694192831910052609886462535735892078355729985577651843621079712854143597501957547921261215765
0.0017608409874626776295062793890808575130982770048570874494472601401895379119963422888618513364057615
0.0015418009491228507378967117066661079245670864149558194829887587669554590520565772734583786201960966
1.0000000000000000000000000000000000000000000000000000000000000000000000000000000000000000000000000000
0.9986327332594501908393863986837922158773932800049837154794351910582665271725915100500651708256269167
0.9908968633139385937225127302969058529240246329033514250549488480484630832937638744360501895127606976
0.9996823454728129326395701062134528417264391139386460183501826125724299193845680139759080958319732422
0.0000000000000000000000000000000000000000000000000000000000000000000000000000000000000000000000000000
0.1522809219392557424550536155119802353149852020201659717272517011785204194390393306095228957749087967
0.9350295553517956075785223519845174227941260734559231696505392184014757334658622796589050567987861004
0.0762251696559212684555550410422742099600108124397999494013704820882504323372561611470127653704011947
0.0000000000019747076975419183673479025872396569894047527200937646194360051280765379801927916341190703
0.9942990406579785475045918955331276387328988620266734445491982462970884218954526540699500399383959512
0.9999880309577895069719595217813567173779062619110106763805821290833428123118202711192298362205813603
0.2664712198091506855128458121557703015753505240795012019367810297516787799396216996631731725713007773
0.0240243054683861708450670524249725751452005163903590642241340406797577445662227783653532067721848517
0.3615836133296575633233449604416663099177792262590360250345748634797366650826261252598128529351471879
0.0047945304191735484148819223496457694220230799628413877275383626667146871629386746335165354124350200
0.0000000000000000000000000000000000000000000000000000000000000000000000000000000000000000000000000000
0.9999997168761628798790455996465139925940653636318259096170683075701549613504659296739144978435535076
0.9741014343260824658407015895156554133649224125060137608850462609020406316924159588160663239233732741
0.1003941045057362664890385670456569516044167598883890941957367302812257259909047324259494591950344785
0.0000000000000000003368604902320746972084267602071273923268241660879770149890704368012414394980876293
0.0000000000000000000000000000000000000000000000000000000000000000000000000000000000000000000000000000
0.0024384609654032836449249781132701144715949739296428197823493967623052161414951492700218394380687665
0.0000000686130071185739209837081057758729028578694259320289296195084633827220430916262675473735282827
0.7824869529579733089296866936208827222254495609850589907623147587562563217231731817024584950253110263
0.9999999999993639337639414792281213548648416073277611224019733586330381154941631101332613565974992434
0.7482715024688630337096550722823968140681982110152519880943557222638902036449060026858486532132828088
0.9999999999999999979338172565093870092071322095000886066552306348112740596025101332342777163577896496
0.9999999999999999999999856370639848632309458318694027223551989619274680133689480055211627009640391166
