100
0.31 0.08
0.91 0.23
0.65 0.69
0.53 0.17
0.84 0.46
0.86 0.56
0.40 0.63
0.42 0.17
0.11 0.46
0.71 0.94
0.10 0.25
0.04 0.16
0.41 0.98
0.53 0.90
0.68 0.26
0.47 0.82
0.41 0.67
0.95 0.36
0.97 0.96
0.03 0.50
0.51 0.74
0.49 0.04
0.47 0.87
0.52 0.98
0.51 1.00
0.41 0.32
0.71 0.44
0.61 0.43
0.12 0.72
0.23 0.63
0.42 0.12
0.07 0.56
0.36 0.72
0.61 0.44
0.95 0.11
0.44 0.87
0.48 0.40
0.45 0.12
0.96 0.65
0.23 0.84
0.86 0.85
0.38 0.60
0.69 0.55
0.42 0.27
0.89 0.33
0.72 0.09
0.04 0.50
0.65 0.86
0.39 0.50
0.54 0.29
0.12 0.57
0.42 0.86
0.79 0.87
0.80 0.41
0.88 0.17
0.48 0.31
0.53 0.36
0.99 0.30
0.40 0.68
0.44 0.13
0.45 0.61
0.14 0.01
0.83 0.12
0.81 0.76
0.95 0.60
0.54 0.99
0.75 0.70
0.35 0.20
0.74 0.66
0.69 0.29
0.43 0.70
0.81 0.96
1.00 0.05
0.64 0.36
0.66 0.44
0.83 0.54
0.00 0.60
0.05 0.09
0.81 0.69
0.65 0.77
0.15 0.76
0.44 0.22
0.48 0.13
0.72 0.77
0.60 0.77
0.95 0.96
0.24 0.47
0.64 1.00
0.97 0.66
0.21 0.09
0.41 0.53
0.24 0.95
0.00 0.02
0.12 0.33
0.11 0.55
0.26 0.20
0.67 0.08
0.93 0.90
0.85 0.12
0.94 0.15
