0.9999999900986579364643041733583101640403120150055876943443570179168047496450494011528612714198674377
0.9999848241548933343933479764599476477092563826882844636562258498547143452778860951234176459392347258
0.9999999999999999992113799659253384567961079816584066215744484688244499248677344567578433667117629095
0.0000000000000000000000000000002231740380692232136606220686221118640049895972256713206590756714157090
0.0161627949693426308228574679862984558899401308315222305013337444287784438371798679094480116508492054
0.0076574008931080978737392121742977761639780043416235699874617515714658286189420855785667030501188799
0.9999995804937740512860961894420027725120954388055072265305409125475342959444925587901642604276789343
0.9602933742994919883510713540757869671008766195591387527740472270833273173984082075415260364978684759
0.9708613039583700734825723636752235864033105521303428496009777414235311875213128400300976675068570811
0.0170098787518662402926003967076433324576015562528942239839679190361660507017883967057388984116607834
0.0000000177430705745971403729587521877460428957484475921180495653892274696329000498236380120941922038
0.8080626688733985925831922002182103121786431606519996841277754771838149730717979507309840570302033520
0.0010800871278649973338187993365966117656960955597209407626535350431504824893533421035987595146249067
0.0000000000064677971421037384334619302528808517306743137914775574618950367291184730474303929269627539
0.9999544135467360556990990556215973717808667096609039187888835004481516023621844347474154186585753909
0.9952763731287527566568927525047076636925827310410246330387106943892414605190307904897015208355593550
0.9998579003618504840702513765339141879940313779106577393575341124274347630324274778551008432526547552
0.0452250374135160630440279518741855423019816604833208953867652046053689979878669958881870912143125325
0.0000013478729844881591059994919721624528245775244677479660751968828822515104930686617853675491282519
0.9999999992561083673129746876687711013063681560127680238709422096270364040733136894091857515850945980
0.0000000000000000000955484337246725528998245038222778439423767190831555557732828050812877587191588697
0.0000484588498506637446621540357029787167714231230346081723010811382012881549158657615974301277134726
0.9999999910413128151544760470198324172224951658152614997791212792526131301308803160031188381739333396
0.9999999713908663443037258917222828929152978842098913723319921195897387951179606431554500510014602132
0.0000000000000227879261398341484790417655442535106631848267199578137823649590574483280824665473046529
0.0000000000000000000000000000006804514339895137775414226982518220084002718280427439286117074548639547
0.0000000000004226822511482879519325223566161870902962280687995872734908804562091467935186619258707541
0.0000000036251141616603880841653404315859417130488811578387681984575749743315769596891333316483703798
0.5000000000000000000000000000000000000000000000000000000000000000000000000000000000000000000000000000
0.0000000000000000000000674707426245752749254401679035249207732569346040673033431825816451347974431756
0.0000000000229731415658174034627149821192368060761941878601009222323169167367619776950931355646459844
0.0000108404981637193729721210681333710472748851805020919836983232198557816130028706862662961495505027
0.9911074377696727646670091305370083130743762184610041539684881178180425515404580169519945335674639475
0.0296497085211401446251298721628356773832897056853421393208416457972911629880003611541657268050219936
0.8865365785887541150558648295086351180802799629442014724573579474769494923024931434579345898942577371
0.9999999999999723826484715412976657078193895868882826323469599759715466334656411922826785019647918566
0.5865448961091885081881056473228116536880063989051628578171555492728524930612217968658330974185563310
0.0268304126408683573017415759988247858337710361725568123518096453371284969018558367851742885987387011
0.0000000613351168792010954517716106673153209603131246885559940164392844776798085548320114690116172788
0.0000000000000000055511053260723064295966812783684598331557155669800524206881745568330666746956784295
0.0002725937456776529423010846125474302214617324397973194645756801281627230347954605805584167913001491
0.0022625826913841530099730028840347061830004776443661785362067599380332202589329477000629980712886369
0.9999867014690022324351822593505508288122812588234210451997331162768778452227871128711924581603722399
0.9599519977611629699029767130370189549507594273322759490744768803929388721083658894116602149371197852
0.0000037639743174795695814763847615136281342601807983253284090796642307290806360735122354230675170862
0.0000000032421033234424103566756715199248099750786630804866092353400859609409422060903171244577529552
0.9999995114053945789052731973430002659309417256675697015854495552810237847726610380179645859899876106
0.9838372050306573691771425320137015441100598691684777694986662555712215561628201320905519883491507945
0.0159767855000542916037746776678070752752523101404142257666450279046125890445987380291551967087087989
0.7437632804234980235178213123113107819130764033620846599888165650847393069303403585460194558070089636
0.5000000000000000000000000000000000000000000000000000000000000000000000000000000000000000000000000000
0.6784094178311431366634967751157614252242390822352166039445302064797155462017943621705892888694483010
0.0138222808128281320256646138713233066014499508580720000557985282582159918464871816132799960759495526
0.0000000000000000000008582090089089622600565059450291968294768113180558125667293885347981073923087170
0.9954943974114999167046774795485248649387786686410626875283684099416488646821709869901253233115901187
0.0000000000000000000079637557783355796469921748802729861751929160038532879778960581974053167858505513
0.0000029482912839025597889506376451578263111692277586064656975411141447359571692813165485521742113317
0.9984193516410416151045863643359703932406969678501534269571643133088194523016319372139062738320201721
0.0000040488935329231852595062794805883212783513134682483764398681894108729045123957423163239259686702
0.1324288469132351908566019009956605891314214329749783679050427964780893362720478634715209287747337257
0.2088834005725339483036965685276179935358728599490682018183367414617026124333789717129004572863501114
0.0020752563487946057155003517847224423917379785762518865644419504829516500549233193366249867474176284
0.9999999999999999999999999999999999999999999012602410835800446273817799311483492058004302010696588130
0.9999693118093613173854376308992762857424155024707617419999172550218383971379309021918246339095895111
0.9999999999999999999999999948042974472607946978442601913632296665381051042671310148154339387461758102
0.3703833173351285698742163777777869399099730993185307554761298410085679877188132489140190368301246663
1.0000000000000000000000000000000000000000000000000000000000000000000000000000000000000000000000000000
0.9999999333864644812743269803270501022937136956446066482178182785611747983336535784014718222501969702
0.9999999999999999148255573664097511487228424460079334186914718787491848139594229028733303533834770216
0.1642459315162131407161177419921648866226605896391632592958220713662527049386491781933756710528517151
0.9872354576861692059132896713843325780268626394587294838571439247568685018740524893604204299840329277
0.0000000097692122524778844039909595428449883024902402302397595930401168861333542903153545839548957597
0.8712444811017314846553609546485229267261164513717582729991069331252696553877170105145640211154729917
0.9999905637300350675148131453535461183565795977579056032465102446419648230423462143304995382775584048
0.9999996044450197451144253354865090357575440369112129390836583905394140504284424263204626640799688175
0.0000523774098343723233210031663507685970838262963947086464078047510244663601352903476224410995848483
0.9999999999999999999999991217075317445154883356738819053398457609441365773194709694933608425276518511
0.9934366329716714639056247732377864857416507973650095450339159251670321529045858352153573924798888758
0.9999999999999999999999999999376419266280527003990100690447746673837740233497155844700266929008810262
0.9999999999997367239709970238634466510766692557647363758605802472233635891469727559333147093361988923
0.3826621714163528993708773748106406129714789523535630741166433852462590346009797661350850344956864240
0.0181995899437898817653466879645717723913333442566323264878794909156594779624816299910715731844945005
0.9999988980136488112621839080351661390952520586656011491747837493609373357475031485671980381197625143
0.9980081553717036248000378831977175748580622816473581633868998281159071227042307690995592304351444833
0.0000367320100600758895204861153204559587321634932361789043099705486354259293827520025805595769657412
0.9993449606068520284909286493009382551039725048064708834685333536597646370452885652391199256133282731
0.8311204471665015182287278727767549902571185502950371450756368226832955613939613304314982639133676976
0.5000000000000000000000000000000000000000000000000000000000000000000000000000000000000000000000000000
0.9999313963279518226899255437281969359416787983926602032108646646959932068953285843623875650057772145
0.6646704016851459921294888980275482652043440229196529277609426818392838347954120435989035979219298744
0.0002493502505181185889419871032415673270161945406526125469082944659717920024721591592868077561103860
0.8999721339024311005763390242428769381827010541144593972397695237208390351292840021866582263034549044
0.0055877033445282599050547201108985395825641349555271301388181835912067909903229786402890083482842499
0.5488634111072295919678262438050842081142247374854540889354763698644902525350947184569469718684691315
0.9978681550210675910267171976309428251693621205333759012666056757556754716461426949658989282079509464
0.0000000090142902654109772598999970956940630089288285273393511705638391526392797491566115457724266420
0.9421321218461820959864201954415883049565969715650554232734384051990396556713656384817067251096869305
0.0000000000000000016890812105275800153479203487884467983389901591211915777676847104387682380815723664
0.0000115824140434300700067684399179347049202015217937905074976265698092949125505935783601961418571906
0.9998427405678697797499465853580613455083525386394403371517103125446301016913468354907808485853650914
