100
0.86 0.37
0.95 0.68
0.79 0.07
0.07 0.94
0.44 0.64
0.22 0.43
0.77 0.32
0.47 0.31
0.72 0.55
0.07 0.19
0.12 0.59
0.44 0.36
0.18 0.44
0.01 0.42
0.62 0.26
0.34 0.14
0.76 0.43
0.65 0.79
0.12 0.51
0.67 0.14
0.11 0.86
0.09 0.38
0.93 0.49
0.91 0.47
0.12 0.77
0.10 0.96
0.19 0.82
0.34 0.85
0.49 0.49
0.22 0.97
0.04 0.53
0.04 0.30
0.19 0.06
0.75 0.88
0.83 0.74
0.62 0.04
0.40 0.38
0.88 0.96
0.31 0.79
0.01 0.60
0.55 0.84
0.70 0.90
0.55 0.18
0.18 0.08
0.75 0.98
0.05 0.48
0.84 0.41
0.64 0.44
0.35 0.55
0.96 0.94
0.58 0.58
0.93 0.91
0.77 0.91
0.27 0.98
0.77 0.54
0.21 0.95
0.49 0.87
0.90 0.69
0.25 0.66
0.31 0.41
0.65 0.72
0.13 0.35
0.95 0.02
0.79 0.43
0.96 0.14
0.61 0.64
1.00 0.25
0.78 0.30
0.73 0.06
0.23 0.31
0.94 0.82
0.40 0.88
0.39 0.29
0.62 0.23
0.50 0.10
0.43 0.78
0.95 0.15
0.55 0.32
0.91 0.06
0.77 0.14
0.82 0.84
0.83 0.94
0.53 0.13
0.89 0.68
0.14 0.47
0.76 0.47
0.83 0.76
0.92 0.92
0.90 0.61
0.53 0.49
0.52 0.82
0.60 0.48
0.76 0.92
0.27 0.26
0.42 0.18
0.28 0.79
0.08 0.03
0.16 0.89
0.65 0.94
0.37 0.10
