0.9086111537695341415390631300522329414661492435889517497730369750495449891479301122347274357668397768
0.4045580516935588031089515409088613923896038102439530605464441482773818620418716300770686317573934029
0.9999999999999999999589338901580204264337656268297405115273395202388592778566302280001547903292298895
0.7824869529579733089296866936208827222254495609850589907623147587562563217231731817024584950253110263
0.0004212977900101465684818599347051319670027625162642496472258875021001571352214260320091062643527852
0.0450689927192855602751591964112466788933315461787781867343427487336004318432625549620661925462972555
0.0669687230911818723959607409466532373846232705251691448063645362486325599772847263055951001188838882
0.3215905821688568633365032248842385747757609177647833960554697935202844537982056378294107111305516989
0.9911074377696727646670091305370083130743762184610041539684881178180425515404580169519945335674639475
0.5696961761536429167661626095278153439046010453162149355124347468990802083508949386361753932020539426
0.8246618767814627442637841675518510412757591906230143330276160586454852985476440321262066182438244197
0.1148786247650863175085032711685025458600658243045649583405621434088671692934523808844256543317883631
0.0000000000000000000079637557783355796469921748802729861751929160038532879778960581974053167858505513
0.9804841151016122709197621495540371985650639026962889473093426135460856775125631527115119320165125301
0.0010162685858836451127380031192215915598347077567341886059876929184799049681460210888209575211804645
0.0000000053042559568281908865892399980169375568107644638576867532615851108504373797895818254503001345
0.8607974106340135861492721590941167429523082992378988576136016300120185953453054154028355722770829506
0.9999878454545197678382659952680523277762566160181591131853691825410162413841520384298597473943770559
0.5439022156485082748420194597732060392082459485669853316745929048792823991235159047038918924699859674
0.9999988143960501878581346575262466862830128867788088110739870013713734778124736784225704909275711642
0.0651786633752997689153471963715698930601222885130865167978560584112766622662139576965186779943819864
0.0068130304200799774929103167498369278616895225962973390813823095913790945294240451481278311795770193
0.2951414390005145956937915940785357317403665697707652374323639170846236733037267461362520242164849307
0.9999999999987616287466859647323813640220469495431672159016628380802822570884202482735752627836140492
0.0000753649719374952679758377078256043553787056391565779217434032405821004481234747608136133197384878
0.0036363133478431384545699903609709926285357357297938710614965604712033463348782161292054497651586368
0.9999999982524177847405215894976805520741099471984282465081586200523959295635036459631148974902882972
0.0496269638279949804244829367513458281491897893238351928894469483233619672204767341253243367870733768
0.0000000000044439356622684440825099856030511189104769784594470181261179094199763476425528353570546727
0.0189954660038219690273964192130034788416707353751511845291000447559950289200259328092448994133689551
0.0000000000000002052229073128454469274989498794598723825615297535499825069600303755548941441983619643
0.9681441120633536862663842137839630677342507568302144881912760004239665804299986328944204490568315529
0.0000083930552315267402541059161322706133413587247958186784651119230632269940203785734691961881334778
0.0000075756977311613987263736564286221447948490493911122148520704541698490934598059222675579285673171
0.0000114512149319414638502587853481504281398344890006711516036172087533974983081536018277883254452019
0.9849956999500604304475979227428678327904181247113710636924359743481014386345305089667982453846133744
0.3352233867831126649960667615932932603173344874350124237408030211263164217660452123496497103832943967
0.9290891695744239433071747943270067674252500988286007331283480342069005018670208426405573447690934310
0.9999999999998786267213264905548214275727487421672843103924089211032518148289044639174412505672726461
0.9999999461948500995379625855254356318464626008880552840022673199153480738154270579398938955067156072
0.0528116107410017284347415637373079273624880923960724094565577346505888956947297790902396889246639952
0.0533957315830872702505554007928909666914555941826378847411821613106562261893575461785726680575689552
0.0000000000000000000000000000000000000000000000000000000000000000000000000000000000000000000000000000
0.9999999999999843208169903594296181392177934340556630559893787648640568694862397079962120034409941653
0.5000000000000000000000000000000000000000000000000000000000000000000000000000000000000000000000000000
0.0000000000000000000000000000000000000000000000000000000000000000000000000000000000000000000000000000
0.0475207758222793486292226109399248125332092091260511722735327681542459434430610396223586006789505840
0.6248206081068175886759221735139390671109583381424602287254038610752293061607427582264479981070052186
0.9999997168761628798790455996465139925940653636318259096170683075701549613504659296739144978435535076
0.8945780098360860790085901413282880580504086033888799939460785540159849351415830387702139953571900546
0.0000000000000000000000000000000000000000000000000000000000000000000000000000000000000000000000000000
0.0000000000000000000000143629360151367690541681305972776448010380725319866310519944788372990359608833
0.9999973291975716199256991342185456187708808125510251682424388788305522762141981718231950828526956759
0.0000000000000000000000000000000000000000000000000000000000000000000000000000000000000000000000000000
0.0000000000000602315526904368914890930988998652930953271260159687538227650224569660539003932238086136
0.0000012578504504143619200528144355535382437573696909612860285034050043761642895410163431681451461722
0.9999999999999999999935809699256699228589322933357761697584246563561334157035903340032088102556536950
0.8779154402853535783013100733554705731093530944358269501568257677938891907710372188982535835415950392
0.3209253585261057796317744831669631817879138310138949200468926935402955109249417016505533220080109882
0.0773456450655822678344442595790029273819982594607988949858064849131981773890118237076405591432462012
0.9999964307288092683981101011259255307452840083356121370132346623698779978837924836482633364905057774
0.0000000000414716043285904302364664065518532526178459495279637491951380089037890973000293267679953014
0.7441899782816733355887061114941121266947585509108537256292146333459210123531732731405011377296386752
0.9999999999999999919494958399353944369023430415622956471871848729490737070213935269412887087019943541
0.0000000000000000000000000000000000000000000000000000000000000000000000000000000000000000000000000000
0.0000000000000000300253719490329461078156755776972314284181614295690362613447780263593368237128480159
0.0000546746819772374222666145150832134581075572069811036114142656662452104412799237449904686658194346
0.0000000000000000337983062940203140609254192155754058523428590580248599519866832277216256236540735193
0.0000000000186378877482272343337630218403268837041898503520125245792701960855059278973311413050914358
0.9999954459081732848750918940903383687986822213568386120851503930746086091594449779336109427649126365
0.9567125435106894800936263004714216125171745300963072918779684952608197516639620553697554605156998628
0.9939108697472872457672853729948218731679240858675217067456644556327464326917551349697393232886838619
0.0568751149797477865517762443569679443174711900515739807433404958632954127489398667657026485181319843
0.8310428187521587310426580114461737780601082288793876195194729736686762984503303164014856335149283566
0.0000000000564246245009236878788135202677086782491004393854639100058304981847454379197877709490962683
0.9999999999999999999999999999712682518678164359415200149799828956721553433882324177510551521625456747
0.9999999999999999999999983911556055044338271459827367577980055777899656833726982561577224737178562080
0.5000000000000000000000000000000000000000000000000000000000000000000000000000000000000000000000000000
0.9999999999993458124871192297773660489872031969503886785715414816705178262454261338149583709607402579
0.0000000002732001364472786499008598126437639315048159917777744420933605956107273847802230524915752028
0.0000022042534199781658632782165286713442042824600513800310866677237104203506328658614274468460910671
0.8517271786756679330932802299443626205378433627997876240209312799341648662493924304656353443552124750
0.0383600703818551253613674725179131962385336842181899886276690595330861055612874376675590647433517973
1.0000000000000000000000000000000000000000000000000000000000000000000000000000000000000000000000000000
0.0000000000000000000008582090089089622600565059450291968294768113180558125667293885347981073923087170
0.9999544135467360556990990556215973717808667096609039187888835004481516023621844347474154186585753909
0.0000002362674653256067635479191315307573629641252152146451170198424932493788033945359059169894697066
0.0000000194361866126842968319707841187485032767104081471627955940994928651815222898752043026205879431
0.0000000000000000000020635698352582270199232753310179357192943798668023544783347891680223083767381583
0.9999999997968805601138137013828142219576307549470765260550784065320276332587194680634691783772917837
0.9999964307288092683981101011259255307452840083356121370132346623698779978837924836482633364905057774
0.9696367969287017553935692401688634007118520132538233273724396081035966380733966713397404734489569206
0.0000000000011225238879218895696615812171819222689593935547069011304816719171461456639847099181413324
0.1077047200447126740562594095894756798478760850852924664398032074249204345481435577911189906781831507
0.0000029808980877480868564782543462218787642682316984505646010698222405635356554447442609682046952668
0.9996472201005029555128178818037762638079015489739310026940577916821866100585652080315052500783360420
1.0000000000000000000000000000000000000000000000000000000000000000000000000000000000000000000000000000
0.0204072891949887474478091076297804734296951611936658968900023648554500917105262932598936439920813235
0.0094579208574804433484837156536522577426360995538577205378729942736858911285963619962141016173789396
0.0000000000066930691596152130844015123198968538651648340801375689184067088275690856689489794951784312
