100
0.18 0.10
0.07 0.08
0.65 0.01
0.80 0.74
0.23 0.53
0.58 0.73
0.38 0.52
0.91 0.93
0.94 0.81
0.13 0.12
0.10 0.06
0.55 0.66
0.21 0.95
0.76 0.58
0.60 0.85
0.12 0.61
0.46 0.36
0.51 0.15
0.38 0.37
0.60 0.18
0.35 0.49
0.34 0.57
0.40 0.45
0.97 0.46
0.18 0.51
0.33 0.58
0.33 0.01
0.54 0.69
0.32 0.90
0.09 0.22
0.30 0.95
0.34 0.19
0.44 0.82
0.51 0.87
0.26 0.65
0.76 0.57
0.50 0.54
0.79 0.67
0.92 0.31
0.33 0.02
0.35 0.50
0.36 0.51
0.00 0.53
0.81 0.15
0.71 0.71
0.00 0.89
0.29 0.44
0.16 0.14
0.97 0.66
0.72 0.61
0.00 0.61
0.15 0.94
0.71 0.29
0.00 0.25
0.42 0.97
0.34 0.77
0.94 0.19
0.36 0.26
0.29 0.33
0.71 0.82
0.49 0.12
0.29 0.86
0.25 0.20
0.88 0.16
0.00 0.67
0.26 0.94
0.16 0.49
0.42 0.99
0.20 0.79
0.71 0.30
0.63 0.47
0.45 0.23
0.66 0.79
0.88 0.82
0.07 0.59
0.90 0.05
0.91 0.10
0.20 0.20
0.98 0.49
0.58 0.98
0.12 0.50
0.12 0.07
0.18 0.32
0.22 0.00
0.27 0.98
0.74 0.38
0.31 0.77
0.17 0.66
0.05 0.80
0.91 0.39
0.88 0.51
0.90 0.78
0.18 0.80
0.80 0.88
0.15 0.54
0.51 0.21
0.73 0.00
0.57 0.75
0.39 0.61
0.07 0.62
