0.9999999998359074928233316878196521868920900562318793303681373123237936947901077649399038074249191471
0.0000007964309908607127140380160616590767337106302634319162735481225513337854884345606700887174398055
0.9999955677412034978573545703760110439032616261780295268709465540552975081290298306900750485871849856
0.9964763194917891734707765312410562241381731990497312262936693638743807891481035117802224800579978276
0.3520143686855921793522618609295158079219297218103367976830093821604282036935880046375723422713433008
0.0000000000000005358116736465044387040202715520645477889448975212249155173370106530962104032159041657
0.9999999999993198485631981916029054920953296834198827639432280705874301654974930392964964102351686539
0.0000000053042559568281908865892399980169375568107644638576867532615851108504373797895818254503001345
0.9999999999999999897812469583621997597739354064271857992089074189054648144608290524309417322835973033
0.3215905821688568633365032248842385747757609177647833960554697935202844537982056378294107111305516989
0.9999336541824920629745038119442275581504343138971908462836827023705253023022181999117869472983994255
0.9992856221013651749192505624258830942417627875846812198199871143529903909675403501011445201360614134
0.2610354463291454597734087603485472502984105032798563299299727699778947625659429149729626591262704999
0.9037409795728950111381589293366901299653029550275105283519449073028919793891248098502134912779567363
0.9999246350280625047320241622921743956446212943608434220782565967594178995518765252391863866802615121
0.6259195831072089724888337838675375161084673341713784663970242951884174025609821288345227027226041467
0.9999871887686195354010436842746272830294977484039811800979404853227136232678508457553926240764578379
0.0000000000000000000000000000000000000000000000000000000000000000000000000000000000000000000000000000
0.0016011754712461631510309495841161882815645967982260840759560493700890308270636418389125054633577959
0.4269251764198412752208748006741606705856414743346293434757754892550983186814076233514359165329805319
0.0088726456013907755339654865185551937818512149195083545292795914354740476371811028367156965600207481
0.2305734227101718002303868529047105804076453860855275894918409800535027788898217894163033686756940494
0.0853224469593417136562685266561647446476955032945238743793096744532795148871026953541021284228651114
0.0001961276829816879514855129526534346994834194971261024389411517874714719485303422452945594801846140
0.8092686307628884915319505761849316096061878752760350032538665798609308848801415925682386475367951642
0.9993869777478303399203715446757643862188057628204677162160417082003401005009893335992403319963481585
0.9994673325952148140426397930043460162934415177260192367410917608234895592945306349173057818104814323
0.9848221748946694258892503816714378025838859291195932178894931984139821021045137655912029386135133878
0.0000000000003191666119843350016992684748065577369200779270958699267739533103446838494140787919263998
0.9999135972632679311160660992006883387356066548375921141536442287653889944418486668314301280849747262
0.0000000000000000000000000000389038530076546182145142421724601423451791595739948895364323028751056553
0.9999975044909042956125586262279137034878225848838578030088729217445767470353800365717604489773342235
0.1970105361716889151459763744717390696527500844450222403732035172738310950568305937836150428427159868
0.9999999290259032438911203271292609722605422731251438024636241243540600976365105273822485119732690089
0.0000000000046721033488908874896706977287241382290524842013835089023503896929536797951971106923012348
0.1536994305724822258106946772403148306270942426296899832827355696483836239338157403362511828662806888
0.0000000000103011632350019818168635609682080697779620988252230589568830687625618253236791731138655530
0.0017277632724616626312769590584410077830606603382785601010909481874505137605636884300172655862948351
0.0000280078175477648648389902896461392482612539810628923091802163766582701296295661009811543076581012
0.9999665325360452026464801541217731285477649431627775931883329831732827614733042370635309537784630789
0.0000029482912839025597889506376451578263111692277586064656975411141447359571692813165485521742113317
0.9563771472842116734731528501099442366746281798562542589736057124122529117261944849366907783090896036
0.0010444992756458663677024208927373717565724333630739038585984891958290969847195599706011107436362203
0.0212525971761559991209175816274887846142076682152221718328191663936295178438386303593885823249438711
0.9999999704087269522128374343767292322356494070882182418010297967925346959736536187375480172485670448
0.2184913560219194516254744152556726983911198066256394653822121775156895674162079108802274239282610545
0.6254165444431066315893290510446733013486922361420632888935911406405372602320421974680592021443672303
0.3241038755439150583634535379521145739321833235645402068944454735783379867336575947361271151865244881
0.9999352600205061509669219588330683023260577333964359841646593233015232432781614184398928622326865699
0.0000000000000000000000000000000055707696426507148542572631662820526342725746586321293429988118230985
0.9999999838883449696125298339340467503660788640335219134544829020695915178247313217381940135370883348
0.9999999899583324184452319516849119763668138375604657510655518721499045609967329526342643495518791850
0.9982391590125373223704937206109191424869017229951429125505527398598104620880036577111381486635942384
0.9991328973202130558156423410311486581368615130353882698860273264779531594661194152681604770012857192
0.7082479413630544611078653996734708788601731988538877834247350653295063840419541655635272606470063411
0.0003926889620458703543548546333320516413401100333358764280957904716726949495471536214626330340142658
0.0000000000001379920041803923486230125848019715457466016693319841921658729786338591329152688581624760
0.0000000000001500584531447837217277328955007540516956828832062056563400751453342738516625367802351731
1.0000000000000000000000000000000000000000000000000000000000000000000000000000000000000000000000000000
0.0000000000065153164835042090535631433501252380616642845253559170823363850533325093252306577676680134
0.2402555285678673005943730020198235155097986678959556399453289447573034738627622360692589510450776873
0.9999999999999999999999999999996904597197468673567443199731670776359533500470615793576954930638273412
0.9996100907435160749510010561935851319396117056456052842583213987932769059708911115696621409910390398
0.0000000023446043464406664947706428796860060769038752193736726000003082716368681531210538121231607727
0.0251447326430027609773987988059451704100762958635674776936649082915371263068976216382010724508513215
0.7745608812491510535670685490689273533702066403818537271014255804109246810295065280998029095297868086
0.9999999717381891717270767305730668214236193268383706515672599114072209573634556239306767789696401380
0.0001278091086135472522841518534385788168503601376601196679254424047858045721048128636189450650737954
0.0000000000000022428402057878514932412153617375369665940895045565533712453765289153553948407741078919
0.9999999982932149016623377320842987153245353222829786252831332517637190801253449421026279897841925943
0.0010800871278649973338187993365966117656960955597209407626535350431504824893533421035987595146249067
0.6113756797756359069199404743409201207901435893232727960874676067180175704695433227967642739509291963
0.9040685049701785241259520460255814424554222920767505501539862960181372990731007068940543987410636628
0.5444919663785268743848454456025279978448086010626280499621468392863330665132017572202444032951078957
0.9985340164228431373220324421937275642901424503278837846064794942198164146244860652351706352918201124
0.0064821930326157045931810449430660315490729706170717676914729070217824489039005924412041623805904884
0.9999994066167334223871827862946539919262069598685326087565821568823191014209883778168443503362116947
0.0000000000000000000000008203427208459938431941881909636155673942627340042198152049795739544322990669
0.9999994188719939747479635399788277575873315234472600155570375043587966182172822202035635435127422717
0.9990491714079970289452268623048858154196366339768381662515609103921400017264697008477204725352876894
0.0086358204214497465978718575338414999481212642617591513879029394700092817063739471431012835091061766
0.0000000007870832390287055956260467808048236628257931430223177450451351807740428663222764545961431476
0.0003824444143552112919380835342876111768119216975967019443360812411129253771270274930348043992469410
0.0000108404981637193729721210681333710472748851805020919836983232198557816130028706862662961495505027
0.9999999999999984827963578307422511357015233750924645067497471037208419226960225633796581113906185663
0.0000047492952803927145206634348562858915487433720082216178096433904034145477573386797679531339128800
0.0294095536404964531971365011530775722231223000644865705880092649796674291396717008095491956965923993
0.9999999999999762065904395478964196108117204660939065902365534973922681605987811015219466307569192299
0.9909042540938424242714572796716499612779554609202498235759854714619334819434203925453982134220828047
0.9998204215601450070972422365717600778355924238623317565271145037678507587736156900344028279093310908
0.0000000011478992064376797599778506244647275960406589724168848932253945344405344834300601997609787039
0.9748552673569972390226012011940548295899237041364325223063350917084628736931023783617989275491486784
0.0001401028596163070638641821761656910503675588089843484767696742656351949345051542409210335462400556
0.9999999999999999999990132565180637839268662599425899281434718412065307887660059800704246043519611829
0.9421321218461820959864201954415883049565969715650554232734384051990396556713656384817067251096869305
0.0000000308166179848801752752377977887698681665699264654316640892887178318178307099703358108184857612
0.9999999931344312384235537068206078468364185420687068558250235717738005852506781927974773463976311535
0.0085267882569734232638188755046908260153840828930895559250254247841039505043300377356731021235838296
0.9996628350598720359974762946941997347042652003542992501429428588373489961650696558040497704061178232
0.4539615838493918779249281469501040392116054524071512083125132795771553624475084527304397207246934194
