100
0.73 0.17
0.02 0.28
0.83 0.44
0.76 0.52
0.23 0.26
0.40 0.98
0.93 0.35
0.12 0.61
0.94 0.25
0.91 0.93
0.60 0.25
0.38 0.13
0.51 0.57
0.76 0.65
0.51 0.18
0.46 0.43
0.91 0.59
0.00 0.38
0.52 0.78
0.88 0.89
0.60 0.80
0.80 0.85
0.91 0.96
0.35 0.68
0.43 0.35
0.93 0.72
0.98 0.85
0.52 0.32
0.22 0.85
0.52 0.19
0.02 0.84
0.96 0.67
0.43 0.51
0.77 0.29
0.29 0.88
0.02 0.04
0.03 0.51
0.51 0.77
0.72 0.96
0.69 0.32
0.13 0.51
0.62 0.46
0.52 0.79
0.26 0.44
0.92 0.49
0.60 0.67
0.48 0.45
0.65 0.69
0.83 0.50
0.12 0.98
0.91 0.46
0.74 0.23
0.70 0.43
0.14 0.02
0.64 0.59
0.73 0.94
0.20 0.84
0.02 0.53
0.99 0.00
0.08 0.64
0.67 0.73
0.99 0.17
0.59 0.28
0.32 0.84
0.73 0.87
0.46 0.39
0.49 0.07
0.14 0.44
0.38 0.97
0.39 0.02
0.18 0.44
0.82 0.80
0.94 0.88
0.65 0.64
0.36 0.13
0.67 0.86
0.60 0.17
0.07 0.88
0.89 0.49
0.65 0.36
0.24 0.45
0.07 0.55
0.09 0.33
0.04 0.30
0.82 0.14
0.13 0.50
0.81 0.92
0.67 0.06
0.46 0.25
0.78 0.46
0.23 0.77
0.87 0.73
0.61 0.89
0.97 0.24
0.97 0.92
0.02 0.34
0.85 0.35
0.79 0.93
0.40 0.13
0.68 0.69
