0.0000000194361866126842968319707841187485032767104081471627955940994928651815222898752043026205879431
0.0000190276936497386815839973475926264596694758542313556321410974398065308823699841822355955339604221
1.0000000000000000000000000000000000000000000000000000000000000000000000000000000000000000000000000000
0.1167848030922632119093195633841349937037532681173761687045541741747387412296598708152238543623377089
0.9561163444778174912498389784493177332754365362484779358202998714543443923903457118413949065737288734
0.0000000000000000000000000000000000000000000000000000000000000000000000000000000000000000000000000000
0.0000005933832665776128172137053460080737930401314673912434178431176808985790116221831556496637883052
0.0624318311827021027747453475827858917542317607888712185620695719215570741215287965647117814029841978
0.9999999999999999987608913282172129554332657076374194756105302257823520524931606342257042906904420369
0.6113756797756359069199404743409201207901435893232727960874676067180175704695433227967642739509291963
0.0000000000000000000000000000000000000000000000000000000000000000000000000000000000000000000000000000
0.0000000000000000000000000047306243780987071474044000181318805238871013529315528113595567730604700995
0.0000008695859965042450009849182442007127205784183153235848230344271257878089034464733785271308152002
0.9999984898626643291659212555606286538103790061310893257440739497129054151954075014668922301477903583
0.0000000000001486701856917872697647271985336756296203072981812292856208666288519428282405572358581330
0.9999999999999999999999325292573754247250745598320964750792267430653959326966568174183548652025568243
0.0141438109727730795081266451297401906275186431395555292900529570092094199195102819668079772147539173
0.1641606022703632844551653093482238045031473888047854887757165383581085297843221691147339722712844478
0.0887107689098161029505236038402380369289758384577009227645519481562790206110481305685657037268878482
0.0000045540918267151249081059096616312013177786431613879148496069253913908405550220663890572350873634
0.9999970816116229125407847479606420288933950899786926928602510855547309603702114554001196944632137591
0.9407171106723113317479308834739203055700247228062279115823352677623170759106949023464507831867420948
0.0822380108162738854436224967906853948529585222735163193660447938539703437686998079337867534248638206
0.4071012902855537510231805609717224041213100708712829881264856133204160096912263266142157863067896886
0.9999999999985953127093353229960896529623017640044739962874723346951745934720766799025257736564778183
0.9999999999999998410230054521985702297691823466467245540744691082726653053788784978111998497549087558
0.2239330002887854529376768767595620315358673467374604239103895756423585347590573570618973244034329017
0.0000000000003722682762411528110890072392125325646029042011820237795294723252343296604191433499235993
1.0000000000000000000000000000000000000000000000000000000000000000000000000000000000000000000000000000
0.0000000390962012285069389101070475253011530986625004350407538431075042235598558445583373010149683006
0.3911695190546764024222889118403637136806687645148977052944803476033520118586677130170940620963742384
0.9935178069673842954068189550569339684509270293829282323085270929782175510960994075587958376194095115
0.0000000000054063837457525859078159304242845583256332997292928155835801678884446477182873826902081163
0.9999999999999999999799644360634127423491719779647896497823494650548501415125322049809312621235900779
0.9999999864113374983619950630149630617292166006275750752692110910730656753439077624005725734072827593
0.0008303940302917402982228577238934324297207789825211631221119752644377048372656350077656415979149273
0.1324288469132351908566019009956605891314214329749783679050427964780893362720478634715209287747337257
0.0261729056977260138273465833284140722650017397669251764674776294774445211619970302873542180506913529
0.9999999999999999999984384804396030279424011599396619520621221714986002290251676968837557484519285764
0.0000000032421033234424103566756715199248099750786630804866092353400859609409422060903171244577529552
0.0000000982807688893674898484837002307119583782250240164654890005825853672710849148627780434493894378
0.0000000000000008393982873272814879341051743381135006564872500794099356669438830417323686146448002402
0.0000000085819134493344698344660275609665630789035763141660884954193062635673597423036830049976518931
0.0000000000000000000000008961232111130330588062839881609203817617775229238026383472441283185634940663
0.9999822482158746366329392862407523935352855691210797231428217285836814633020395984623669634942523316
0.0000004885946054210947268026569997340690582743324302984145504447189762152273389619820354140100123893
0.9999962666453267429907673100068761296702621062477058302097027338178258967765234349617920161061935258
0.9787154752926389778690351553667865389470110483369065016010843959411845639433286276215826342502890256
0.0000000077467991326958279003567681991261112473655788096367616214291431047286755628206871811178546630
0.9993449606068520284909286493009382551039725048064708834685333536597646370452885652391199256133282731
0.0000461822664307764478035216426225811133596580565081814904407054551104105823868332104692839663614649
0.9741014343260824658407015895156554133649224125060137608850462609020406316924159588160663239233732741
0.7437632804234980235178213123113107819130764033620846599888165650847393069303403585460194558070089636
0.0000000002087497914372051174646151615863794052262810458143880884239217074414903660974089987248786201
0.9999999999943385018891028090833992598242995166643366735831909203398460365742144797283456025473356176
0.0000000000863847588794714275594956336138900077091715488740062437801383762143906613152734067884886744
0.9999999994870007187844415119027975753428043119626838316643111380370334739458731378837775176318350723
0.0000000000000000851744426335902488512771575539920665813085281212508151860405770971266696466165229783
0.9999996521524970486142824210370938630543536945730261135657762876389075590710819148102363568592274451
0.9964082692862713532470658720719714492613995882497522169006837285857553489588571473111358893412092423
0.9999999999999997661908616252239429515796085396822540645600660449344581809539276244376581227339352907
0.4555080336214731256151545543974720021551913989373719500378531607136669334867982427797555967048921042
0.0002405003427991132928028127863337665204317441726458653663429618897075285175012395454208661112885838
0.0000294992019930488009263652913119256832935331008271596568227564777288614181755453396898451983325507
0.0000000012757992419375867105861322603899377408899766900791636382341993116116045216939128350456597234
0.9999999999999999966509239224862678934058870538317348077633845321694433841065175704888685763908552217
0.3655164463553919644268871326786361148766525539767589774879886619592696938513621618324952145614143585
0.0024003121407071974875717301509053256215089018304187368842075318865602996440993464885505505817201333
0.1434166363793739918103328988859797305868758654339680559892195474253731143821887862575323692930418934
0.9890709787924474015641359353311431684547295550171192507257301318189609067469691015010194875777385543
0.0007418185333300561531345514972348331493889517490420462668217535419260528308772843699470468060712475
0.0000001350025537712863562556449400106285063883775885933925098368202229220265733952095862935883562797
0.0140319520813992036246224938480977356694127823753829127339609814389396030121379842435834072612994764
0.0000000305206370431297056867909760110926834516441938768890185598852157183769595616789894812779623445
0.8463005694275177741893053227596851693729057573703100167172644303516163760661842596637488171337193111
0.0019319511768438143758828460582139514286557268583660773881184914835198948377369342328660035387514372
0.9909389829699860100218607397833908425445323613295713081182040557650157837555598069875840789566972650
0.0000000000000012618558417518795897024710425577419638412006719534066795394729928750022277689321069829
0.0067962811969886958648721127499534392462791963842205159853987877359734330328854265282935937588137036
0.9938453493726274309983418197175394422725871018807997607698503281018642708906932334410494344906721224
0.2975370179914435330932549520155991118966771680342810193123077389494832661699103061179766467026855534
0.8240892466432507385109183514705596256797308113666221634247514440637208185266483151949099564314918125
0.8069831715979725404948976950085898956775199512230117486271187725795358397969878159397571073469376790
0.0000000007588327778013128785891052625662372709083185206821761533671543164829389279811725684163488698
0.0000000000002810110119629725307029738737579854579541895060982653092292270101869662799360355778496102
0.1570000394247721813491627156116009462526196223286902689290355512806584350858007205356931224487348423
0.9999999999893261646007645508689485665564597110925506608123316751295997519693150269763616585058615435
0.0002094911262628042438247092484427041792397270376682202225095233006417001815915670676878467075407490
0.9999999999999999999999999999376419266280527003990100690447746673837740233497155844700266929008810262
0.0094008092699597874575461393622723439079739161623032882689511159506696608695819539761764536031621564
0.7227768900226683727687313358067407120971430955180318653732837948628356578950420594511641921887301226
0.9999999999999999999999998910989742510612861312292909704409686738774080305793370908417619376832881302
0.9999999976430398920884058533204299202227753731091745020685305417064377045946883467790232384136796945
0.9999999035313425150727417914864458974517548413391518393122327690333554600515550633633277221287152888
0.9416202766102653643745984359858233064824041210272796424462401994689707928601228562451984767212545881
0.9981033509759853022745926014581185489676575127080363559927285623782328724665752380860304418081396935
0.0000238080058366617852396365053828572680325994583952823074396829102948461947341473164668389989849190
0.9919042007803598639001051031956996864689645739661364149833902100248249766085783200998088895309150921
0.9999999993439799416053473152525538316015469220708753846550582792779199193897598826972386603651741815
0.9999999999998656975707161422699562801212620526692337600391303362023216046260290285083990002312912032
