100
0.17 0.66
0.50 0.85
0.91 0.00
0.66 0.76
0.55 0.39
0.66 1.00
0.40 0.83
0.82 0.91
0.83 0.10
0.82 0.80
0.47 1.00
0.16 0.97
0.45 0.86
0.34 0.04
0.17 0.81
0.97 0.22
0.13 0.29
0.36 0.45
0.29 0.41
0.30 0.71
0.90 0.54
0.78 0.65
0.83 0.91
0.29 0.31
0.89 0.29
0.92 0.24
0.81 0.86
0.12 0.74
0.46 0.00
0.11 0.56
0.19 0.21
0.33 0.14
0.52 0.98
0.87 0.11
0.87 0.39
0.09 0.31
0.59 0.69
0.34 0.52
0.85 0.08
0.52 0.95
0.44 0.88
0.24 0.91
0.16 0.66
0.01 0.74
0.83 0.47
0.16 0.59
0.97 0.71
0.57 0.38
0.51 0.94
0.76 0.47
0.80 0.98
0.91 0.79
0.06 0.04
0.19 0.75
0.91 0.34
0.18 0.75
0.76 0.21
0.06 0.73
0.83 0.39
0.91 0.73
0.94 0.28
0.64 0.65
0.26 0.58
0.51 0.85
0.06 0.52
0.94 0.24
0.86 0.88
0.23 0.48
0.80 0.87
0.38 0.19
0.26 0.55
0.13 0.57
0.51 0.71
0.72 0.99
0.04 0.02
0.38 0.65
0.88 0.71
0.02 0.59
0.17 0.37
0.20 0.06
0.47 0.52
0.35 0.27
0.63 0.55
0.41 0.91
0.32 0.92
0.31 0.40
0.47 0.02
0.11 0.38
0.94 0.09
0.37 0.59
0.73 0.68
0.89 0.07
0.59 0.10
0.36 0.03
0.83 0.71
0.41 0.17
0.52 0.86
0.15 0.04
0.90 0.39
0.67 0.07
