0.0039002875891154780328778685197426307105059690454259554277303487736917083571714291589565402666432068
0.0214320179876005598499393248994335283393735131322047682485738733977867855468080886949550232506680137
0.0000000000000000000000000051957025527392053021557398086367703334618948957328689851845660612538241897
0.9955187910196546659090938538488591580612035292983127731187424561959168405244080570098169364178904055
0.0000000295912730477871625656232707677643505929117817581989702032074653040263463812624519827514329551
0.0000000000000000000000000000000000000000000000000000000000000000000000000000000000000000000000000000
0.7019238937518364577807488961614188796668138219472652639935689180202013494609180289984551029922121996
0.9998370434810467273851618042990668786201326013390482729735929534141881114926810973500819478238323264
0.9999999999996322819866431514536315875712998614574682788279698352263338906405239635765070319605826118
0.0000686036720481773100744562718030640583212016073397967891353353040067931046714156376124349942227854
0.0000000000000000000035085538260794670703960692016267921855145429580124043571265845122971416814757981
0.9999999999999999996631395097679253027915732397928726076731758339120229850109295631987585605019123706
0.9837844730066086949659456476664544856131345093427335985463518969283292937104916016070688769339404385
0.9999999996041702900544372531324050603279134922621507225055582743359875430952913110944310235187486476
0.9999999897414580202758142509438109635471577046694337791924846571628159232222421128707798906225773402
0.8961652805715682853490608223941020499039688608209750843629930838478812533617386731975532178466956534
0.3745834555568933684106709489553266986513077638579367111064088593594627397679578025319407978556327696
0.9999988420216882519638089329429256382880486164759308556030948470584960254028796564706975187635741353
0.3598716913902738307145573293493548335010548750132318313390054946925385634907933608456854569493635148
0.0000000000000000000000000089814451785734066359083666136301482243144947177977481488746011328880315612
0.2083461910784634093575526661348519207489372020708744825770428754135688392548017343784185676160121651
0.0003176545271870673604298937865471582735608860613539816498173874275700806154319860240919041680267577
0.3542300137749053138409601767700068535217537515430805429993177542299568483463230509084197347666719266
0.0000446670882264885001910576999509653040225400309911644451199742636638720797963742383945775021111383
0.9999977103618632395201040260554964547396780173049729566353216334090320899234789411600075365048650251
0.2467996833809123317282725631671369854720871160685370527576226055705405043889742164304345495440772412
0.0000000000000000347601264099993302664215463214465295914818111347298691512639894474433114410591638381
0.0000002550376997135988973733019206752831561145584754928888002535345863405345621287998435841847715580
0.9705904463595035468028634988469224277768776999355134294119907350203325708603282991904508043034076006
0.9999999999999999999997548219061561488247528790977870026888509692652995255922886621367510054508777164
0.0024384609654032836449249781132701144715949739296428197823493967623052161414951492700218394380687665
0.0436228527157883265268471498900557633253718201437457410263942875877470882738055150633092216909103963
0.9999997637325346743932364520808684692426370358747847853548829801575067506211966054640940830105302933
1.0000000000000000000000000000000000000000000000000000000000000000000000000000000000000000000000000000
0.0000000000949671805640463470193820093135838963196214117177288325179010998360300063080184550194085857
0.0000035692711907316018898988740744692547159916643878629867653376301220021162075163517366635094942225
0.0000000356839549188590272970863849441407302784683810441501270909112458305370595309120918625238612877
0.0000000000000000001226947703938013506248058781645546757980050854463262792485695866314896701697785205
0.0000000000000066261689566347657443027827793402328073492351331070695740689866034931746663939756182467
0.9662928063019815605225909529289540935568831910492849053327899270393711202523469002914529844158697610
0.9999999818243783853732291913053637251726177323431341606478594414711901933700372646007387584456155108
0.9595098278809842074003236333181078032659337351439527847771412928546668692667262398130514510516218535
0.5000000000000000000000000000000000000000000000000000000000000000000000000000000000000000000000000000
0.8348012888286403254764814003763828413404210561908902098995163817910737973983676403557143657435969923
0.9999955677412034978573545703760110439032616261780295268709465540552975081290298306900750485871849856
0.0008070306519630611775496937559426015923955636649894898982041008772457672726999962273554857397814569
0.9999998649974462287136437443550599893714936116224114066074901631797770779734266047904137064116437202
0.0000128112313804645989563157253727169705022515960188199020595146772863767321491542446073759235421620
0.0000000000000000000000000000000000000000000000000000000000000000000000000000000000000000000000000000
0.9999999989097021743228266766129247125264415927870206802654218071516776297757100863934095690180875165
0.1170138082819586070982174120562949829459602360779120323978381798983018819255640925732223713570334083
0.9999292499803675459525071176685788966469463149319514074559593570733529479555901585249027013915374597
0.0000174751097321560693733397665594412644310131099678745037852877130653957925775698777647219700959523
0.2856055119575661936142059901896641019559843671438585545764734774632785419468160521977277489374013380
0.9999998500761511337058689316349407214338266036378213029781593328494697437844085841497007236296308264
0.0000000000000000003724119688342239534465502807660694056674312044050975661564438721252691666154745086
0.9999999999999999769065822216829876766439163427349153711011202716398475125165818453953391810690294884
0.0000447859885985962499069189317508292354926944468423385203728201919350506168273871771846260476811001
0.0001961276829816879514855129526534346994834194971261024389411517874714719485303422452945594801846140
0.0000000000000000000000000000000000000000000000000000000000000000000000000000000000000000000000000000
0.0346776043961390574229764844720246329305852469925505940292367934571946234942446519021076361557586823
0.3886243202243640930800595256590798792098564106767272039125323932819824295304566772032357260490708036
0.0000000000000484069910318843758726781407194516490791109851474906197535588752693947081143834615327129
0.6262582850712257812089945738680738402808328433944078193455719229196715349761136167824028117736551779
0.0510186907617314134644437021141299283633760255331181387941467777803611315042086614100045539740774323
0.9779501517923811503451644703889490824164170306521186927435001817836762917809581347650239830970208061
0.9919042007803598639001051031956996864689645739661364149833902100248249766085783200998088895309150921
0.0000000016741522924802460327863221573116145034991119436879822965748367091790729113951530165170324564
0.9999997449623002864011026266980793247168438854415245071111997464654136594654378712001564158152284419
0.0000000000000000000000162705228057292173484340589710469817974841125646840613544618512388253421259387
0.9999999643292062413083416945600752929761364105265292977704687878181063462006643465250503358369927536
0.9999999999999944071192016460436466725043921860847311943999221848535050322253132586084978611060755554
0.9999999999999999089428489904676018596653179132132650216132245032128386603954432058652116575216902260
0.1435516984807683017398326857741723590768034335854747777910445144718969527789285357731916487510286873
0.9999999998359074928233316878196521868920900562318793303681373123237936947901077649399038074249191471
0.1587091719529813540021947318698112224775676144107587338129974466596454845000935678258147590806128545
0.0000000000000000021804830977216781756941195876365348261111277845201532310682976699062871896829797922
0.0000000080091414830452037547999758873710605498733614909300692146673595240087674654450224813675064941
0.0000177517841253633670607137592476064647144308789202768571782714163185366979604015376330365057476683
0.9649120096672221553423869391739634420243988018874939099808334704646102515584085249633483261440789550
0.0000035448071610994055396212301401445051621662813641444540727362267779345037114570050373858926512220
0.9951057070644871479256064822730226118793583089895609853559600639245724084972412459213557994649471462
0.9999999997652383769033403629982844281782375601641446756841928052646162303159180162377583528823786778
0.0001296276784173894425742002212143289609497245086803412712560094202986121692773664756521545779451041
0.9997905088737371957561752907515572958207602729623317797774904766993582998184084329323121532924592509
0.0314803852267641597189669208620547980073190348612594993363941494105766507457545940518573629340062838
0.9999312101044280517741622622384792005872756891914195721978796269777595000476617746777040020920778425
0.0000382719014453712753815018669461534093434729117157958155742509352377925598906045184063025751465477
0.0008028451660593113976449557169814596519316632702208208560749059472255743380350153926626945776974410
0.0000000001124824206584358050672164194257166151687107814797152065266690708241417080125716969490798420
0.0001274353590752574573813230662588012523029237210282602568981931977273027837670804477290184985808368
0.8501720800311613998434318461476056425881308862935825717610797064371624276040681121447075589121363158
0.2847959856121270027959870428895088031942968172843441740179759681528063889261132008467021090722397401
0.4567880834062134765935844154619450912169438545722039195698283324648829804180993959573621166428300476
0.0002405003427991132928028127863337665204317441726458653663429618897075285175012395454208661112885838
0.9999999631984211501407474616906521779627407461681354232737530601876989428612309152875731023393978493
0.8501720800311613998434318461476056425881308862935825717610797064371624276040681121447075589121363158
0.9652368391587196561766662386625182095370161492121746337544877765133337722872817013754395272139114948
0.0000000000000959301704091042016985825247697721033747916898991544173529172109415090474163555152917297
0.0215937978948522443250260801248288208948263533098121571948200265332472714812128917183447408763352352
