100
0.21 0.44
0.41 0.60
0.04 0.86
0.41 0.19
0.08 0.51
0.12 1.00
0.24 0.20
0.53 0.21
0.84 0.21
0.61 0.90
0.25 0.97
0.95 0.24
0.83 0.66
0.88 0.35
0.75 0.24
0.30 0.20
0.52 0.55
0.65 0.22
0.70 0.73
0.02 0.81
0.18 0.24
0.17 0.46
0.24 0.27
0.55 0.87
0.81 0.40
0.64 0.70
0.13 0.84
0.09 0.49
0.19 0.08
0.98 0.26
0.67 0.88
0.46 0.62
0.77 0.31
0.26 0.00
0.24 0.81
0.51 0.88
0.35 0.83
0.28 0.97
0.43 0.98
0.52 0.35
0.39 0.03
0.68 0.52
0.37 0.37
0.46 0.37
0.56 0.17
0.05 0.23
0.87 0.43
0.59 0.91
0.00 0.64
0.79 0.25
0.53 0.64
0.96 0.74
0.71 0.96
0.17 0.21
0.50 0.09
0.29 0.97
0.67 0.03
0.10 0.40
0.32 0.65
0.00 0.44
0.26 0.42
0.18 0.20
0.51 0.99
0.45 0.42
0.77 0.88
0.73 0.55
0.96 0.85
0.29 0.82
0.91 0.51
0.21 0.97
0.71 0.22
0.84 0.17
0.62 0.02
0.47 0.57
0.83 0.27
0.32 0.41
0.01 0.61
0.10 0.57
0.17 0.53
0.58 0.41
0.23 0.64
0.42 0.20
0.79 0.23
0.19 0.51
0.89 0.62
0.52 0.69
0.23 0.03
0.05 0.30
0.50 0.78
0.08 0.60
0.31 0.65
0.90 0.84
0.93 0.95
0.40 0.41
0.42 0.74
0.96 0.59
0.16 0.10
0.23 0.11
0.09 0.71
0.21 0.38
