1000 1000
164 443 - 655479945
76 214 - 707749754
435 857 - 539151530
454 508 - 418109460
334 551 - 113922240
765 833 - 152675812
289 909 - 333999773
173 279 - 608713555
175 248 - 36906145
517 962 - 268891666
64 753 - 165947299
343 773 - 856036022
507 566 - 99480660
425 510 - 435851014
856 987 - 293077860
79 236 - 151265594
23 456 - 720809750
381 750 - 673545414
237 938 - 698352875
55 273 - 392082638
455 491 - 608416084
618 993 - 188290162
528 817 - 154880389
657 800 - 747511060
113 873 - 659970352
221 434 - 312398566
751 806 - 533279891
278 474 - 371362780
133 676 - 508580668
71 230 - 262470111
241 586 - 228746869
119 485 - 463698592
507 831 - 1492878
321 984 - 26709091
411 424 - 638557462
926 943 - 51366582
23 381 - 351349098
157 1000 - 143943706
140 188 - 277065913
259 308 - 520549619
436 585 - 424649870
32 860 - 716232434
666 893 - 534260258
252 448 - 386028989
699 929 - 55334187
83 137 - 98635938
280 530 - 747940769
36 943 - 333476022
729 897 - 572451573
153 904 - 384240308
186 496 - 653536254
485 949 - 945633254
261 438 - 928301794
37 77 - 544026619
272 497 - 260817064
494 711 - 153634292
422 821 - 138077131
424 599 - 646855018
252 795 - 773874470
318 993 - 34485320
173 492 - 654686183
370 402 - 180437205
220 263 - 90219346
124 450 - 500179483
256 381 - 887011659
314 966 - 44516739
346 442 - 595729853
23 260 - 903894676
409 646 - 277545445
77 892 - 313816493
373 610 - 92983449
797 826 - 311436500
726 815 - 637851448
292 875 - 406483714
9 336 - 779727458
193 219 - 446470042
481 582 - 940453110
614 705 - 2064211
237 727 - 884016496
103 141 - 573016883
544 806 - 324689293
457 597 - 648707708
171 646 - 98763584
297 868 - 718925813
59 526 - 408747079
141 816 - 506266958
151 360 - 516335992
635 912 - 168193550
674 755 - 824728983
410 940 - 673602453
323 998 - 142331009
660 850 - 657071335
61 641 - 553064725
544 837 - 18391946
342 350 - 53649832
153 167 - 784732106
857 931 - 544973164
673 753 - 62221949
101 352 - 915859616
527 614 - 358839092
306 939 - 914495006
709 985 - 602898079
103 881 - 499990673
551 982 - 107235006
142 946 - 631342861
285 469 - 61393821
542 750 - 781840821
10 165 - 226660248
917 994 - 175630054
276 868 - 261477031
292 829 - 995469216
22 78 - 645445859
4 661 - 227951297
724 895 - 758918103
360 718 - 359691523
68 721 - 107056278
234 621 - 587991365
730 998 - 703913945
369 872 - 136781796
49 234 - 237275406
844 892 - 11207408
455 705 - 37304062
24 915 - 514021286
449 545 - 87159340
528 531 - 72186838
28 459 - 84574934
458 878 - 110129208
572 640 - 785675470
331 568 - 411363330
103 181 - 666543953
296 510 - 172884629
121 408 - 368348488
563 689 - 911431025
353 937 - 870701942
68 75 - 285832730
47 125 - 969145245
633 833 - 73702495
282 341 - 143149498
324 602 - 843588408
26 513 - 717073907
490 850 - 514085291
172 679 - 141522645
184 940 - 109453521
779 895 - 831106811
812 918 - 481838906
396 894 - 845656186
157 350 - 72055782
38 605 - 633436854
60 595 - 782995687
318 963 - 881989016
496 573 - 625815169
204 292 - 68691096
4 650 - 286386474
351 739 - 106247085
383 737 - 643649155
172 437 - 573778026
327 731 - 219422169
95 112 - 973357006
188 769 - 571490773
582 979 - 491628559
349 912 - 192742810
103 298 - 607693283
10 564 - 926007673
413 438 - 562340657
195 512 - 850634266
74 620 - 687356062
71 380 - 146356612
340 742 - 820014975
538 577 - 516013594
475 573 - 811750231
33 164 - 306540919
255 761 - 190726631
25 517 - 624746882
756 831 - 52027150
932 955 - 644984076
370 570 - 169915076
119 916 - 861532940
239 332 - 413608128
560 857 - 165255083
259 377 - 773481494
415 977 - 806540482
2 63 - 854652685
470 498 - 424702912
195 942 - 354126137
694 755 - 795927933
786 787 - 277163784
50 339 - 415522620
196 581 - 427813159
222 330 - 162463410
96 495 - 118275450
638 988 - 253549865
734 811 - 937086975
63 648 - 499045675
601 625 - 487349194
497 996 - 801497619
634 704 - 629025559
24 948 - 727851809
374 745 - 384963183
101 748 - 958635939
270 426 - 974649618
157 256 - 990246731
362 582 - 544006418
24 901 - 31829932
463 910 - 835675164
245 440 - 287148634
549 967 - 962001186
301 797 - 240123624
13 100 - 598604964
264 324 - 655981707
409 682 - 55562910
561 969 - 590142522
148 767 - 874050315
580 841 - 793994928
289 528 - 923837777
585 733 - 839169124
58 960 - 714250152
203 911 - 938521832
514 609 - 268695076
606 995 - 133889338
594 910 - 820246283
653 735 - 956737522
712 977 - 398854650
741 809 - 804938949
866 891 - 686433101
667 792 - 392853662
62 145 - 757229635
278 947 - 559395488
691 849 - 497289464
381 827 - 289132710
190 880 - 810454403
159 980 - 286023782
360 502 - 416612207
524 626 - 699798136
50 829 - 377478111
548 712 - 211016502
263 518 - 122568332
899 900 - 299205062
90 898 - 345427590
756 938 - 426488966
551 620 - 636231745
480 870 - 367460351
246 521 - 232470164
279 456 - 44326958
625 816 - 727399059
573 848 - 67184326
222 233 - 437312226
163 262 - 701972923
674 854 - 41942052
268 897 - 892100228
462 502 - 118178146
167 483 - 613289980
374 513 - 394649724
294 699 - 898316227
590 871 - 699191489
483 727 - 633597178
786 922 - 728182371
716 746 - 989890812
582 788 - 526622335
769 847 - 599578058
229 523 - 80822526
477 916 - 585544944
227 752 - 190191070
93 833 - 316395561
249 516 - 636836435
318 560 - 684305057
105 687 - 204396912
159 721 - 969619035
205 771 - 668073205
60 905 - 66670712
298 649 - 428768243
552 705 - 661387526
688 853 - 897396849
119 576 - 130236029
488 801 - 494395955
427 891 - 271628857
312 379 - 577662443
649 852 - 534922110
774 793 - 185904325
406 887 - 883568083
6 798 - 573186780
109 936 - 40465375
197 736 - 879307125
246 310 - 487681763
77 369 - 37758293
182 544 - 582006561
146 248 - 808083188
186 384 - 371206813
110 756 - 505621895
441 946 - 861374261
686 870 - 792667380
143 873 - 322906471
420 862 - 668577534
109 134 - 271877155
318 616 - 705599102
881 959 - 478600854
166 331 - 176420366
251 713 - 458706077
49 52 - 56038772
554 926 - 59943043
124 671 - 843360041
42 249 - 637020094
612 801 - 792013934
160 298 - 84270924
271 787 - 347459335
448 701 - 104724339
283 388 - 483247887
105 141 - 177779999
772 821 - 126391538
412 704 - 226468463
62 799 - 324264111
612 637 - 220388044
945 976 - 451359090
357 989 - 450001595
190 530 - 464080139
141 306 - 406866309
289 629 - 235399924
170 605 - 795064782
384 514 - 247932030
266 433 - 295106499
124 480 - 606098099
468 759 - 719890272
264 839 - 728338351
258 979 - 519037438
151 265 - 464306867
2 998 - 615279476
238 379 - 980344977
30 462 - 173036159
467 982 - 983845746
323 556 - 283594848
262 597 - 159255119
673 778 - 266856840
735 862 - 381363286
521 710 - 289792069
321 365 - 62623194
902 995 - 250822168
820 856 - 494290567
304 670 - 656245149
207 462 - 167605528
600 926 - 748765543
577 698 - 988940423
260 597 - 650782074
163 687 - 977984369
914 967 - 766342429
567 994 - 902805449
598 848 - 296192009
17 777 - 889661037
174 815 - 148874429
68 355 - 397723222
331 685 - 655200531
740 899 - 105800751
231 664 - 207586622
787 867 - 589822947
302 811 - 577395734
156 405 - 952142232
389 645 - 675849412
687 968 - 473500311
145 146 - 16619275
489 899 - 195674919
448 538 - 52532554
145 940 - 781918026
902 903 - 467559167
188 291 - 530988369
557 882 - 289895494
353 890 - 142032526
95 792 - 664893411
119 671 - 214835417
151 163 - 547546952
345 635 - 446108992
396 545 - 197165660
329 371 - 426793322
31 52 - 590232468
17 181 - 951329119
95 921 - 182364625
419 681 - 908051181
141 441 - 538156723
184 868 - 125200188
260 437 - 617732674
101 536 - 348000537
2 275 - 181347885
14 883 - 543557895
527 533 - 632979216
74 617 - 253759573
824 947 - 690695838
609 765 - 964105912
480 550 - 133381933
421 806 - 985598865
612 977 - 637589862
83 721 - 373064849
261 791 - 226748729
163 577 - 523265647
609 713 - 132442619
404 595 - 426259611
383 682 - 249254791
330 625 - 181127840
631 765 - 30618521
521 948 - 117965429
552 887 - 130698321
1 441 - 158354138
190 725 - 492597878
172 641 - 380767980
327 980 - 478049974
64 239 - 257367546
732 985 - 234065868
537 974 - 584204317
682 745 - 561524306
154 345 - 842379693
800 916 - 611815177
653 949 - 509787872
369 880 - 895803673
11 524 - 93574236
177 978 - 553111636
312 907 - 484207452
137 524 - 101105417
645 850 - 287667120
515 539 - 933994638
597 805 - 737990659
768 943 - 6056147
53 365 - 118275464
376 581 - 45860075
124 862 - 327497035
106 576 - 308984049
182 671 - 582690846
143 268 - 582724991
642 911 - 112181652
297 857 - 773573889
131 297 - 598962480
457 537 - 776566461
809 943 - 959483726
34 316 - 138821928
372 387 - 600661338
652 995 - 484334940
214 566 - 298138680
593 725 - 572051345
212 283 - 222526453
159 872 - 655337324
433 702 - 623610093
94 481 - 808703131
497 912 - 653871536
708 845 - 822853196
554 813 - 144961656
117 133 - 867408031
519 657 - 480367796
346 564 - 114554383
213 842 - 257237848
335 623 - 324090562
693 896 - 702993018
472 887 - 249067540
394 778 - 222449018
487 823 - 65346914
238 476 - 399845386
155 711 - 197917606
176 878 - 402668936
477 589 - 515442034
760 883 - 815256698
617 716 - 69588628
358 444 - 351562234
74 552 - 233903217
316 384 - 691501247
136 928 - 911297510
591 691 - 78871122
215 714 - 310214605
457 957 - 116486692
475 624 - 774132590
368 724 - 743510431
57 63 - 107660902
246 802 - 19486078
116 319 - 364433414
269 979 - 926071716
759 914 - 658759927
118 777 - 616793157
375 979 - 694121927
108 402 - 300271503
79 461 - 825600227
159 469 - 899183357
151 832 - 121455583
494 521 - 834095109
512 920 - 261363289
409 676 - 930357737
735 813 - 901248872
278 759 - 158028745
638 673 - 78343184
519 586 - 101052070
194 417 - 877765629
230 539 - 852491475
400 730 - 454152323
61 995 - 30799260
75 602 - 352161849
193 472 - 179460839
242 587 - 95982026
731 755 - 856823984
189 450 - 897571115
515 710 - 75366339
291 361 - 924522811
325 500 - 767826573
871 959 - 888452548
773 939 - 934427716
245 602 - 453406743
11 231 - 558544492
201 454 - 374972143
399 484 - 977716642
339 716 - 229000023
440 859 - 417465182
542 862 - 79578770
635 654 - 131447127
135 275 - 689467010
121 622 - 316122730
41 720 - 160131226
108 773 - 499009114
401 792 - 954875965
597 897 - 830294815
752 761 - 515425132
797 799 - 724284410
149 233 - 471522981
326 351 - 203299824
94 849 - 561170165
235 845 - 11555979
859 931 - 645744824
302 794 - 749181060
321 744 - 34707791
707 864 - 236124637
116 531 - 948051915
464 510 - 149091868
356 592 - 700143545
305 598 - 574199223
118 851 - 824829215
365 757 - 223574390
292 641 - 495099038
477 754 - 855444467
72 355 - 112149203
50 891 - 811666381
781 915 - 665455585
238 937 - 733680119
741 919 - 479041734
652 753 - 331041077
901 960 - 471989224
604 696 - 786283551
253 672 - 84964284
42 281 - 81727259
193 414 - 284961595
20 934 - 483408498
783 784 - 61570424
423 782 - 849362422
615 946 - 671300414
774 975 - 190181467
57 579 - 681885176
445 539 - 871035548
385 613 - 373334215
707 731 - 160094965
440 696 - 39675494
76 786 - 713336223
113 291 - 487563701
834 977 - 289867135
147 380 - 853071195
591 837 - 833476027
116 958 - 362471863
226 760 - 651519769
190 326 - 419358969
478 713 - 96274737
613 763 - 66288996
198 588 - 444469855
108 589 - 415494185
443 749 - 712812930
482 579 - 540728436
287 472 - 774925643
641 883 - 649520800
9 545 - 112809429
660 762 - 662481497
343 592 - 112581714
8 870 - 535645250
399 618 - 280347542
522 603 - 136270297
313 827 - 571568286
66 434 - 960303442
27 290 - 87374051
229 246 - 134005263
779 797 - 647674125
298 738 - 529133976
325 580 - 90915
453 836 - 315948012
632 885 - 652251382
31 782 - 44734576
95 835 - 60522413
186 665 - 648244189
20 574 - 370543802
828 936 - 703258893
494 972 - 770460745
515 709 - 332774111
243 770 - 436936445
242 788 - 908990964
403 902 - 285066697
104 827 - 418210592
774 778 - 53650657
48 418 - 67658423
357 653 - 165194495
533 955 - 575972697
442 692 - 779298160
197 880 - 774467643
72 515 - 855458292
342 468 - 703770080
216 344 - 789258478
438 548 - 78874937
209 520 - 477944987
86 811 - 246778892
48 149 - 570061660
25 579 - 643206653
292 734 - 969021142
44 189 - 289007943
216 763 - 358507536
41 890 - 631746787
477 625 - 899115705
433 720 - 300540850
155 466 - 850959423
305 561 - 871945012
692 770 - 801681704
756 885 - 166261254
388 706 - 428697695
241 881 - 373338857
162 610 - 11739530
219 826 - 685278907
439 533 - 988241021
256 515 - 531531986
41 125 - 455022880
784 815 - 335345793
243 368 - 249540147
64 481 - 797232097
412 811 - 60579220
28 317 - 939866901
125 950 - 295032182
113 382 - 497840710
274 314 - 948066775
63 306 - 704999388
192 347 - 778642017
547 934 - 9182781
125 339 - 524510003
21 300 - 550290059
170 600 - 966997931
387 409 - 631654364
623 745 - 193461243
68 647 - 732477119
90 247 - 946836582
920 966 - 815206197
369 477 - 706380541
789 812 - 96717382
830 877 - 320035630
23 285 - 253490962
365 956 - 519564999
661 752 - 428139998
137 512 - 893966730
365 580 - 42680135
860 875 - 913076707
350 356 - 589333036
29 303 - 131570939
782 858 - 926956320
465 779 - 661808888
277 789 - 38257636
683 880 - 407402890
435 798 - 374172047
475 745 - 830270579
29 913 - 494206748
563 708 - 81155618
237 390 - 161758695
17 861 - 472269710
99 331 - 92040571
777 885 - 743070747
38 457 - 525287444
137 634 - 879559391
475 552 - 203591022
99 624 - 65365661
497 573 - 516945733
407 971 - 916318443
87 630 - 782549013
328 954 - 877200976
687 926 - 673667669
358 514 - 65705988
79 403 - 771913418
69 711 - 940695361
424 505 - 724414882
220 944 - 466032308
87 152 - 831703832
722 950 - 170303789
581 624 - 581930148
43 558 - 58204025
102 845 - 983045426
621 660 - 759535717
494 933 - 301529554
97 787 - 709795190
638 747 - 270594120
233 470 - 297118276
427 766 - 167738821
219 527 - 723705263
53 949 - 844867605
442 756 - 277888766
406 665 - 484584175
125 313 - 471227267
9 728 - 306533948
246 743 - 675008775
64 578 - 291678280
202 972 - 85854112
54 435 - 819646620
778 940 - 10466905
816 876 - 41595713
307 908 - 756466046
227 493 - 886024845
354 431 - 28353837
64 287 - 536217784
276 413 - 495717193
95 370 - 567296925
771 912 - 668794085
663 945 - 984599681
516 707 - 496902461
417 632 - 493364934
404 816 - 126705931
126 487 - 109568697
412 611 - 633772418
49 232 - 595218561
125 610 - 484845012
569 926 - 350417049
25 784 - 322319933
174 175 - 201289428
150 333 - 214082032
10 490 - 739735495
245 782 - 990108978
611 770 - 489556492
332 386 - 325955714
181 438 - 815935388
542 979 - 351080274
738 925 - 308389956
246 635 - 820844517
443 543 - 810635323
652 761 - 193646985
136 300 - 740199999
426 626 - 766743818
62 527 - 541168440
79 767 - 666204468
500 586 - 910588406
764 951 - 6245469
263 821 - 789726569
216 552 - 599826720
277 687 - 215409409
203 568 - 194631377
545 717 - 509474648
148 597 - 120686974
95 238 - 437989936
721 1000 - 982672359
77 693 - 777871154
234 902 - 37391141
329 512 - 757311833
213 553 - 668939185
245 423 - 751945753
410 421 - 342093168
402 626 - 77951292
636 945 - 352699836
464 823 - 825733676
78 271 - 771787472
299 621 - 968499781
405 773 - 807684102
10 680 - 429273352
544 939 - 61726657
33 658 - 122873469
544 884 - 656482418
382 890 - 728076287
637 850 - 136962864
431 786 - 860870119
173 726 - 497840187
623 918 - 71071026
188 582 - 838564889
398 698 - 294207896
183 361 - 96090429
13 97 - 582854297
123 204 - 380263649
470 929 - 336460655
84 173 - 609046825
377 763 - 892743485
145 990 - 432359851
670 970 - 817927646
190 787 - 718141317
116 580 - 411127850
2 469 - 477046384
384 859 - 388949008
528 585 - 865389552
395 933 - 345376370
657 899 - 483732282
907 920 - 912637247
777 836 - 39671709
246 453 - 640677702
57 284 - 782477730
66 832 - 905543082
520 920 - 920833770
274 825 - 208485886
120 591 - 372329880
187 424 - 184648628
480 539 - 994261995
81 774 - 688985186
37 483 - 764806586
525 545 - 970924163
156 797 - 54748887
12 925 - 591836693
59 805 - 93778444
3 516 - 205930597
291 864 - 140520896
125 298 - 228258795
294 771 - 1599726
302 718 - 873957789
525 584 - 656707577
99 358 - 286142245
50 952 - 944210524
234 324 - 760655088
38 419 - 974332201
153 573 - 197273811
20 354 - 501840451
108 847 - 399231370
409 736 - 695798858
708 837 - 406702996
449 667 - 388683925
54 149 - 300113594
99 893 - 617715336
566 738 - 854364382
206 286 - 511783703
153 970 - 640303057
724 917 - 995133664
567 996 - 305572406
32 679 - 604782828
390 698 - 197640041
458 470 - 180989713
440 976 - 766946148
175 504 - 575904914
333 731 - 556143310
620 814 - 838693029
827 907 - 33982022
590 603 - 340316206
145 528 - 622910006
88 113 - 297309262
108 543 - 502810496
130 815 - 740164576
474 720 - 387204236
155 651 - 324964316
477 999 - 313445768
729 998 - 133474619
264 451 - 774124839
355 423 - 784264898
722 966 - 567404089
29 111 - 227730526
615 927 - 756564801
545 910 - 386450634
59 749 - 987420336
784 930 - 531087119
113 339 - 749943052
540 769 - 133844186
70 355 - 128643749
392 706 - 215441997
330 725 - 990643473
106 730 - 426629178
294 426 - 806440246
252 778 - 3114806
536 858 - 72208284
109 941 - 622592824
166 980 - 213854302
56 224 - 116862414
133 347 - 584412037
87 965 - 679386694
148 631 - 958204294
102 386 - 200726608
463 503 - 196770951
404 660 - 168611381
430 518 - 427126655
483 585 - 56537880
200 992 - 329137457
636 1000 - 942042334
658 991 - 10271628
231 521 - 600355122
135 959 - 859053935
279 336 - 18713657
190 523 - 326411647
507 560 - 120142448
173 436 - 364037404
245 521 - 148991711
611 939 - 949263912
372 473 - 199997195
281 300 - 624363961
136 483 - 10364210
298 718 - 55101465
338 890 - 284837310
76 245 - 872360779
119 613 - 253048960
197 506 - 862131554
622 830 - 201558650
480 741 - 694583094
114 618 - 438276043
42 643 - 535642573
27 706 - 832835250
666 790 - 523358016
385 976 - 109764763
36 763 - 450661211
591 628 - 947998903
424 716 - 10661851
73 858 - 830230535
780 873 - 485830277
112 587 - 814042718
41 62 - 980123515
383 709 - 529095548
325 405 - 686929884
777 951 - 117692902
174 743 - 227763682
104 556 - 905754171
126 237 - 768231335
197 425 - 524780236
146 246 - 501913412
105 695 - 470794283
847 927 - 371274375
452 585 - 692327606
534 582 - 376102973
355 454 - 257491451
354 413 - 65652796
130 407 - 323115962
44 745 - 306141485
654 894 - 828652574
576 591 - 817000498
272 787 - 387339236
98 242 - 692112633
449 554 - 163001073
340 835 - 225329563
222 890 - 244837105
154 772 - 955712620
460 623 - 382916474
238 785 - 126224044
136 273 - 682893007
340 341 - 742421463
249 546 - 635299437
114 934 - 607770486
267 460 - 891469989
325 509 - 881531979
294 539 - 18017464
711 784 - 384361323
277 934 - 737767705
403 575 - 992599756
42 721 - 332350013
312 414 - 479393574
472 686 - 116445870
466 734 - 631588466
46 610 - 580450795
267 622 - 378172752
351 383 - 704006742
60 993 - 969352176
468 556 - 929842020
166 957 - 918243390
116 447 - 57497462
728 913 - 732020185
347 635 - 553793190
51 451 - 30797901
479 930 - 109017405
159 971 - 322043240
339 789 - 775131492
927 989 - 818893516
531 964 - 884215348
557 660 - 435693269
117 868 - 102553611
443 716 - 195893276
236 966 - 186190956
401 696 - 387443662
51 136 - 953540288
394 502 - 183299960
829 975 - 691026598
483 935 - 360412681
789 997 - 991104465
560 669 - 339787599
43 916 - 391566979
907 972 - 980639930
248 444 - 647714659
607 835 - 660627164
107 272 - 196041922
760 885 - 67957717
442 775 - 916283048
206 999 - 277227535
50 767 - 267132901
784 985 - 278215351
128 992 - 588022583
54 94 - 93500226
714 931 - 532876501
404 489 - 367550343
123 798 - 294545458
570 955 - 792189467
205 225 - 925398633
140 575 - 972771521
196 671 - 996172190
74 315 - 248894487
475 881 - 418681047
316 413 - 544249365
24 150 - 407597463
869 877 - 569317821
177 671 - 808718816
33 45 - 170977195
193 634 - 853258812
132 190 - 643494950
254 277 - 838355278
792 896 - 616367546
365 674 - 647433905
664 883 - 536080606
310 913 - 192730085
50 442 - 699415092
150 947 - 150492002
