1000 1000
558 559 + 646696022
243 259 + 998344335
409 589 + 434025203
854 941 + 309072981
645 703 + 527109219
137 142 + 456073407
382 799 + 944091724
477 579 + 237221928
825 907 + 478942687
495 499 + 830683047
320 372 + 980620847
271 464 + 293211421
18 307 + 110139309
324 920 + 105342021
665 997 + 829571267
446 477 + 521670281
598 812 + 711861520
789 849 + 315946867
273 804 + 433482714
492 869 + 736230110
48 991 + 964923196
580 653 + 161654354
50 501 + 600848689
770 961 + 412797847
514 667 + 81562749
67 370 + 699684328
145 517 + 889247876
131 767 + 920858325
66 88 + 398518652
192 415 + 119633150
684 1000 + 897667809
478 760 + 78186592
141 623 + 947870694
59 414 + 48461145
766 863 + 598524151
294 716 + 960870685
566 637 + 327831094
438 468 + 511525978
255 787 + 74656977
710 935 + 4049665
274 940 + 266370526
156 620 + 860797875
229 951 + 53052981
109 558 + 561946205
797 879 + 713723575
454 883 + 861701022
98 808 + 173769876
683 786 + 230433032
41 652 + 497465898
418 763 + 928759177
485 647 + 214269321
25 501 + 289263258
540 849 + 376900231
64 182 + 683776421
73 367 + 670279277
553 579 + 882729106
71 756 + 378696971
176 808 + 551351160
641 931 + 664711777
499 535 + 942106585
654 745 + 887115097
299 687 + 671602218
280 302 + 669479252
442 688 + 986689844
305 813 + 28699970
122 227 + 479893415
502 998 + 947201692
47 298 + 989590374
425 501 + 127790712
206 729 + 44661932
531 998 + 543997887
580 750 + 790980461
2 253 + 247923048
215 620 + 252398854
889 996 + 246050852
8 150 + 731985183
110 421 + 543683960
38 492 + 219066954
277 940 + 833302468
247 799 + 324332849
205 431 + 916273328
118 242 + 562662491
211 669 + 722702699
74 590 + 725005636
248 839 + 900593481
670 685 + 735852215
153 295 + 101708218
102 815 + 696638232
405 839 + 176069579
102 289 + 198170684
151 538 + 984467657
69 779 + 357211544
612 674 + 351634902
259 277 + 616424118
156 299 + 298993021
869 928 + 766871142
526 745 + 799428590
343 541 + 171283571
733 805 + 12395718
412 903 + 508711864
104 947 + 772367485
355 710 + 453627826
432 873 + 681990168
292 412 + 257184500
435 564 + 936092266
288 461 + 760235664
497 744 + 313292614
431 982 + 545803770
95 403 + 594345765
82 323 + 632527656
100 437 + 964866712
446 972 + 295024567
76 476 + 253714492
370 532 + 580816235
745 797 + 59753503
353 918 + 286990965
196 930 + 134536095
328 736 + 763910217
239 811 + 472740210
176 463 + 569161825
815 969 + 201938245
282 749 + 228442523
498 706 + 57176335
86 503 + 199638871
156 158 + 723215085
245 288 + 560830754
18 401 + 782605848
514 806 + 178438034
62 874 + 558428314
231 240 + 989925200
528 790 + 538070993
732 916 + 78383960
695 781 + 723037235
448 705 + 197257005
112 733 + 379757261
150 260 + 541388905
384 897 + 846681026
119 732 + 938743404
246 442 + 944427462
819 942 + 766812723
444 977 + 629930923
860 969 + 667216489
450 574 + 204900414
704 786 + 877778761
369 572 + 933401570
248 612 + 429882209
627 719 + 923306787
347 373 + 480663499
253 413 + 994938159
228 515 + 179091780
32 953 + 918742083
210 395 + 922708782
253 406 + 232172744
50 221 + 806343509
61 845 + 982896483
65 143 + 265096069
503 609 + 3306514
283 836 + 129330954
408 954 + 547434802
128 784 + 282721365
698 953 + 186126689
390 789 + 243679679
49 316 + 239432946
533 608 + 423055600
18 70 + 477478815
210 688 + 352899596
692 967 + 660939516
889 925 + 539725534
17 766 + 768777503
69 866 + 477673787
250 439 + 630716986
23 655 + 202330149
254 309 + 950267520
783 951 + 565336417
91 420 + 175345926
80 538 + 244142622
50 566 + 858784783
76 992 + 622424719
102 958 + 281470958
629 742 + 172157043
382 948 + 93138513
83 618 + 795235250
601 898 + 565039527
137 357 + 966817200
621 822 + 141290652
5 785 + 302665240
273 485 + 127314565
195 381 + 407497115
151 686 + 223416917
133 785 + 817345789
325 650 + 899103741
198 387 + 968163289
227 910 + 650876152
465 627 + 468909539
401 635 + 103045059
21 461 + 890298696
476 627 + 317260370
41 717 + 658880414
118 132 + 950808214
496 727 + 583023953
252 829 + 844836516
93 796 + 139028493
528 653 + 851384853
179 633 + 567390111
133 388 + 465259207
164 950 + 934169038
727 736 + 436496505
276 435 + 293603914
371 468 + 330134962
143 813 + 426706836
534 896 + 354816576
32 775 + 848347743
707 915 + 63119654
252 889 + 882149742
288 719 + 219595657
646 815 + 328264050
56 906 + 913756698
433 539 + 518922238
551 602 + 731096452
9 747 + 423028441
382 869 + 253706738
283 737 + 699096172
306 545 + 403368400
229 645 + 961658940
212 967 + 800685835
34 898 + 260865933
435 800 + 880211659
539 746 + 567442927
287 563 + 333836532
192 307 + 285593629
407 837 + 144560257
550 830 + 904372561
657 939 + 875076452
131 221 + 250488049
568 749 + 543052435
58 231 + 233752818
109 186 + 458535460
14 778 + 847424965
584 875 + 473371939
333 748 + 53716173
252 904 + 987114730
54 679 + 814119250
841 855 + 260267274
334 896 + 79607416
39 822 + 678264078
7 605 + 95698967
596 813 + 55091364
238 878 + 446924835
103 383 + 88790117
64 982 + 44708435
261 839 + 233645853
776 913 + 993259209
543 586 + 639780023
294 590 + 214609307
341 581 + 690978884
309 611 + 47670338
983 991 + 645548071
172 390 + 647329953
601 844 + 238140373
514 638 + 247042223
731 943 + 793551804
621 818 + 160738242
350 902 + 430425279
151 227 + 576974961
277 356 + 739480442
418 653 + 48995189
222 523 + 738588419
282 383 + 648066402
239 855 + 342422055
183 869 + 82947918
200 726 + 967958513
203 449 + 668869386
159 675 + 519319047
560 831 + 521755585
656 841 + 71778222
173 658 + 188900734
409 441 + 742567426
50 206 + 744430176
272 448 + 369233341
877 987 + 638594756
753 776 + 321719129
111 755 + 621309623
613 965 + 387165168
534 807 + 460456098
69 686 + 978823014
21 608 + 421138712
231 820 + 737908665
338 766 + 925230920
577 841 + 216761113
756 970 + 561947255
421 761 + 549769009
686 882 + 190105380
274 965 + 132165609
45 492 + 355567680
61 558 + 293937026
248 314 + 250971311
569 868 + 616361429
477 519 + 235256818
20 987 + 124756949
118 127 + 781315197
453 507 + 658049348
612 941 + 948213883
661 687 + 74907870
674 946 + 216327842
4 110 + 715798537
166 948 + 192569602
408 739 + 398896562
247 323 + 103315263
478 952 + 814914574
804 905 + 404315691
255 622 + 152614585
147 467 + 501255617
123 718 + 186337715
9 598 + 871857092
274 649 + 976136596
244 707 + 891086000
163 689 + 294218398
242 767 + 445878557
526 985 + 595116363
725 966 + 618083742
475 651 + 140973958
351 473 + 508367751
771 899 + 413538132
158 190 + 909608871
947 994 + 239430280
18 695 + 972070068
399 553 + 712854686
79 857 + 300436017
112 493 + 316527208
196 555 + 964792091
151 939 + 959472082
223 257 + 722909256
168 283 + 838533837
504 637 + 564134231
193 629 + 669085754
404 633 + 353861140
12 502 + 128762588
212 461 + 655510864
75 115 + 23341671
48 196 + 48772212
105 231 + 205890745
231 449 + 1159290
535 705 + 928489725
365 924 + 444870374
332 892 + 19000636
440 488 + 994805890
562 724 + 760534300
100 554 + 59443265
258 689 + 306586981
443 477 + 833115216
10 141 + 422514194
282 733 + 280473304
615 818 + 96118951
539 582 + 839488336
96 988 + 917434254
835 933 + 112506361
44 155 + 433025804
805 806 + 372532868
244 555 + 738075973
234 532 + 323446823
50 69 + 715640095
490 917 + 962546308
83 865 + 897522179
232 502 + 699182227
313 932 + 494003119
598 642 + 846311551
484 813 + 501747040
430 874 + 262483715
186 338 + 19016987
6 368 + 481243709
239 886 + 284119013
276 830 + 120120180
306 400 + 517733199
78 768 + 215083278
124 955 + 724434308
475 555 + 602656709
473 724 + 534932699
293 480 + 791810387
494 996 + 311136720
876 900 + 186844080
347 613 + 355597650
265 859 + 722833840
14 729 + 410292158
298 357 + 74345535
403 771 + 170333048
223 788 + 235031579
366 999 + 391166211
120 187 + 396468604
176 348 + 268081609
398 810 + 374328131
89 993 + 731542228
92 390 + 400947201
276 393 + 273364667
260 301 + 229448479
289 369 + 828255880
521 596 + 771372271
108 373 + 278998792
179 341 + 777875966
33 95 + 682831983
380 852 + 934130692
92 999 + 373324393
429 530 + 323699446
647 878 + 152100279
136 447 + 328005541
380 746 + 541677559
454 800 + 514731447
225 802 + 820349704
272 743 + 671320895
851 864 + 962308287
167 491 + 861494531
50 953 + 118019059
408 966 + 783756702
190 970 + 400755162
265 493 + 187432280
857 874 + 928823557
338 359 + 730002922
37 456 + 892736608
234 548 + 277459694
341 630 + 719904185
652 932 + 410027385
36 921 + 567424318
32 462 + 861344976
167 216 + 676906669
83 846 + 669607353
290 362 + 219370799
569 939 + 497336533
632 929 + 421395015
763 971 + 513364437
240 374 + 979375260
386 498 + 281087276
235 251 + 600897047
373 981 + 419001294
234 819 + 602152277
638 821 + 880743205
31 684 + 402385325
163 291 + 27808035
728 858 + 639336088
228 400 + 444065600
37 568 + 940682069
210 771 + 906364519
37 437 + 112078077
333 650 + 135585890
618 746 + 303032984
100 166 + 78049038
108 327 + 618355271
647 846 + 248055033
24 989 + 574392554
170 740 + 194882658
83 715 + 666380013
180 552 + 221255490
403 880 + 263542938
100 184 + 327614738
27 34 + 240797218
201 271 + 316528688
316 673 + 794481294
529 546 + 346374325
826 827 + 109882107
282 402 + 844858
295 615 + 297825647
336 637 + 124667491
872 974 + 533780563
711 972 + 266497443
763 896 + 796199880
382 474 + 352722627
206 654 + 505925244
445 638 + 136497582
135 982 + 24143683
44 214 + 163386582
149 334 + 280534298
250 747 + 35951359
19 160 + 146369233
96 977 + 170316098
76 602 + 525572054
868 876 + 495702794
855 893 + 494421944
216 364 + 643158964
607 955 + 422977185
465 837 + 281618161
489 638 + 546143997
291 896 + 113987435
239 849 + 809227753
657 727 + 817726511
61 130 + 627652661
101 605 + 497578775
175 275 + 198553047
335 917 + 185773185
620 907 + 661445006
275 398 + 79538774
251 320 + 465618041
214 662 + 980410169
880 886 + 269424925
379 665 + 462181209
260 295 + 175921860
529 675 + 760697224
538 707 + 814547434
116 851 + 970114344
636 794 + 544257314
249 808 + 493849290
12 495 + 506444011
776 842 + 885639583
383 384 + 867890880
875 903 + 124498606
265 805 + 689979774
134 899 + 921005979
80 979 + 300248379
375 382 + 6588529
170 622 + 879138535
565 642 + 383230945
295 868 + 548964814
877 913 + 91255353
611 789 + 379093831
264 756 + 976596974
113 803 + 409354569
627 947 + 444523560
347 816 + 962514126
159 639 + 801904995
451 590 + 238000745
355 625 + 814658844
260 290 + 310141786
79 685 + 247936297
312 579 + 604733218
144 555 + 860418332
316 567 + 254068961
48 791 + 820568099
736 989 + 907023389
626 920 + 675777043
50 962 + 322173814
796 938 + 481846113
620 814 + 377306955
463 520 + 440763944
78 195 + 425661156
775 852 + 620208451
12 762 + 942257204
83 247 + 132347864
402 610 + 289552505
550 801 + 498820593
609 802 + 536476159
425 829 + 971982367
239 648 + 558387346
67 969 + 868982979
193 835 + 536188680
65 321 + 467848804
519 622 + 163250950
78 159 + 636129980
155 759 + 415769529
649 816 + 943862690
238 755 + 816559376
342 361 + 828879032
379 702 + 99558421
530 832 + 235167463
192 290 + 444745985
195 209 + 448339743
258 436 + 693238436
414 955 + 499683425
143 725 + 700148636
896 984 + 364523858
161 816 + 635009649
33 96 + 843444861
218 704 + 196272974
408 941 + 303236448
379 545 + 831341587
153 672 + 158133865
99 828 + 112628247
208 738 + 140109675
582 740 + 321665189
401 915 + 643884637
411 860 + 958879188
191 410 + 117633994
117 662 + 559737211
788 973 + 258357709
654 858 + 943795802
569 822 + 247126024
77 348 + 239522849
672 733 + 90397470
461 886 + 263115877
655 890 + 341440489
513 847 + 275668989
321 984 + 857835917
328 674 + 14636387
153 494 + 425325667
355 827 + 347516924
297 500 + 879017145
331 335 + 206451033
540 615 + 304649431
137 634 + 746455259
19 503 + 298931578
334 895 + 646770184
992 995 + 60638262
852 890 + 260250044
658 766 + 662832927
372 566 + 759197348
722 849 + 950131298
124 852 + 37718896
181 653 + 980826087
397 422 + 205356280
165 290 + 577984314
344 443 + 205970275
152 424 + 851767987
555 984 + 817233675
22 738 + 92517504
133 986 + 778791253
401 407 + 322523911
145 538 + 622695023
449 641 + 428741061
265 291 + 784865678
543 754 + 562561231
917 951 + 109279966
95 136 + 161538951
130 712 + 832624557
63 375 + 302096591
528 760 + 11212372
22 983 + 925217909
554 631 + 903319711
267 314 + 578795430
610 843 + 621752626
85 127 + 136747066
491 656 + 180707751
88 838 + 586995956
72 112 + 580483419
424 748 + 10871543
129 761 + 611189500
672 989 + 476646373
412 808 + 301875189
223 694 + 542742197
198 964 + 743339788
499 798 + 720079800
254 801 + 23258470
44 794 + 248027742
890 924 + 933792449
3 385 + 83538216
467 653 + 633043892
304 315 + 990955348
645 751 + 641928830
221 385 + 203985511
504 756 + 502355323
514 758 + 915710850
838 907 + 922315337
624 923 + 536883677
43 784 + 171433620
118 369 + 947117
52 844 + 979568436
264 808 + 639786728
8 58 + 550557019
150 922 + 755671933
177 403 + 454086779
198 780 + 143554410
479 580 + 44267876
95 351 + 617121203
524 780 + 618305597
439 553 + 558210203
324 781 + 921439252
715 829 + 435283211
186 303 + 826810162
46 301 + 753375170
498 826 + 433052784
136 663 + 528720382
130 421 + 883946472
105 332 + 657803963
482 924 + 603501430
696 848 + 699662683
602 759 + 258632517
195 893 + 891400269
222 654 + 216571422
197 936 + 761980876
143 589 + 387926216
65 890 + 744933379
128 351 + 423633210
425 793 + 694850478
51 257 + 668016405
592 817 + 112064165
437 543 + 321413381
791 921 + 225222361
111 743 + 932519914
719 931 + 185652469
161 475 + 265639828
79 980 + 533877799
202 409 + 358254141
383 631 + 906347478
120 346 + 708891598
147 951 + 153790253
708 985 + 692279791
152 331 + 831034463
55 658 + 504076917
254 717 + 824962246
88 579 + 263094640
400 601 + 901926283
262 815 + 215010819
182 293 + 297105281
157 510 + 803866036
746 960 + 432761373
680 739 + 124843475
797 969 + 53514163
450 870 + 138355344
598 606 + 937846142
92 240 + 978540071
187 670 + 152433436
465 574 + 283267472
103 749 + 680012797
105 446 + 28043902
183 614 + 926090791
117 567 + 258320704
234 356 + 388123346
7 138 + 231004671
741 970 + 581001922
133 391 + 126166467
346 562 + 230488947
62 63 + 876401122
669 943 + 814722567
266 552 + 131431530
212 537 + 502233990
123 850 + 769299046
263 545 + 392923566
62 906 + 65346704
270 402 + 150926806
318 799 + 281449523
746 932 + 440687978
37 428 + 698718341
552 903 + 991319569
314 345 + 537081998
184 679 + 925552318
832 876 + 222305477
355 368 + 590861883
235 440 + 519827110
355 700 + 535198168
40 921 + 70413872
577 779 + 803060824
611 768 + 365850796
124 312 + 728281871
619 962 + 296044472
298 832 + 87475651
39 687 + 163116555
689 726 + 159288929
962 962 + 877019845
770 870 + 472308111
325 700 + 934797112
740 948 + 64195434
740 891 + 590864303
92 774 + 253233303
163 849 + 348800555
163 203 + 266688896
379 906 + 144587291
476 828 + 860869524
768 959 + 760263701
203 753 + 389090107
311 961 + 541109039
491 981 + 339732951
567 866 + 222039570
693 953 + 145561714
352 870 + 592786301
310 958 + 201061730
237 352 + 30692671
378 957 + 385507079
11 239 + 861326662
490 704 + 296118588
536 738 + 227365329
300 819 + 813337540
426 633 + 469822881
294 723 + 491074133
858 928 + 800988168
353 930 + 558601301
409 474 + 96772332
355 899 + 454184337
486 831 + 213212909
491 648 + 445202526
447 470 + 406586530
438 763 + 459629412
340 441 + 529223304
81 768 + 841955431
670 841 + 281163328
307 386 + 401877684
231 932 + 696705093
13 179 + 704604847
31 293 + 477833583
743 974 + 919440945
10 332 + 523763508
280 592 + 75407168
289 443 + 54912435
39 898 + 800898626
331 977 + 491479947
636 935 + 393408702
90 515 + 433269533
46 259 + 359865585
390 408 + 811058435
657 946 + 914314803
462 984 + 260384022
187 306 + 996199624
135 491 + 705645005
260 610 + 985212745
390 417 + 935196178
39 752 + 109492830
123 435 + 881931809
720 788 + 539721379
324 649 + 405425652
522 809 + 96293061
98 618 + 435187225
525 827 + 775534125
184 826 + 338293010
374 800 + 125527611
185 503 + 334303844
581 722 + 587967501
507 815 + 43221161
144 500 + 993938341
283 314 + 623132552
295 507 + 404887950
114 211 + 948657197
169 394 + 452984094
110 362 + 457575151
435 953 + 562165216
68 999 + 152717952
91 782 + 808761932
95 755 + 122388112
196 622 + 189689680
9 677 + 392050456
526 614 + 271401283
669 982 + 599798007
133 658 + 357098189
481 921 + 452709404
685 930 + 154312671
22 175 + 787173691
268 327 + 582822776
212 240 + 588903164
359 948 + 416419028
403 592 + 974587189
65 923 + 474343739
202 652 + 250418277
900 904 + 781700598
116 928 + 425834829
291 559 + 925128054
267 655 + 26627410
7 238 + 807517955
210 504 + 912730925
327 430 + 835297651
265 975 + 434019332
136 186 + 514063140
108 662 + 106386132
913 916 + 31499433
891 926 + 108418145
156 317 + 873828436
351 462 + 176354947
598 711 + 283934205
84 518 + 461552436
285 573 + 570331843
168 214 + 283245782
49 754 + 394217673
331 627 + 230210705
127 852 + 475773823
792 870 + 463413033
500 934 + 490719459
245 713 + 9565460
506 945 + 762096662
84 591 + 632154872
248 672 + 281231539
514 793 + 362258879
752 858 + 146110850
502 649 + 934364477
740 890 + 663205492
131 902 + 170979878
31 733 + 846968300
221 431 + 792820779
283 439 + 95772832
464 800 + 269087421
102 338 + 786070989
320 609 + 949005030
288 730 + 637336186
312 885 + 956742802
708 746 + 281352748
143 578 + 623210116
211 701 + 371584816
93 590 + 537085623
221 284 + 267496410
507 809 + 338029959
236 326 + 639852033
469 975 + 66669808
69 262 + 218910130
648 802 + 495636151
511 621 + 116388448
178 934 + 591262740
289 733 + 481688237
684 960 + 68693176
85 897 + 903680708
474 745 + 362576992
155 647 + 125192128
14 564 + 386347087
309 564 + 597503940
934 942 + 277004825
138 851 + 949809019
213 569 + 374923218
225 428 + 431278726
428 992 + 648534735
233 953 + 449036268
482 891 + 10710957
558 626 + 642529395
147 806 + 859991042
209 987 + 616010948
527 705 + 265572679
426 762 + 35808952
304 751 + 250169287
67 544 + 516575094
95 151 + 929224653
52 986 + 546878549
184 195 + 805736233
681 704 + 297214982
701 898 + 877956690
194 784 + 547149084
249 814 + 205384298
355 474 + 112209788
762 993 + 636750277
494 565 + 195638946
37 798 + 511317269
257 425 + 341828910
533 725 + 25549485
186 583 + 172266216
773 885 + 131986306
461 648 + 306226644
385 825 + 484894085
903 968 + 346356487
382 443 + 831418213
186 590 + 118614095
796 920 + 33144759
444 900 + 212675062
263 374 + 641086714
169 557 + 376383972
126 771 + 970708930
86 170 + 891358838
252 503 + 694622870
645 835 + 656373961
230 708 + 726328481
597 626 + 206531888
263 594 + 949905306
885 915 + 503869763
544 658 + 979473612
324 353 + 256042261
470 734 + 645405970
597 696 + 971677207
302 708 + 667812729
159 233 + 483406795
707 725 + 820779498
372 957 + 454155280
5 286 + 710422558
161 804 + 322512014
93 322 + 619479821
261 570 + 851096412
19 120 + 448325629
41 64 + 385105238
25 580 + 826318558
109 310 + 685119731
745 980 + 579731691
280 877 + 582829813
518 999 + 910234294
187 909 + 451388790
842 889 + 8155192
290 714 + 849752189
147 581 + 758303919
595 722 + 513569774
368 998 + 734578746
314 795 + 534796989
585 935 + 684159350
809 912 + 375691782
657 940 + 386593846
338 795 + 802660699
17 830 + 311802235
19 380 + 702477008
75 985 + 721302662
572 708 + 170974685
168 205 + 649061904
460 499 + 491702340
81 145 + 18904931
820 935 + 128163656
238 332 + 40944408
177 497 + 421848135
846 858 + 371129215
298 415 + 865477542
386 901 + 32047931
171 655 + 362906536
228 936 + 358559627
580 630 + 251159097
146 384 + 514666085
356 810 + 179771923
704 939 + 504825514
311 805 + 979704854
459 574 + 140359575
271 736 + 138943964
53 690 + 804809672
551 900 + 970312512
40 676 + 411051866
76 908 + 306344091
460 767 + 980921081
77 838 + 67303962
84 718 + 517492723
310 770 + 260560703
452 761 + 504433488
489 627 + 387362549
29 428 + 591733970
42 340 + 802367864
484 577 + 531758053
588 796 + 190795656
68 985 + 129516509
38 809 + 266932475
399 735 + 991391774
47 422 + 203205075
