1000 1000
630 765 / 961068969
330 974 / 470411273
273 507 / 528289486
539 955 / 329526218
152 238 / 987278195
709 757 / 883746934
124 350 / 913875157
54 884 / 191411558
631 767 / 457558124
176 846 / 387602302
265 526 / 475071110
660 964 / 969887979
275 925 / 673974862
3 433 / 115533554
73 469 / 520811666
676 722 / 310148894
716 988 / 588253740
88 800 / 201593741
866 934 / 828100094
315 371 / 863692540
45 174 / 398117975
265 559 / 696445073
441 689 / 767691370
519 811 / 67569915
219 456 / 311805782
914 960 / 767144311
901 931 / 476072126
514 628 / 746360178
470 888 / 423224914
435 463 / 605628003
163 227 / 534428718
772 987 / 76683213
9 397 / 687360179
527 945 / 39862484
762 981 / 519091560
114 917 / 807002285
630 703 / 938382239
840 842 / 901358421
151 922 / 595638416
386 826 / 670430343
432 958 / 477191078
116 962 / 413635567
81 382 / 87539560
451 723 / 488707785
115 872 / 641357190
520 641 / 342281286
126 756 / 647568035
559 822 / 830339907
357 667 / 546559693
110 497 / 114055234
109 479 / 576680494
68 333 / 940189349
331 900 / 233472244
264 384 / 548344143
542 752 / 300133144
75 255 / 208268172
52 867 / 221914786
34 959 / 759568559
400 884 / 786619327
785 941 / 803203149
623 734 / 424307615
271 513 / 405088174
824 840 / 76047944
124 718 / 880763735
52 939 / 258420421
361 977 / 214361336
443 463 / 699702865
381 688 / 666739969
547 641 / 599119790
880 921 / 174098354
244 907 / 30124184
245 413 / 946812469
530 919 / 48963306
303 634 / 405745128
222 374 / 529236084
591 771 / 683173370
894 967 / 126869790
55 691 / 805923180
293 733 / 388251750
478 841 / 933114994
194 221 / 986288296
391 598 / 789853782
952 977 / 527223297
876 920 / 491263239
303 597 / 773108907
684 707 / 342102883
304 923 / 878851841
417 974 / 240134323
627 990 / 968141084
871 976 / 825305020
641 803 / 166707128
116 582 / 106204447
73 134 / 507061566
105 135 / 285534515
296 643 / 211908949
786 790 / 53087284
129 1000 / 165241113
263 770 / 160992817
295 429 / 113390854
196 926 / 663628196
222 459 / 951633680
167 829 / 282633965
229 974 / 127038123
805 883 / 636689082
489 744 / 384901154
23 535 / 496553079
333 779 / 728259254
304 494 / 643316370
57 539 / 663735113
113 987 / 552837364
159 594 / 875754942
58 350 / 648771606
192 254 / 354204731
135 334 / 336281316
145 877 / 286120304
408 526 / 276868306
297 931 / 725647428
382 856 / 52246488
159 558 / 48139636
578 648 / 20303622
283 630 / 583360720
469 890 / 772507809
697 824 / 526901338
295 904 / 923275324
181 219 / 196865129
459 933 / 976015671
333 392 / 702616059
382 642 / 621177358
21 814 / 553954393
384 507 / 254080915
200 269 / 173377443
798 972 / 409721149
465 698 / 859617304
324 352 / 534987350
467 610 / 782951705
372 461 / 153347434
826 969 / 379963322
545 942 / 376703720
120 656 / 194454168
646 900 / 461681658
223 507 / 103138594
82 731 / 416043676
172 444 / 552643106
88 507 / 527551715
337 903 / 435159589
56 444 / 638370240
132 725 / 58228087
151 938 / 741736628
595 920 / 830678342
59 388 / 574857913
154 630 / 184854751
32 429 / 744224979
300 903 / 692043801
361 967 / 847007710
398 611 / 754282715
68 510 / 530183584
541 762 / 964937157
576 959 / 511083791
774 932 / 438681628
151 183 / 8006690
680 936 / 806509536
158 197 / 694935377
197 468 / 298366601
257 951 / 731951599
433 466 / 838813316
61 272 / 504171291
158 778 / 987987220
59 798 / 608504740
72 385 / 272938933
71 73 / 490020999
796 798 / 368438319
31 796 / 777014050
531 953 / 913525166
274 540 / 878227056
168 432 / 524728080
15 746 / 875801867
519 817 / 120842095
601 678 / 933155838
29 542 / 805460497
583 776 / 173238305
160 643 / 52365822
345 408 / 159953756
791 912 / 599408364
121 224 / 487829897
121 665 / 537562122
166 617 / 536108088
450 478 / 82577757
250 657 / 563125636
429 817 / 9762454
547 995 / 853943463
317 984 / 7429946
731 838 / 750963655
720 975 / 815072302
245 966 / 873872414
435 571 / 468442670
419 996 / 272807632
525 954 / 426159566
32 624 / 370799574
367 876 / 600002041
265 615 / 595696022
427 446 / 966878934
260 838 / 64955418
637 999 / 188580688
223 909 / 987818334
777 990 / 960142011
632 635 / 3810359
400 858 / 592059357
888 963 / 244036551
534 545 / 635595477
622 831 / 42606561
506 566 / 539522490
117 797 / 261271566
71 307 / 3617145
435 760 / 825148244
420 845 / 338993756
677 1000 / 879882147
253 678 / 921834662
185 292 / 421322189
189 510 / 920751400
158 695 / 261493404
518 604 / 430435605
776 978 / 748781899
83 639 / 169335062
589 790 / 28132152
525 539 / 247059388
593 946 / 442621792
205 758 / 346603988
406 955 / 943687774
21 442 / 911563005
829 966 / 883303035
452 633 / 758301637
280 583 / 922601145
396 617 / 636895406
102 725 / 260281391
104 256 / 103981768
632 811 / 770012433
92 897 / 212086984
826 893 / 705603155
225 427 / 931178244
215 982 / 514132825
222 805 / 18126219
315 691 / 5944174
95 673 / 9807560
606 731 / 45938073
627 998 / 456699618
27 798 / 58516449
791 934 / 404770962
420 456 / 625444194
520 585 / 175901019
720 868 / 488233230
547 702 / 854977003
334 780 / 727075239
402 999 / 230875729
706 755 / 381037592
272 299 / 424578464
500 685 / 873748535
81 180 / 423868895
784 924 / 983722987
458 731 / 532718925
333 896 / 321199482
737 837 / 402936019
646 757 / 809388670
734 799 / 930328654
145 769 / 377496001
75 741 / 645497601
288 313 / 189564367
129 646 / 844980275
209 671 / 710282716
32 151 / 76411271
900 901 / 621261812
734 904 / 378287593
576 616 / 468913416
902 961 / 692472889
210 366 / 552525298
451 740 / 542420581
184 891 / 548813590
492 856 / 206136546
103 515 / 444729111
762 854 / 394263145
348 823 / 158289192
334 546 / 733897112
190 851 / 843059984
146 534 / 250366255
24 592 / 571857600
432 946 / 279992186
507 922 / 209773106
544 670 / 570531934
388 767 / 528545281
31 126 / 806946984
264 571 / 807624434
71 979 / 456063324
396 874 / 281875964
149 428 / 770072928
624 823 / 126473564
765 948 / 111737022
362 778 / 419831335
31 397 / 525175021
263 312 / 261957475
315 856 / 611916918
731 942 / 273332304
154 504 / 60817989
292 862 / 821659278
121 583 / 305435886
552 974 / 665407668
212 280 / 588566440
525 758 / 258709813
213 835 / 581282943
789 999 / 228331876
126 222 / 684538307
313 542 / 939189631
77 228 / 625439742
105 474 / 253774474
304 800 / 443383539
271 387 / 445335700
144 804 / 430020323
738 779 / 652866721
347 863 / 947866651
324 750 / 449245272
399 763 / 223760242
41 809 / 767501088
477 531 / 26097582
250 945 / 557509218
182 504 / 977787896
248 684 / 173601006
241 567 / 990740907
253 673 / 354474802
472 905 / 298174684
202 680 / 618740263
61 890 / 390089488
236 728 / 263067631
548 736 / 445195190
85 304 / 235482890
326 690 / 617266076
57 363 / 5658214
25 851 / 10890723
175 555 / 502837228
47 873 / 499962123
257 379 / 544688423
336 815 / 854152644
935 982 / 295795139
171 992 / 821747639
186 230 / 926506261
134 146 / 990988283
346 692 / 415037586
647 781 / 361640026
861 939 / 845075583
886 955 / 272642548
377 737 / 367224916
316 364 / 193957857
613 947 / 346870634
53 330 / 134676823
772 832 / 383237231
70 982 / 302056284
263 500 / 532816538
308 428 / 890341777
373 614 / 823800200
172 986 / 475492149
3 263 / 535918728
64 181 / 730729106
475 805 / 810678803
824 847 / 208665213
723 989 / 172595521
269 470 / 288773148
12 880 / 777190855
392 429 / 7753841
570 725 / 782819407
47 831 / 616028919
138 822 / 366444335
71 225 / 769370382
439 465 / 705138628
55 193 / 393866811
133 339 / 998034429
18 22 / 214662268
122 812 / 370742412
129 515 / 751547672
206 793 / 976578314
357 455 / 109960246
161 534 / 573686642
88 894 / 230533899
256 996 / 119626210
118 283 / 437817371
744 963 / 868219355
165 808 / 91369781
499 844 / 186879803
608 780 / 131214591
392 832 / 371873801
668 700 / 715266441
561 642 / 781924742
199 312 / 32163363
451 772 / 821346957
19 403 / 69602673
700 841 / 300046355
100 844 / 794773244
140 915 / 28637839
682 934 / 526472887
224 349 / 12011369
721 788 / 467258437
131 230 / 554744314
663 829 / 612041816
116 981 / 322095753
181 664 / 537485136
391 759 / 533949872
290 318 / 114065108
198 814 / 923037284
72 254 / 104186046
48 394 / 212481515
362 817 / 775774338
792 976 / 797492565
576 970 / 182756887
230 812 / 319473670
293 444 / 786628673
425 871 / 223375237
359 612 / 460799329
145 395 / 156456752
205 899 / 467074925
175 956 / 798115571
138 927 / 537477970
811 955 / 38260696
17 327 / 135547952
674 698 / 537337306
790 856 / 682937750
228 618 / 676112119
231 295 / 530996093
49 214 / 303993641
176 280 / 55734621
153 788 / 808751584
191 319 / 236974695
461 703 / 920627907
423 822 / 7154118
115 467 / 481926124
183 522 / 277758881
44 299 / 19812559
709 757 / 819168438
533 934 / 422811650
471 506 / 238722189
531 797 / 590489316
600 713 / 322613093
171 882 / 790141869
9 507 / 351420443
253 682 / 381053673
197 658 / 679746358
151 642 / 182176267
453 774 / 227754696
223 650 / 404646576
19 624 / 367386091
83 792 / 346113324
58 765 / 234145523
518 902 / 585672290
599 769 / 479650369
188 747 / 925072972
269 539 / 264841065
676 679 / 417393638
79 432 / 210651543
534 764 / 599148947
5 466 / 254514623
481 967 / 170716530
301 773 / 144253273
826 907 / 252577591
404 423 / 187403049
82 468 / 538371298
153 513 / 599588087
777 892 / 472842261
959 987 / 616883181
350 631 / 154341892
221 707 / 884098434
61 324 / 709928259
91 698 / 440882031
185 498 / 111354686
131 453 / 946190036
352 861 / 612627903
375 999 / 626810822
612 877 / 996484181
79 160 / 953417499
594 613 / 788356489
487 690 / 197083874
248 854 / 333809609
332 374 / 989892578
227 451 / 517696824
531 854 / 354263952
246 434 / 904565750
307 735 / 267689907
297 847 / 725112036
157 934 / 341301879
42 664 / 941881164
582 795 / 746728409
634 697 / 881531668
766 882 / 881440096
114 509 / 737035270
218 688 / 824301212
582 691 / 786995218
565 896 / 385044319
570 946 / 653073218
368 854 / 149910719
471 757 / 924585060
628 742 / 373695428
668 834 / 106256303
159 383 / 745987672
345 391 / 694004328
267 737 / 251154486
552 917 / 438719598
435 525 / 443969435
270 421 / 948973093
471 641 / 989795177
572 940 / 162645516
412 586 / 758144947
18 559 / 587314481
585 638 / 410933821
374 922 / 500736655
147 544 / 271190987
70 744 / 141195533
612 815 / 444881785
307 525 / 348107611
558 907 / 301131466
90 683 / 809389850
274 307 / 671061100
94 579 / 102489174
571 823 / 144118530
42 96 / 738700922
605 748 / 631463372
285 511 / 565360361
468 841 / 888235606
180 771 / 396540055
409 483 / 503612606
74 190 / 347832847
547 678 / 157336292
169 619 / 118564425
761 925 / 417363771
168 941 / 739971849
111 708 / 946114576
8 265 / 81795943
350 902 / 612768022
313 729 / 250988910
659 734 / 870533559
871 918 / 806984758
4 211 / 334792086
618 738 / 785440622
303 338 / 481889713
125 774 / 536453106
435 945 / 539691206
73 781 / 607998691
553 679 / 767562247
415 889 / 879206383
390 882 / 142392589
766 827 / 136355387
837 958 / 7230592
732 914 / 541898442
657 977 / 917369669
255 747 / 108367423
149 405 / 924846314
85 583 / 323707453
66 340 / 325665498
753 962 / 638966348
296 875 / 65676242
134 930 / 839937504
12 532 / 510315397
274 762 / 315980200
382 412 / 732818211
93 145 / 764027971
654 856 / 338151871
152 958 / 582574204
59 268 / 790279057
472 662 / 806134196
568 698 / 549506077
697 852 / 733053042
76 249 / 817245261
352 538 / 962406388
515 862 / 373706414
273 654 / 296019653
653 713 / 990171156
242 349 / 97473967
133 143 / 720504664
225 574 / 295950395
20 857 / 336929682
470 659 / 589138951
216 826 / 726521395
199 808 / 56219140
56 538 / 220366307
535 823 / 774040823
395 491 / 332035451
271 361 / 515451116
308 609 / 415749426
401 779 / 817763355
817 873 / 543026611
138 522 / 678596221
21 410 / 37588928
425 652 / 238152682
390 954 / 367431065
286 645 / 950412307
73 689 / 686809402
656 657 / 189519208
523 904 / 167657376
14 86 / 332589907
391 735 / 210360586
220 758 / 941818821
81 717 / 320172487
17 916 / 563809035
551 662 / 972748216
25 98 / 333504921
373 647 / 788069694
357 933 / 443515784
84 524 / 336177365
265 701 / 902962747
28 253 / 903996313
602 779 / 391216328
491 590 / 328289795
418 536 / 232828105
667 713 / 350930802
587 975 / 640663724
89 712 / 234944086
37 248 / 690818130
111 461 / 312655525
457 847 / 398968020
67 261 / 66763352
697 703 / 835360298
296 699 / 874468375
95 732 / 873893987
715 931 / 801805469
225 823 / 210064725
195 299 / 225495534
170 331 / 536893941
184 506 / 380465998
286 669 / 167512297
962 1000 / 286032962
248 626 / 493662395
46 275 / 423643810
574 623 / 721064027
361 751 / 82140754
212 854 / 337438539
22 113 / 70148941
29 997 / 430292572
734 828 / 475019668
99 304 / 717601019
35 759 / 287388199
363 581 / 166003827
613 881 / 760711296
554 634 / 809925148
331 523 / 913464931
986 987 / 535472278
524 821 / 414635695
170 398 / 455508182
108 119 / 737729290
277 442 / 184729518
112 390 / 568503072
402 770 / 659113645
318 901 / 849697684
669 899 / 974341873
40 248 / 31686505
615 711 / 880361041
165 858 / 18552695
92 128 / 227534059
462 735 / 682761344
187 574 / 628363089
177 839 / 453939729
245 584 / 134527615
38 939 / 615511170
355 645 / 157157534
139 151 / 465254624
146 752 / 106940069
298 340 / 212940628
224 467 / 215286651
736 935 / 209893087
271 370 / 763321453
92 861 / 508317397
725 925 / 644483972
44 500 / 515380706
152 783 / 645090633
5 604 / 511442601
619 862 / 400833547
114 542 / 919242623
253 620 / 767688881
714 922 / 268850015
166 231 / 84661432
990 991 / 464217208
608 661 / 159292162
168 773 / 779673227
733 997 / 589644771
901 981 / 375275418
228 880 / 810016248
118 424 / 302904871
376 734 / 184242058
308 459 / 74200266
148 424 / 266896322
406 602 / 561403665
292 840 / 133081394
399 955 / 942770916
765 921 / 572093917
328 665 / 100681714
207 628 / 212167166
172 931 / 914117673
501 848 / 691577533
206 410 / 190545334
153 218 / 573932974
415 486 / 649541624
591 715 / 783220283
148 632 / 869557210
584 688 / 562073232
315 891 / 455326896
465 761 / 63641284
868 937 / 762293742
183 924 / 685877327
559 711 / 122330390
130 852 / 523532960
472 527 / 813874415
512 821 / 603992707
380 780 / 905281540
201 903 / 82160741
11 604 / 775381696
380 729 / 89852908
412 582 / 471592655
163 440 / 413974617
551 875 / 878298992
641 855 / 265505755
381 514 / 561880604
336 647 / 127040144
224 931 / 793119152
175 808 / 889068891
380 769 / 773277019
384 524 / 106431806
103 561 / 973794606
46 294 / 735232283
89 639 / 732426579
465 827 / 417374598
332 352 / 805509104
302 499 / 182311952
410 629 / 493928934
60 918 / 223059930
259 542 / 717499098
520 787 / 819084076
784 789 / 44224332
120 861 / 859754189
396 825 / 707743674
320 384 / 288855951
84 736 / 404896027
479 792 / 278265611
74 980 / 515593318
2 546 / 509284983
472 556 / 962068614
552 963 / 308763371
418 789 / 290297931
139 296 / 223849164
367 413 / 456861443
131 268 / 245834592
271 624 / 674519525
196 437 / 722657392
41 203 / 817113811
181 727 / 725703671
704 860 / 661685134
235 939 / 760757955
174 829 / 188426445
158 923 / 98720762
416 515 / 695862329
118 826 / 882678408
182 873 / 374170587
79 236 / 800002375
189 346 / 923836510
239 353 / 637312012
276 965 / 340536890
19 925 / 688530661
131 690 / 215430152
499 622 / 114933916
112 888 / 698673180
283 969 / 462236121
187 227 / 113258535
56 613 / 920794292
739 785 / 154047903
55 916 / 186618958
484 856 / 188456446
50 820 / 896865114
595 890 / 59999816
180 767 / 613871608
45 955 / 103738804
374 775 / 361920018
322 510 / 442768208
195 652 / 573602857
97 717 / 499714869
220 997 / 945567283
109 791 / 464513692
465 966 / 460669009
388 941 / 172808510
685 804 / 964167264
68 810 / 608587323
303 634 / 85826145
427 968 / 159638062
709 972 / 868961352
170 608 / 414784217
200 688 / 419653704
77 532 / 703851026
952 987 / 860642974
71 773 / 546003676
508 832 / 78762221
46 306 / 309020641
214 563 / 568823485
233 832 / 213951083
175 216 / 566664615
207 575 / 500240053
119 542 / 692658170
828 960 / 887639915
316 849 / 358838867
292 713 / 548037957
566 877 / 922109909
210 463 / 398246594
10 443 / 7635005
270 958 / 122892032
82 710 / 212731519
366 784 / 820685014
503 868 / 415565192
358 958 / 616117828
343 450 / 716683440
24 634 / 565052
153 173 / 607890737
639 951 / 460993949
42 541 / 437333616
274 894 / 910211109
200 650 / 145004881
288 892 / 674328320
274 336 / 826755970
30 215 / 195004956
691 766 / 664366839
63 631 / 330285210
664 709 / 838097723
546 794 / 217819605
153 715 / 214569995
834 924 / 480361175
45 788 / 422635196
152 425 / 146842965
224 424 / 480970384
197 644 / 852458978
392 644 / 452239732
8 11 / 975348730
656 680 / 193809193
425 775 / 518462512
63 817 / 104300481
42 387 / 935014204
239 777 / 483623516
113 898 / 488370643
82 838 / 129346330
574 880 / 603743031
43 238 / 457788130
331 669 / 602620482
43 989 / 320611906
467 564 / 718242754
461 637 / 274496263
35 733 / 388088439
842 928 / 78366555
524 949 / 452457995
475 539 / 40018858
102 225 / 142392669
88 352 / 942980506
104 795 / 293328911
27 166 / 115362922
274 568 / 461292151
88 274 / 187571007
256 378 / 736783762
564 724 / 264968430
696 774 / 356708211
534 795 / 590065998
306 435 / 407007889
580 596 / 38703033
32 965 / 956052737
825 830 / 705441734
159 423 / 181139326
25 710 / 846156858
524 919 / 467924854
709 838 / 274112567
314 411 / 498824715
498 555 / 420325252
129 350 / 180407485
109 885 / 701680034
72 360 / 596440686
304 376 / 86882032
158 714 / 916410228
114 749 / 93456295
268 838 / 157930651
71 494 / 56701142
762 764 / 699083598
143 383 / 327079767
154 847 / 331871606
410 534 / 56158860
243 836 / 292659836
801 894 / 52583386
33 119 / 985723025
154 790 / 546112764
645 755 / 962078891
331 761 / 626085098
190 461 / 209477343
167 835 / 930650536
662 764 / 516070001
376 647 / 652648421
882 986 / 659148269
258 633 / 516820805
137 154 / 7326906
614 939 / 49783543
554 916 / 832703404
386 630 / 625963444
26 896 / 528797026
410 995 / 520566373
631 747 / 59715531
653 717 / 710060499
109 234 / 161190365
208 830 / 390064909
458 950 / 373696685
515 947 / 421652327
74 633 / 502072508
451 985 / 868974951
68 857 / 825597200
841 951 / 671273368
195 672 / 879866753
651 933 / 418441557
77 510 / 690212319
397 723 / 830923591
35 481 / 894757351
466 890 / 804341730
119 295 / 50496324
474 548 / 919803110
757 946 / 893501011
373 967 / 587479964
790 821 / 631384499
393 981 / 401832658
240 929 / 573996185
512 780 / 489240936
102 847 / 827429127
531 897 / 761259068
125 894 / 641688888
6 447 / 224888032
459 790 / 411321871
155 577 / 448318776
648 761 / 648294468
80 912 / 895691319
303 775 / 629277425
10 94 / 126400516
120 922 / 954986950
688 828 / 211169058
354 630 / 619198159
293 864 / 640306466
145 701 / 563348499
740 803 / 164148051
178 254 / 970018386
515 989 / 53929439
514 615 / 560904437
148 615 / 801619095
868 979 / 730449110
383 420 / 942045431
298 441 / 578089059
431 936 / 611675686
226 927 / 651701541
65 531 / 647073992
679 836 / 442554877
311 833 / 761808475
271 327 / 688736322
156 518 / 394295476
59 849 / 666662945
452 575 / 889768901
248 360 / 824986041
581 955 / 854408265
678 862 / 112470689
55 451 / 597097262
467 550 / 487012099
186 877 / 687269539
337 702 / 218950677
132 591 / 150027076
565 673 / 233338287
81 530 / 174364739
257 774 / 616077156
54 69 / 463830605
622 630 / 840344872
182 305 / 957286307
508 749 / 726633585
72 473 / 66530613
667 870 / 718122011
93 441 / 362234132
269 865 / 629799043
185 370 / 109354317
268 779 / 120365092
150 437 / 188788212
521 573 / 510738950
100 972 / 700077016
83 699 / 368557218
243 940 / 380892823
718 770 / 221234085
457 493 / 389664704
376 556 / 187419710
184 875 / 33734934
885 922 / 498447948
61 453 / 441891651
3 319 / 122645066
364 519 / 990703030
39 52 / 368821847
526 726 / 767645003
681 958 / 575000348
20 471 / 729363295
315 738 / 527807859
558 820 / 594774698
608 927 / 803523667
59 456 / 930299898
746 896 / 17764106
55 466 / 393352112
753 884 / 419177455
879 950 / 431145993
373 848 / 499859698
14 297 / 678095691
