1000 1000
324 807 / 841726121
379 569 / 410568438
72 152 / 283040376
384 578 / 377718507
642 920 / 435053366
305 445 / 334281778
208 326 / 854326878
165 703 / 219852509
62 657 / 312007797
88 626 / 156858474
626 751 / 233604142
250 404 / 34330311
187 691 / 900036811
306 612 / 575058096
553 871 / 755916229
611 665 / 40766253
339 755 / 545407840
363 591 / 860998676
82 981 / 613953067
106 442 / 391615101
455 779 / 698551703
36 197 / 57445039
51 512 / 448028726
427 935 / 752874534
346 555 / 850017225
460 791 / 442179022
457 913 / 653624365
170 636 / 147027578
317 579 / 231435
361 991 / 69292894
838 849 / 35168424
214 915 / 571958847
707 932 / 514532544
719 916 / 528486116
491 901 / 704086317
335 491 / 115444618
243 344 / 117438689
70 883 / 901757480
287 500 / 75636725
51 383 / 277157812
310 523 / 859886975
135 369 / 451304956
906 944 / 488657418
15 253 / 310972677
682 733 / 815976836
96 995 / 275614094
414 758 / 448207776
78 151 / 48147105
171 623 / 908533028
433 957 / 471095226
632 642 / 113389693
197 775 / 998374556
261 940 / 2538297
63 962 / 777310129
347 348 / 195662624
494 530 / 413536657
443 932 / 698156691
210 245 / 712147425
179 673 / 416195496
244 905 / 51866262
387 646 / 184201129
619 622 / 492068725
432 948 / 232147438
416 775 / 510547843
155 222 / 146901993
679 706 / 620439370
94 396 / 112701116
236 423 / 617066001
166 568 / 997532593
410 759 / 998971977
656 756 / 502774007
37 452 / 607622654
234 863 / 795031687
596 811 / 770005512
349 545 / 252014199
359 471 / 991276999
83 143 / 767775038
215 830 / 333478871
344 470 / 720118745
603 746 / 635447898
106 261 / 53858249
656 684 / 341139966
110 376 / 196234221
147 413 / 922145876
277 680 / 913939869
163 232 / 187283107
86 234 / 899649836
163 436 / 127983764
122 123 / 98280415
53 82 / 947982600
564 808 / 781691714
65 880 / 978517177
781 804 / 263207273
255 419 / 297557241
326 451 / 525082712
13 587 / 699889566
299 356 / 137808488
589 607 / 693193072
154 867 / 613913088
64 784 / 926737233
175 483 / 788625523
208 731 / 952608488
730 954 / 790978891
276 655 / 885017770
182 954 / 994487251
62 112 / 274991696
897 957 / 92426839
191 521 / 708834126
627 887 / 320106232
447 580 / 393470031
180 908 / 700934787
784 871 / 540987014
733 735 / 609895435
417 595 / 29505087
406 826 / 417279466
102 750 / 782762335
121 935 / 738524050
119 906 / 403161193
508 966 / 840202299
726 832 / 890292155
596 906 / 942202844
273 520 / 481834915
93 510 / 258276441
60 700 / 187100047
220 542 / 338866089
266 818 / 791436795
392 614 / 677661517
710 992 / 9478151
21 293 / 347307084
431 562 / 152928481
88 880 / 279648751
457 534 / 663640797
47 284 / 248250972
412 596 / 394893577
9 31 / 228206231
197 525 / 125332107
315 475 / 464054364
250 698 / 42908829
126 845 / 463722935
608 688 / 470737590
523 814 / 318597436
115 524 / 151031772
185 847 / 782149909
522 746 / 79914131
9 738 / 417160282
416 811 / 444450969
258 301 / 370725317
151 343 / 199795488
76 476 / 160123853
347 564 / 424778701
567 941 / 189958726
274 469 / 753492864
336 394 / 931227247
529 811 / 809884756
136 759 / 198673473
773 941 / 513338148
167 562 / 869743914
164 562 / 391255820
41 334 / 550757585
169 468 / 622677956
131 779 / 250744346
971 978 / 472457159
313 859 / 492635334
239 847 / 188762919
520 842 / 254035808
345 471 / 274359419
372 544 / 912097860
650 993 / 252879100
761 870 / 436587732
7 570 / 174214225
246 907 / 939867893
915 923 / 775845986
916 954 / 183363106
84 329 / 281526620
99 166 / 689259222
402 548 / 611084615
297 615 / 772931454
629 706 / 32250026
931 956 / 235571084
121 297 / 166328779
529 700 / 352477653
401 543 / 120940736
181 749 / 751190552
89 801 / 674126172
278 491 / 772452636
222 797 / 340453397
801 937 / 799206599
438 810 / 788424895
902 935 / 182478553
206 407 / 145327103
380 958 / 771856305
146 622 / 671851191
803 915 / 876290916
408 628 / 188343523
237 755 / 828680009
94 802 / 71907321
375 875 / 73090454
587 771 / 235566913
149 582 / 553149977
165 576 / 726561216
155 713 / 863783216
18 178 / 61923881
346 427 / 705363787
339 888 / 902942842
237 403 / 278124204
441 627 / 764153505
308 559 / 68891280
596 866 / 799024721
222 492 / 533736717
615 915 / 774932053
17 441 / 778719730
358 611 / 660440404
729 903 / 848225737
650 654 / 715143630
630 825 / 49792403
172 318 / 775222996
207 245 / 224644875
637 900 / 582341899
691 872 / 195463833
115 997 / 892193996
144 202 / 135035852
303 743 / 356959900
291 320 / 341103003
157 949 / 778714552
391 644 / 642531228
511 953 / 656686907
357 692 / 216005722
94 936 / 117093255
609 831 / 403527148
231 286 / 621359484
134 976 / 720864159
134 806 / 188771335
25 950 / 531998207
174 403 / 722161798
67 651 / 775841261
735 940 / 743900712
540 778 / 526826717
380 556 / 823932719
201 573 / 278582265
535 989 / 695904864
605 722 / 874761941
495 810 / 360587212
550 798 / 261447183
577 913 / 864877977
133 482 / 259487917
61 661 / 48874404
494 704 / 412918355
433 627 / 153820546
77 342 / 504501393
194 800 / 127623153
31 137 / 940205131
859 985 / 80073463
58 386 / 582832639
32 440 / 632521087
4 793 / 302662761
458 552 / 585865542
481 553 / 561211227
618 907 / 206668098
305 505 / 517242980
474 928 / 502397487
224 650 / 95674007
198 318 / 102953941
735 898 / 76249979
245 810 / 481006356
8 573 / 97864017
25 409 / 311605768
337 978 / 146807780
300 598 / 523661532
150 549 / 198402815
156 502 / 509885737
826 950 / 358488559
100 658 / 628066817
164 703 / 830415437
379 812 / 645460079
484 967 / 530352842
722 836 / 142615077
72 591 / 175558802
723 830 / 676777221
111 841 / 186631493
291 846 / 331253085
309 988 / 60637113
80 945 / 975560581
339 438 / 158648404
40 963 / 67766386
158 895 / 877078949
191 671 / 991379143
609 699 / 669525494
99 554 / 77501831
800 994 / 624854876
206 870 / 597127191
970 973 / 282738730
320 565 / 927153021
280 839 / 276699835
106 575 / 76562842
172 834 / 129506574
314 890 / 575327679
184 871 / 900010943
149 517 / 535017935
917 937 / 791369477
364 558 / 388949075
663 907 / 153628107
14 518 / 432024713
583 861 / 735058381
329 863 / 194562188
419 552 / 904952328
183 467 / 28100297
273 765 / 822052571
19 556 / 841988227
231 756 / 421970663
734 940 / 385868264
39 330 / 502656122
483 931 / 257687519
213 746 / 709239966
769 982 / 198810515
65 772 / 322186523
696 717 / 319196928
240 617 / 319636735
281 761 / 303249205
25 206 / 886351478
842 892 / 815486222
884 960 / 684918127
292 973 / 344051553
156 634 / 428761342
98 974 / 83992585
672 804 / 493072673
648 705 / 310351568
588 888 / 633539419
608 698 / 395743217
181 385 / 774752214
712 833 / 252052457
224 742 / 12982905
231 361 / 112369092
261 324 / 523038520
334 452 / 316475473
430 583 / 273519417
462 852 / 291222029
414 716 / 683916046
330 393 / 975995683
199 786 / 17017463
212 527 / 57723932
614 879 / 192897637
169 286 / 440484040
45 84 / 451880120
285 375 / 302292288
168 432 / 162980385
908 973 / 165168009
311 784 / 70525497
304 523 / 949649137
444 914 / 909039830
785 829 / 694730871
41 196 / 835450261
501 976 / 11059947
2 557 / 888965767
276 284 / 320956118
340 358 / 369938357
150 966 / 488093288
85 279 / 745520636
61 109 / 851970630
29 80 / 541231812
386 875 / 130169385
317 594 / 468497935
198 895 / 406289272
403 555 / 689715071
394 591 / 222758284
15 113 / 267361024
2 813 / 200767446
92 886 / 377779677
522 877 / 987970793
191 821 / 4612527
261 766 / 783590200
566 737 / 98663855
69 156 / 275079351
564 625 / 732915096
328 818 / 631751553
446 768 / 356819188
377 452 / 9065869
359 636 / 361950395
182 212 / 959212106
73 379 / 309274211
766 881 / 659387709
589 607 / 398781759
230 685 / 931708717
8 184 / 482121886
345 901 / 397316143
238 661 / 42443680
830 859 / 84148130
231 240 / 759232646
639 720 / 995843726
871 935 / 529672398
62 657 / 859318521
121 246 / 471625206
370 923 / 831770360
793 851 / 11753685
127 238 / 249999980
135 344 / 934833953
552 684 / 368098404
627 786 / 327947163
73 252 / 219730686
92 560 / 901505341
248 855 / 136019134
168 501 / 700450281
663 862 / 518206432
104 275 / 661338401
21 605 / 830297313
79 262 / 485631435
135 848 / 826935707
56 741 / 236138824
669 793 / 126083530
876 898 / 459489707
33 850 / 85832746
388 605 / 127455897
510 923 / 217345850
206 334 / 543305399
574 675 / 616325663
243 440 / 375291559
233 624 / 779825076
161 916 / 939784435
15 441 / 908453482
105 288 / 881315653
727 812 / 801089387
744 792 / 374733908
87 628 / 4993166
215 904 / 713676356
137 712 / 90195491
604 657 / 888236296
352 960 / 646118926
17 210 / 181414737
242 873 / 675590785
489 788 / 535028902
293 734 / 373413828
19 557 / 430333442
25 439 / 800514359
231 371 / 155444074
737 935 / 795524276
523 878 / 151587903
27 363 / 298920319
769 774 / 396543787
484 579 / 308047649
616 746 / 674894869
124 245 / 121636415
110 829 / 8929492
135 878 / 311153288
877 948 / 735961480
431 848 / 556621504
596 712 / 793135247
371 920 / 613998324
367 910 / 844089133
627 979 / 543582893
751 913 / 769233607
110 305 / 891232024
82 926 / 680230408
345 478 / 433737969
370 538 / 125806697
342 644 / 59646329
496 857 / 134003390
802 822 / 602521517
661 890 / 266814043
84 996 / 339477249
342 468 / 951232928
243 367 / 605974428
597 694 / 176932644
493 747 / 462333709
172 977 / 83281338
342 536 / 925805070
80 950 / 358361565
507 866 / 913246785
211 756 / 738989716
74 257 / 853945562
45 227 / 675566847
229 250 / 455650511
357 591 / 997682711
49 461 / 37036972
462 804 / 604856456
579 916 / 731540113
723 782 / 838809073
413 948 / 653368226
20 638 / 936408147
416 457 / 294689607
234 898 / 325489107
631 987 / 484759095
220 555 / 993867797
8 804 / 7426758
271 457 / 64227814
107 450 / 600752806
140 818 / 889409778
772 965 / 849461193
290 427 / 246463386
127 483 / 237005932
202 682 / 222363523
769 928 / 568339452
19 62 / 421910599
436 604 / 896882978
539 729 / 503054909
256 930 / 673373624
513 550 / 942980971
301 763 / 133117691
182 942 / 66493695
370 988 / 121531991
272 663 / 780332158
377 632 / 203234195
305 457 / 130729330
524 907 / 514579651
536 869 / 220894817
513 705 / 790117633
695 906 / 632450249
113 292 / 555986201
150 862 / 445012998
892 977 / 694927776
211 356 / 488072389
535 608 / 966394904
594 859 / 897637502
33 691 / 761009185
387 753 / 880613135
211 862 / 380822898
95 195 / 241153381
216 742 / 797750472
371 445 / 327920104
411 718 / 700927623
422 904 / 301492077
222 230 / 653731698
675 701 / 919142157
382 708 / 624325114
289 419 / 687437451
671 781 / 623656297
27 411 / 554653928
14 450 / 423924021
139 404 / 943433784
445 931 / 356364390
260 342 / 362879306
512 825 / 679440593
155 938 / 855902021
423 435 / 796871518
237 692 / 142163680
41 491 / 680269273
379 826 / 767387601
100 377 / 443871769
394 988 / 450463766
467 950 / 358222681
411 503 / 606020981
49 271 / 354109707
500 504 / 734822778
49 554 / 289603845
198 604 / 553520373
376 507 / 353293909
924 940 / 595507844
510 930 / 124544243
93 789 / 432019222
342 770 / 932502689
568 602 / 96357959
128 411 / 724323680
5 100 / 687030094
175 385 / 224366521
526 984 / 621467138
334 749 / 343750689
457 624 / 374145559
329 788 / 291736803
56 964 / 541661882
220 353 / 788437189
75 495 / 720411137
706 844 / 210866664
536 624 / 373612532
114 708 / 314056426
413 614 / 632843746
588 615 / 506955774
339 576 / 390686003
315 691 / 8743572
213 708 / 814571525
29 301 / 334170983
70 478 / 228169714
161 951 / 917049335
562 762 / 900506552
3 30 / 692616470
298 922 / 767124314
559 651 / 242069778
66 747 / 295279406
365 707 / 736924098
201 919 / 725336307
463 728 / 885207480
94 428 / 243393598
518 829 / 121222402
396 798 / 924638467
24 841 / 376685932
695 754 / 892759037
50 998 / 458389485
655 806 / 716457721
759 964 / 521531103
784 940 / 870005696
57 681 / 656608165
66 931 / 384071543
908 909 / 803707022
288 618 / 278812833
92 671 / 589058860
80 171 / 384223203
42 167 / 931134297
164 453 / 880455839
34 313 / 480850808
155 951 / 523163929
17 777 / 18799354
216 692 / 977709538
609 915 / 765940185
545 766 / 318509215
421 662 / 189331831
2 474 / 493823570
260 705 / 8663501
53 82 / 309096487
45 872 / 269112233
168 423 / 276337666
465 770 / 746281450
366 461 / 141703958
117 521 / 152874245
799 880 / 896064138
249 401 / 847717362
834 929 / 237555105
190 347 / 901016772
144 761 / 10356538
299 353 / 313982363
578 981 / 952149475
666 938 / 516851010
30 294 / 276899034
683 828 / 887135559
3 133 / 550988549
164 576 / 966259910
77 281 / 922855565
287 355 / 375099080
106 755 / 507562881
119 355 / 64478890
13 532 / 956202709
203 307 / 144705632
339 667 / 275616938
482 649 / 901363806
614 816 / 195435856
292 877 / 473934264
24 699 / 433179385
414 867 / 188125954
276 633 / 771723501
58 467 / 749959070
99 240 / 281221366
754 938 / 527904925
154 618 / 150285376
187 285 / 960719819
165 312 / 660147410
497 587 / 442763085
297 611 / 195561186
293 885 / 188012187
288 578 / 443312757
177 792 / 771847935
47 228 / 562633859
359 621 / 541696681
438 701 / 192631867
581 874 / 82678451
314 712 / 929785211
771 778 / 943171656
553 574 / 131318188
294 967 / 114357397
214 454 / 230750782
316 817 / 703863876
291 512 / 538620889
169 496 / 237277927
299 645 / 116489422
182 846 / 971979322
306 648 / 491356873
499 924 / 866769753
196 927 / 391897033
116 248 / 347615966
900 961 / 262563711
643 886 / 864047673
471 579 / 159255752
432 766 / 504951041
149 677 / 768449175
108 333 / 962060680
269 426 / 668316465
295 894 / 749249910
126 770 / 328658640
46 543 / 226747591
324 663 / 885975176
417 639 / 175346076
198 300 / 753378704
488 726 / 243294646
686 977 / 364425886
319 542 / 164665412
698 845 / 878739708
151 427 / 136265765
94 831 / 613312990
309 976 / 178703870
247 377 / 34329129
29 190 / 117127429
16 284 / 671449956
199 787 / 952531585
585 732 / 96434989
205 543 / 2283160
66 507 / 885100784
5 451 / 423339664
44 555 / 69901779
244 679 / 76635497
108 299 / 121070882
111 596 / 698296931
772 866 / 402389602
9 849 / 229221922
272 510 / 19579503
209 413 / 61060900
695 942 / 996686193
135 264 / 508051743
795 831 / 481630919
374 759 / 532560735
341 817 / 801710915
387 645 / 373358337
335 994 / 769027699
548 778 / 909469232
679 726 / 412642931
184 908 / 963814199
82 834 / 289558085
589 932 / 646086968
65 768 / 612339654
213 284 / 122663951
798 830 / 121574643
324 722 / 743505237
133 587 / 134509826
567 597 / 262853454
904 933 / 603571557
612 770 / 254785980
676 900 / 598371258
320 642 / 626554616
209 730 / 91285535
40 492 / 804233645
339 912 / 18500838
423 811 / 442452936
353 485 / 143220759
220 562 / 309192891
391 812 / 911919902
413 645 / 128289078
124 872 / 567605054
287 799 / 571819045
63 218 / 717526659
243 796 / 713233819
487 856 / 562157607
405 789 / 125853331
274 975 / 953577804
882 904 / 830502684
506 653 / 225205961
222 924 / 351846782
81 446 / 258255869
42 186 / 439157105
420 677 / 998042640
399 975 / 286002888
435 890 / 700722806
665 840 / 881092386
180 457 / 788679381
21 398 / 419996824
529 952 / 216025195
464 659 / 384971826
710 961 / 271616102
358 801 / 71304753
267 597 / 644140746
322 375 / 128094741
165 969 / 783229384
357 384 / 144503421
154 257 / 853908743
357 509 / 531275966
409 671 / 827671000
263 377 / 486150463
474 949 / 93734605
730 882 / 226707128
36 148 / 33885478
262 804 / 701364632
395 947 / 452777742
60 947 / 77535665
20 891 / 928082190
627 824 / 520682107
194 342 / 60918674
128 709 / 595796915
549 703 / 1036820
227 822 / 738069940
673 880 / 256403723
723 929 / 203183641
613 744 / 229052531
120 312 / 229739894
485 492 / 966759759
139 156 / 979669897
549 576 / 864952657
34 274 / 992611944
363 367 / 687093658
370 573 / 444252356
9 823 / 975701241
248 413 / 195171202
212 453 / 573310985
397 913 / 387877205
242 961 / 922268460
243 924 / 985562315
89 459 / 606992180
173 862 / 292384303
324 879 / 86580332
211 261 / 642448944
176 560 / 426522790
652 867 / 861349127
387 982 / 439087330
246 363 / 334261063
659 793 / 725655378
213 890 / 301395804
128 135 / 594783935
449 782 / 186504860
176 226 / 933154807
5 73 / 934609541
234 760 / 912723146
388 396 / 353631452
408 434 / 116233944
167 645 / 404181352
153 908 / 294542431
266 543 / 529362013
898 934 / 719023879
282 938 / 546084974
282 702 / 144425591
576 993 / 972505418
168 804 / 793787084
164 351 / 284905127
23 472 / 34566655
525 724 / 642367091
155 487 / 651308931
9 581 / 806918648
780 879 / 998852479
267 811 / 801805225
325 891 / 764948947
318 899 / 445077944
89 550 / 323011459
146 308 / 168542181
75 328 / 1786395
401 706 / 674104993
374 500 / 164695330
452 824 / 836788619
4 431 / 480429499
234 839 / 800040022
270 678 / 7298308
443 847 / 385351404
198 228 / 906880159
308 699 / 463096505
378 691 / 801048850
501 572 / 14340499
191 914 / 414005633
52 556 / 103317907
195 926 / 206043629
252 385 / 243889213
577 986 / 568263514
68 959 / 12613046
125 744 / 194193240
50 316 / 188686665
119 159 / 360829348
316 877 / 393621929
677 849 / 113685686
782 945 / 434517023
16 644 / 259233935
325 835 / 774183221
293 517 / 569372253
610 618 / 305451033
788 967 / 834075714
509 870 / 765507953
438 764 / 264360720
19 904 / 985241149
218 319 / 539347651
141 852 / 518147732
224 447 / 277397130
662 722 / 961476099
226 324 / 491602695
206 948 / 186766002
485 517 / 781553149
769 805 / 357689483
310 954 / 912357698
95 457 / 829946561
154 849 / 832274136
464 594 / 632283414
84 911 / 962444063
651 958 / 441160970
217 949 / 642209527
773 985 / 363511177
111 286 / 460553856
109 193 / 909305200
133 731 / 195782637
295 750 / 575770171
386 792 / 757499502
287 521 / 928518243
474 648 / 894181030
300 772 / 529102371
444 896 / 345723946
467 477 / 82415960
927 974 / 50694610
457 516 / 515864388
15 967 / 558856210
600 604 / 276219009
250 876 / 274191415
455 843 / 962979149
32 791 / 93527116
92 235 / 493813749
257 510 / 232967751
428 938 / 971038295
247 945 / 434465018
99 301 / 884373004
580 597 / 146865614
301 854 / 99040475
224 623 / 924411174
683 982 / 556471569
314 403 / 848880747
533 933 / 35810942
592 639 / 67807065
94 867 / 784044292
443 721 / 845673466
32 999 / 352245748
31 593 / 896559430
759 936 / 73088144
628 936 / 325461928
124 613 / 422006992
383 620 / 813498239
783 817 / 277062708
194 503 / 565872084
244 358 / 245716571
480 645 / 720847884
444 763 / 226275911
267 831 / 454923384
455 525 / 303060401
31 74 / 5470085
413 559 / 210494167
108 857 / 348838535
190 291 / 920202483
202 977 / 124846818
504 745 / 654615313
72 816 / 43488733
687 986 / 961341881
425 661 / 555614482
488 699 / 742838844
274 705 / 495422673
506 578 / 199957166
16 574 / 399620987
384 865 / 298239376
551 945 / 185944191
184 920 / 244965816
371 647 / 51849621
389 669 / 58610068
362 576 / 598123841
129 249 / 955587846
497 595 / 205628484
171 988 / 741411425
12 833 / 378164481
521 958 / 967693181
150 626 / 727277187
705 846 / 602877122
110 166 / 715468632
172 780 / 308482090
289 933 / 276506431
14 896 / 838383110
239 471 / 132303628
349 641 / 150720838
155 269 / 567282381
12 96 / 268332825
524 753 / 822772915
140 307 / 35994955
130 202 / 231393959
631 680 / 447525731
452 523 / 595957250
210 485 / 927769725
769 837 / 802470094
774 933 / 528088313
15 120 / 402714305
336 821 / 714402682
574 763 / 761607358
38 516 / 251589615
406 879 / 805671913
160 441 / 390539040
158 239 / 186448758
410 882 / 351160752
660 985 / 451160600
189 401 / 424600138
71 949 / 151595744
591 592 / 391592005
409 965 / 124842520
841 946 / 29116304
327 686 / 324055848
118 138 / 514460754
67 355 / 961878558
500 584 / 376852296
444 717 / 64443975
29 314 / 944946204
185 837 / 637284014
475 655 / 821373092
543 665 / 743371205
340 710 / 283953544
349 514 / 990146784
468 742 / 934367272
158 558 / 121748202
712 899 / 724716912
498 868 / 658081474
27 125 / 389657501
300 827 / 221312857
517 866 / 216421633
371 655 / 731872389
228 961 / 658956470
511 565 / 301477959
398 492 / 72776129
372 806 / 979950209
325 508 / 697503372
547 708 / 917086935
566 885 / 152217780
529 944 / 595997113
70 252 / 878690299
