1000 1000
635 661 - 786354696
17 448 - 636401159
358 808 - 784323864
179 918 - 967816530
737 899 - 476062497
56 829 - 384327378
710 715 - 834702624
280 780 - 603162300
178 266 - 733988264
167 228 - 416029209
509 878 - 314247737
382 588 - 65297549
181 391 - 506662567
791 846 - 219479688
245 522 - 365259111
63 79 - 349837347
499 965 - 888889256
766 998 - 785081552
558 594 - 398523570
485 767 - 521058961
278 749 - 347550256
70 687 - 775794384
41 373 - 68258729
134 413 - 187774813
296 952 - 124154911
706 710 - 183620589
769 928 - 964345610
49 454 - 101425734
148 539 - 410997138
188 434 - 67775358
70 536 - 240822923
328 505 - 387670291
361 886 - 102071711
189 384 - 801452963
210 814 - 152628903
508 988 - 78568230
94 171 - 783912122
83 495 - 480216942
18 790 - 876031346
538 583 - 555978713
168 426 - 501960330
143 905 - 248193678
358 811 - 584562442
59 704 - 287134282
622 802 - 760011141
716 931 - 599060127
461 902 - 579824867
598 701 - 368865558
621 917 - 313475766
716 861 - 722317993
28 378 - 339854652
163 632 - 652506009
577 689 - 472672508
323 371 - 322903061
204 708 - 985658680
447 652 - 415238552
269 472 - 144598694
635 860 - 786060737
620 778 - 287112573
374 419 - 369986565
61 921 - 384688322
18 760 - 970168578
166 410 - 515779840
23 932 - 703752807
41 696 - 552211828
705 798 - 625009884
49 845 - 595634698
478 922 - 738763822
433 625 - 298442636
886 907 - 445840645
263 893 - 271151236
636 931 - 970064353
305 388 - 4866995
171 447 - 478172915
542 915 - 987811693
41 179 - 503032172
15 447 - 65709856
812 857 - 383497545
256 968 - 750749345
86 615 - 603831110
23 572 - 948079625
255 285 - 28402930
2 591 - 770515842
43 824 - 431298088
60 972 - 77846594
297 438 - 457172307
467 717 - 423464994
161 225 - 669287081
231 388 - 624335335
302 401 - 204820047
148 264 - 793204303
80 481 - 521701218
197 474 - 526653842
497 958 - 401077633
687 691 - 272027764
615 935 - 621779729
797 965 - 342776433
423 988 - 406159503
314 619 - 149075161
399 617 - 71546724
403 933 - 93061163
74 835 - 856641630
76 458 - 869254486
223 634 - 803499052
511 685 - 854264496
683 819 - 753722186
395 712 - 345853955
413 810 - 833206974
614 785 - 933380831
176 736 - 106247815
448 507 - 428596787
494 724 - 7481139
379 846 - 721095325
145 589 - 699292633
432 474 - 645176162
453 949 - 98466875
289 488 - 301307535
109 655 - 697849745
653 758 - 756513227
405 516 - 275996378
361 634 - 599159639
128 247 - 824836975
509 925 - 831158105
203 666 - 14334350
22 472 - 398222596
561 932 - 396891488
888 908 - 596055731
584 680 - 642545000
692 935 - 860947261
162 481 - 351589635
98 103 - 160658638
192 474 - 18284089
34 477 - 447341356
19 906 - 185978855
239 797 - 547003705
9 471 - 583842390
164 779 - 934920722
130 992 - 53967180
520 988 - 660768746
48 678 - 750588162
508 693 - 966268282
56 918 - 503111930
670 797 - 775190343
628 956 - 302940568
313 812 - 824225777
544 968 - 673849922
516 612 - 470092421
233 394 - 991701046
600 976 - 25438361
478 732 - 208546605
209 986 - 161685552
923 951 - 873706084
223 280 - 864684242
856 977 - 824822729
14 914 - 979205581
711 794 - 474275212
799 814 - 160417133
10 985 - 842029057
132 781 - 633888057
709 753 - 736684551
581 644 - 629835845
97 451 - 617277793
127 784 - 650209210
174 697 - 978828048
739 779 - 518262386
326 900 - 84554055
231 457 - 392088536
235 970 - 988939866
472 591 - 524057024
175 202 - 280616451
619 984 - 438412107
169 678 - 945458951
221 561 - 386238716
150 667 - 746874840
61 872 - 472903473
339 593 - 1688516
110 598 - 928804951
195 984 - 851274408
250 403 - 920667634
351 690 - 692076220
228 527 - 365499796
704 997 - 842413351
195 565 - 430222460
289 342 - 332452415
114 732 - 75386078
215 819 - 18463723
473 852 - 182589576
163 298 - 824313299
182 741 - 400758514
641 848 - 606430093
264 483 - 181265358
118 198 - 103763277
618 787 - 842338158
362 521 - 688466717
443 718 - 728947215
602 942 - 339032233
597 644 - 862671817
215 743 - 862714303
491 952 - 555874026
216 526 - 153246074
35 204 - 941531152
228 795 - 379901012
251 928 - 681987609
898 943 - 176544472
322 904 - 663166675
677 747 - 542270429
315 464 - 73005463
784 817 - 140630945
167 688 - 656040005
317 969 - 73583863
192 236 - 41766287
102 136 - 704932139
504 884 - 543791929
142 824 - 228730878
648 668 - 305644919
121 399 - 942379166
83 393 - 432107689
515 815 - 119300652
563 868 - 348891650
298 407 - 199212197
48 500 - 430617516
146 407 - 306578182
494 860 - 100572165
496 635 - 265734184
935 964 - 446244995
457 626 - 986466367
250 645 - 757203492
30 731 - 530385145
490 908 - 550919953
23 689 - 423337416
242 831 - 453246487
19 483 - 957246694
495 886 - 665988863
622 903 - 328757813
493 603 - 446870345
513 760 - 548380618
538 639 - 200408446
693 962 - 42436578
341 453 - 447142157
231 449 - 662886437
956 994 - 186920146
673 696 - 661296062
716 981 - 682822612
61 840 - 114836002
349 424 - 287217180
51 967 - 385089677
317 743 - 415685868
122 467 - 637901342
246 636 - 882673276
116 464 - 992873469
645 984 - 94331492
460 612 - 53925134
252 511 - 517268381
551 597 - 522509576
72 882 - 25606503
558 951 - 570995016
365 700 - 660797700
2 23 - 509034747
52 908 - 865332724
285 787 - 614619515
655 915 - 130488304
517 636 - 254400720
365 791 - 165279413
654 772 - 700982696
304 751 - 498828837
192 799 - 300118995
642 974 - 11735958
424 669 - 677234353
217 780 - 754162020
769 871 - 422868159
42 558 - 640814828
483 960 - 163884033
377 383 - 755135419
243 620 - 926057979
338 382 - 483100831
11 34 - 611316433
67 311 - 729777813
103 849 - 211398612
151 443 - 574861278
124 600 - 804250646
370 836 - 824023292
136 410 - 945464404
557 868 - 512337180
431 759 - 382580435
247 923 - 308836185
192 259 - 239655473
305 810 - 491792809
808 819 - 820534397
339 796 - 191050379
274 298 - 12031285
315 774 - 30219666
169 303 - 970473452
58 755 - 198101115
222 704 - 119384887
30 504 - 330408479
316 667 - 836002760
123 501 - 818616076
467 732 - 733256839
682 739 - 141800473
492 517 - 985309637
572 937 - 861615835
596 804 - 741811848
299 349 - 586705971
202 733 - 708440948
93 609 - 645286211
797 965 - 846125492
123 632 - 214505583
506 731 - 595466458
671 868 - 168775088
681 792 - 148069975
78 669 - 596361466
29 61 - 944844403
153 269 - 731152546
555 979 - 839392268
438 889 - 696255194
425 809 - 96161188
328 792 - 199239761
181 847 - 207476824
238 771 - 438672326
375 413 - 335006432
342 578 - 894760914
626 724 - 217675218
416 479 - 122581962
189 533 - 850980156
118 304 - 954236125
95 626 - 348548845
112 729 - 60240198
345 376 - 271892041
229 853 - 567962432
17 398 - 786368300
564 942 - 932192984
262 437 - 966194978
176 813 - 93414798
72 497 - 671934706
145 929 - 177848062
321 478 - 993877312
56 604 - 522118550
74 578 - 720972307
214 674 - 265190408
643 737 - 204889430
147 801 - 777734963
523 882 - 914902422
619 931 - 313758020
160 906 - 993815196
600 762 - 844211581
428 553 - 381494211
110 669 - 611073341
70 875 - 596633737
408 732 - 647888177
245 707 - 916179319
143 257 - 794523247
440 837 - 511389342
95 308 - 80942985
70 676 - 960712728
541 979 - 716376289
159 489 - 168349212
134 767 - 298600792
528 748 - 38166546
74 901 - 997355608
175 746 - 485691512
512 887 - 214906219
311 345 - 952350644
660 891 - 702180379
264 893 - 316898110
75 947 - 699917985
323 990 - 699610961
277 715 - 538360756
465 577 - 671309153
148 155 - 847325854
275 615 - 770952739
47 628 - 567511005
554 843 - 260030948
39 95 - 794892113
625 719 - 63280492
107 859 - 342072878
419 737 - 914345832
690 866 - 186053654
649 902 - 176940830
33 902 - 857669426
442 975 - 716704493
284 949 - 844079196
62 529 - 124821765
63 872 - 967448627
4 913 - 59977444
625 972 - 876037035
355 500 - 307230962
233 653 - 263233632
543 818 - 853236932
2 217 - 33512518
853 998 - 554661962
472 630 - 130598746
359 601 - 228650685
169 469 - 153941235
589 989 - 808970134
11 455 - 637678318
137 351 - 538702285
183 353 - 183945495
185 501 - 687434448
428 972 - 678242082
224 613 - 709841943
116 314 - 381686107
783 829 - 696890725
155 248 - 588785482
140 893 - 98156323
593 971 - 544964514
539 899 - 978249890
166 783 - 183775905
401 884 - 925415004
598 787 - 761143313
114 846 - 801019969
12 149 - 451174373
411 719 - 537611190
618 869 - 87070377
488 559 - 718302210
192 686 - 527672900
845 871 - 133028961
766 978 - 575682364
341 508 - 345888751
93 943 - 271046236
437 482 - 903697405
22 973 - 530061836
959 991 - 239268478
71 479 - 268906203
575 872 - 90821010
485 952 - 203595638
246 536 - 231451290
287 939 - 633194219
66 805 - 881925973
839 972 - 735155249
427 429 - 949884874
328 709 - 41270733
129 416 - 853050390
609 836 - 572316010
311 599 - 719070916
131 915 - 302654743
751 988 - 863288120
270 822 - 791548010
273 748 - 253485162
383 842 - 103579706
429 938 - 163532979
393 395 - 863320929
400 541 - 219824239
261 365 - 946198835
206 612 - 422523671
384 512 - 768519486
111 231 - 362124037
26 225 - 330838318
4 824 - 898201903
216 385 - 959588449
693 779 - 475614800
447 968 - 819371709
274 939 - 71468336
711 808 - 695518143
703 990 - 177987757
64 887 - 802956618
382 957 - 804986100
821 989 - 7072601
435 771 - 450779985
23 268 - 674077564
278 507 - 985893360
601 679 - 20756245
896 996 - 979436170
204 365 - 793459860
323 728 - 1951596
41 859 - 392339917
858 930 - 263351025
678 871 - 841356911
815 948 - 677915801
784 936 - 524963403
541 883 - 874095892
495 784 - 359907893
420 485 - 482661260
20 980 - 964497719
395 759 - 329282256
438 473 - 689852718
27 101 - 834608299
536 652 - 222127262
785 821 - 736655556
262 794 - 971536351
97 405 - 486584923
68 268 - 566117355
101 101 - 28820301
20 159 - 914495342
729 958 - 98394656
254 802 - 496376125
532 601 - 417777948
75 797 - 910314752
320 966 - 212211193
642 712 - 41532591
256 275 - 565681526
207 988 - 705212606
231 311 - 554755629
157 483 - 599895666
910 937 - 984294559
450 901 - 943436527
431 904 - 37663844
107 195 - 968149011
185 628 - 723805864
381 572 - 272509135
51 957 - 68587393
452 624 - 938591108
821 999 - 674127632
91 433 - 91383726
303 659 - 451859311
32 529 - 700420211
357 805 - 878550763
596 615 - 580975672
887 919 - 830501209
58 921 - 839170941
35 83 - 126251363
68 297 - 83524436
321 954 - 420715772
11 870 - 581035219
21 678 - 332841486
546 756 - 497978353
201 429 - 255925190
283 600 - 240635941
143 356 - 520963526
243 989 - 501099518
402 403 - 556190489
249 526 - 919803427
517 747 - 170134201
330 939 - 961397024
129 663 - 17215226
743 847 - 815086293
57 912 - 812845495
818 864 - 457206809
26 692 - 173011351
127 146 - 733372202
385 431 - 72915418
434 949 - 761637033
296 969 - 823259570
216 295 - 687820347
437 985 - 282403624
338 728 - 152817620
110 964 - 86995437
176 205 - 668068373
351 368 - 380150644
93 617 - 370016895
204 975 - 679929091
370 391 - 26889311
78 114 - 162088528
204 799 - 237255773
207 556 - 677042432
480 666 - 282327969
56 738 - 520601161
556 563 - 431071205
307 928 - 876361376
61 930 - 393962737
476 935 - 343264141
117 274 - 211080009
395 522 - 844307929
778 939 - 76510057
145 412 - 26922832
527 828 - 703995080
275 677 - 890610839
382 585 - 83961893
826 926 - 954834329
247 346 - 57235563
758 940 - 29090927
352 918 - 154823796
294 806 - 614517829
128 409 - 713040162
406 514 - 925777737
602 966 - 829121578
508 528 - 383123524
633 841 - 859029361
32 567 - 690849114
208 316 - 125039059
49 377 - 274723440
89 957 - 811316212
269 623 - 540454913
261 754 - 881446888
383 422 - 113784688
545 653 - 440477227
289 969 - 994074022
195 500 - 122821065
919 996 - 794428360
581 940 - 792317014
16 696 - 442742085
406 897 - 903869101
297 839 - 344016613
350 461 - 37876771
334 443 - 908186629
75 201 - 59090955
32 237 - 111101058
501 793 - 535196541
130 510 - 228144280
532 617 - 937976293
300 869 - 979019851
57 411 - 243741800
831 947 - 991364185
644 954 - 95387673
672 805 - 378326002
336 735 - 428607426
472 503 - 8864761
399 414 - 703173357
233 757 - 649914812
63 234 - 330503334
65 736 - 850234238
114 373 - 239352566
2 816 - 762092559
35 775 - 678376288
51 863 - 302831098
359 413 - 785776393
315 888 - 632409892
835 973 - 6021476
622 983 - 399218095
45 606 - 521121752
261 696 - 999425438
341 356 - 60852005
210 283 - 679186146
212 621 - 623646281
637 976 - 10489400
5 682 - 281103752
207 761 - 900182997
194 928 - 27365085
646 692 - 836364070
18 735 - 870446886
123 813 - 171236346
651 655 - 705630270
187 776 - 91810353
585 587 - 365982278
539 707 - 673540928
261 756 - 960554045
818 924 - 785490496
376 945 - 618453815
577 896 - 647708382
137 668 - 610695726
136 396 - 661783509
591 844 - 492407146
50 898 - 211555145
202 344 - 338212262
156 375 - 921799789
277 421 - 372350572
81 783 - 248696808
886 982 - 416706840
205 840 - 927308090
71 259 - 223255389
284 725 - 644166222
189 855 - 274232536
236 495 - 398054729
576 623 - 958539348
33 907 - 158897986
129 738 - 407961845
74 516 - 944863993
421 776 - 615730929
98 981 - 79225807
84 824 - 122127077
553 835 - 97533667
157 535 - 168063119
144 422 - 441153327
661 726 - 861040719
65 752 - 830128589
548 907 - 470790629
232 764 - 989801890
45 237 - 587945073
278 438 - 403597868
615 990 - 106430265
169 577 - 855652133
205 998 - 370138501
613 716 - 144004059
468 942 - 387901943
643 723 - 335791708
855 867 - 268315280
460 715 - 165623475
603 852 - 146801577
230 746 - 23091798
111 877 - 301212905
682 988 - 934660144
260 769 - 16468607
44 377 - 643988641
367 473 - 688181547
590 912 - 156549966
9 950 - 760573688
101 672 - 241535854
664 685 - 807296182
881 977 - 234002639
533 642 - 431965013
121 798 - 191596565
107 270 - 701304954
583 849 - 10564996
633 841 - 129181813
123 633 - 302197906
723 897 - 124502455
1 79 - 117805227
404 670 - 858947440
468 839 - 668165434
847 859 - 123102017
850 876 - 671966212
77 297 - 25671563
310 598 - 750317184
315 445 - 946782113
17 325 - 977114603
217 556 - 642627068
799 872 - 207538508
219 737 - 245616130
286 615 - 506542572
532 659 - 960813146
533 998 - 944846446
132 277 - 85335078
239 462 - 769062803
207 628 - 324886685
175 626 - 38576461
258 563 - 468716327
279 745 - 466760253
797 853 - 722704856
298 410 - 721004558
482 972 - 703537475
534 753 - 945175204
24 438 - 324284429
345 880 - 174815550
249 790 - 880198534
130 847 - 795704088
496 577 - 747714635
293 493 - 326581618
766 810 - 475045930
948 967 - 809499636
135 737 - 468349696
270 747 - 849853590
95 463 - 324749600
198 448 - 67831336
729 793 - 61615006
368 820 - 236569895
190 976 - 840648874
435 576 - 74207331
122 580 - 873452035
7 828 - 801278703
751 759 - 863739880
392 622 - 961021708
336 419 - 783611236
588 906 - 656502795
391 854 - 609521488
50 332 - 499625728
496 616 - 896296176
451 529 - 174892672
106 747 - 736539506
696 876 - 976235274
24 568 - 162534357
88 674 - 464739272
253 269 - 15217273
261 562 - 869549449
503 830 - 102935390
124 406 - 603465079
35 363 - 512914883
639 656 - 106426685
271 658 - 14121576
774 823 - 637142947
524 962 - 974628156
57 167 - 904640956
154 569 - 646707709
64 155 - 135950226
4 425 - 242133934
347 750 - 109675260
210 472 - 104652561
45 469 - 872717022
472 871 - 404771272
145 321 - 598771924
101 247 - 626453668
261 564 - 557707051
292 812 - 30316385
814 860 - 66233441
259 770 - 163000520
942 989 - 569169717
305 666 - 318446050
646 767 - 591334750
279 305 - 343458485
362 469 - 773203638
66 176 - 776393545
9 868 - 272621429
717 772 - 520930061
8 839 - 793921475
559 987 - 771518607
175 207 - 8403152
428 944 - 307574728
493 986 - 665311811
671 698 - 149110100
485 748 - 317656107
128 596 - 927947391
81 776 - 441512993
476 968 - 763609689
184 274 - 215838759
6 787 - 811830421
58 97 - 335237119
442 626 - 565296013
676 711 - 250977981
349 426 - 546024181
215 276 - 52995255
653 810 - 689530366
521 668 - 718305738
508 715 - 352599951
254 321 - 901054304
223 957 - 483074891
54 780 - 445472752
525 605 - 606136888
86 863 - 233497613
57 712 - 639879652
27 476 - 928973398
212 956 - 655959560
124 911 - 951379084
137 283 - 934342166
321 534 - 88156091
244 863 - 378846975
330 385 - 752364511
539 837 - 250248378
616 958 - 383911355
664 851 - 253478757
752 867 - 856775450
640 967 - 96478580
186 371 - 138408067
342 394 - 722147937
638 710 - 547851292
630 747 - 186144175
643 689 - 434963288
322 351 - 462282632
628 746 - 578281267
666 744 - 143847537
748 996 - 949153947
32 222 - 327808565
170 880 - 74433445
158 308 - 1213032
214 720 - 860048596
167 358 - 599521770
767 933 - 454901376
730 985 - 459146374
356 466 - 260770889
348 414 - 352906038
101 416 - 705069807
246 434 - 593047995
359 910 - 857515351
404 820 - 586224495
85 443 - 2816985
48 95 - 477629981
440 700 - 136159958
546 953 - 414598001
622 819 - 470545076
326 468 - 965962379
204 915 - 557305207
75 780 - 55966675
5 992 - 673010899
770 832 - 158551619
88 790 - 769124947
146 783 - 3195345
549 581 - 608707210
142 463 - 81876999
617 703 - 365943270
241 711 - 454339313
33 778 - 961860727
352 458 - 350401313
53 97 - 815970038
693 749 - 230377846
37 821 - 870774336
72 507 - 923539683
304 859 - 35897922
459 692 - 810201044
201 336 - 187265993
697 838 - 296772208
669 874 - 807064191
250 618 - 700613108
482 816 - 300295390
18 447 - 291106255
523 631 - 163033901
71 541 - 628161608
132 675 - 655953361
86 622 - 897143296
109 747 - 420195195
58 794 - 660364618
70 525 - 199857327
201 370 - 963201923
153 732 - 828573654
162 822 - 789337130
751 825 - 151292697
557 849 - 274300838
395 708 - 932993483
387 787 - 3140134
461 744 - 752652438
417 494 - 762262144
269 400 - 793996960
588 844 - 86277105
163 358 - 657709604
312 665 - 121460648
41 784 - 935922357
549 669 - 366619809
86 809 - 912361408
598 671 - 521567439
199 381 - 77274449
226 483 - 303115003
296 715 - 414615799
886 999 - 58362187
143 548 - 193877508
92 852 - 823433137
344 923 - 567771179
336 716 - 311146607
296 594 - 455500436
74 308 - 853072614
555 810 - 786972114
417 761 - 882400220
136 602 - 131432498
99 833 - 672153419
348 606 - 921361175
160 250 - 669612476
214 437 - 890830379
59 915 - 410538628
230 437 - 615448534
709 914 - 856388888
64 140 - 317743406
465 740 - 727713201
363 618 - 603813862
97 904 - 253451002
18 284 - 583306974
282 293 - 846954284
438 946 - 43483555
411 715 - 338922169
607 654 - 519054875
211 275 - 402426949
506 868 - 185637631
344 971 - 850532313
163 488 - 853511097
249 674 - 604311318
288 497 - 203783407
596 654 - 650123965
483 882 - 806449664
671 723 - 144336442
560 755 - 900471837
522 569 - 31304838
336 657 - 695346307
891 892 - 970014114
437 572 - 209926959
524 794 - 343749949
164 800 - 976219009
600 975 - 549707173
99 736 - 149967396
302 311 - 498330482
526 855 - 860920452
298 953 - 888657807
316 461 - 717976766
403 435 - 633241188
215 699 - 440902306
735 935 - 212452004
46 440 - 946061329
281 370 - 645738661
187 282 - 908964223
523 654 - 332909693
224 322 - 251709724
424 756 - 995213082
537 599 - 725005526
535 573 - 223899962
11 394 - 259042534
108 216 - 433839757
632 927 - 180887898
278 842 - 884844799
273 739 - 716063253
294 763 - 520610803
427 672 - 811162164
316 549 - 523695156
236 705 - 976268062
52 956 - 303420766
506 834 - 478796880
482 664 - 843829888
806 856 - 699985419
49 523 - 820258572
182 749 - 538551328
211 603 - 705493421
32 886 - 283421587
39 202 - 263156848
373 863 - 437346676
454 977 - 990982844
831 942 - 494694596
735 844 - 953054997
115 318 - 656974489
134 607 - 288456072
816 820 - 784837697
375 665 - 64454786
193 530 - 791986098
198 435 - 95785069
111 513 - 786628917
408 718 - 97565320
294 920 - 832591369
636 707 - 389545503
223 446 - 774878933
253 927 - 570463438
358 852 - 886483009
366 912 - 25126048
82 585 - 441904313
100 373 - 765876164
108 199 - 96630814
698 879 - 966465601
559 650 - 752351549
1 243 - 49017665
201 594 - 52098478
490 865 - 837290846
243 499 - 209689556
252 667 - 680811625
289 687 - 256794089
218 805 - 750294402
518 723 - 728482838
123 363 - 592917476
261 854 - 545087906
57 115 - 129600613
129 681 - 819837931
