1000 1000
35 975 - 975659892
136 754 - 379405244
432 455 - 800218939
113 963 - 906442250
501 927 - 547405111
444 818 - 822951493
947 969 - 562619357
247 968 - 34577919
771 941 - 424206029
521 766 - 528716841
632 945 - 767688543
24 547 - 231165802
206 407 - 810972906
91 630 - 363104551
356 509 - 51272049
708 829 - 209964184
84 525 - 719696501
39 805 - 378455732
354 651 - 102257983
237 773 - 555050308
628 790 - 192648691
140 973 - 469343068
622 659 - 533666957
67 790 - 117379839
256 913 - 494488953
193 660 - 637140264
5 675 - 244818237
81 331 - 217578007
489 926 - 173364381
198 460 - 906970077
8 550 - 287902450
402 921 - 760872338
257 823 - 402970587
175 898 - 570548876
471 888 - 348070106
515 921 - 775459321
394 504 - 404983900
99 262 - 71785951
400 800 - 44027610
128 160 - 742595459
74 240 - 814422242
600 873 - 57252918
384 780 - 31641608
396 511 - 951407303
69 74 - 225506606
294 798 - 51918181
342 414 - 636491032
509 991 - 743024549
774 833 - 249426647
626 950 - 412477190
770 979 - 706441083
104 960 - 373727712
35 555 - 380317286
438 778 - 37774228
11 821 - 235344788
425 518 - 359508662
749 852 - 539449493
213 876 - 373147060
174 280 - 751119237
420 779 - 359730904
577 677 - 760150195
507 933 - 796703360
129 777 - 945798214
19 473 - 745325195
356 613 - 996455644
216 316 - 853058613
390 554 - 780145348
260 822 - 41862915
134 540 - 750979005
533 805 - 448309662
51 167 - 765352685
756 993 - 236009408
361 898 - 515878194
474 721 - 126896689
210 430 - 638794970
494 527 - 396333669
533 811 - 279161931
40 726 - 977683296
144 937 - 311703911
531 672 - 316614564
904 966 - 284480163
839 871 - 399750967
51 138 - 985622028
179 391 - 638416279
262 822 - 355018146
126 401 - 639201058
196 601 - 734974832
85 629 - 775802966
368 370 - 243641005
357 713 - 901270277
665 674 - 746132614
96 115 - 478548548
415 830 - 632334087
160 310 - 428646181
112 924 - 513808269
329 757 - 33940365
817 863 - 542866075
189 374 - 258080038
473 796 - 48914987
21 818 - 917195104
746 841 - 706487520
173 603 - 826241530
166 890 - 871332104
120 269 - 680171928
928 941 - 458232962
798 895 - 525832751
86 861 - 498092079
97 668 - 869605459
130 292 - 671756618
257 483 - 219593800
328 867 - 82966688
385 519 - 727120773
365 820 - 247118587
214 235 - 984521707
496 601 - 53049616
52 757 - 295844259
513 633 - 498868460
456 853 - 113922015
118 611 - 668620917
247 362 - 267054936
485 733 - 741068705
373 813 - 864090785
653 917 - 468443348
478 930 - 948876009
484 498 - 843293494
5 733 - 809882963
474 788 - 819882867
56 400 - 221053454
328 934 - 243940996
139 651 - 375646162
645 767 - 956451926
550 648 - 286565127
33 44 - 375495764
48 1000 - 692937426
619 928 - 607396998
2 710 - 767528932
87 208 - 947092904
355 801 - 299924516
672 909 - 559353359
313 418 - 915716992
101 511 - 124726007
37 67 - 222337506
537 880 - 202500696
711 812 - 520370820
134 642 - 322062653
159 421 - 535397229
313 815 - 676213901
621 693 - 565418
222 965 - 78839338
146 947 - 272705578
655 866 - 470923089
637 965 - 625127358
528 952 - 456625480
232 816 - 978381782
504 954 - 225199881
206 519 - 169874844
628 977 - 835677818
213 230 - 248687510
37 86 - 176925994
352 864 - 915258046
117 643 - 84200462
66 760 - 709708086
607 655 - 590605131
25 352 - 134345309
93 773 - 986962620
651 787 - 739046510
101 513 - 37159979
163 880 - 178916526
361 586 - 344196296
155 495 - 131521341
463 905 - 633667834
201 680 - 234575191
769 905 - 840467025
456 998 - 427342508
790 861 - 309904703
126 395 - 532601093
846 907 - 773531501
172 172 - 327370225
171 480 - 663277392
19 860 - 315869240
80 507 - 108513359
697 768 - 993637516
419 525 - 928450095
72 561 - 948315170
18 620 - 607115000
133 538 - 211515461
159 197 - 465646949
158 858 - 534534436
418 988 - 813080503
480 770 - 206141711
338 468 - 188479010
22 335 - 933303858
215 242 - 505983394
347 506 - 734534170
91 855 - 183280005
167 900 - 507558776
206 958 - 115347501
155 168 - 276719236
136 697 - 86420186
169 326 - 267128340
33 862 - 268440236
105 131 - 281125119
675 945 - 736013724
53 709 - 10670373
471 708 - 201084930
327 922 - 375273541
18 447 - 173058786
772 778 - 61182932
221 963 - 274697636
520 584 - 632272424
143 680 - 366043877
564 784 - 683702983
344 346 - 111599586
692 965 - 11420639
53 487 - 89420220
784 910 - 365377206
18 995 - 859757091
199 422 - 653718320
15 590 - 532711239
130 940 - 659704421
785 801 - 143610402
109 765 - 510936732
47 89 - 654552512
559 776 - 904361540
620 791 - 422190508
505 922 - 289979981
149 318 - 70762391
385 880 - 416515804
484 697 - 131042203
55 231 - 163399131
709 986 - 620104317
769 838 - 610538293
187 222 - 431717190
160 434 - 550491329
356 460 - 164199926
639 787 - 225853859
14 255 - 207096941
78 747 - 693183793
235 290 - 800218283
100 275 - 571263268
286 743 - 506722127
222 868 - 926382378
253 575 - 845828048
274 530 - 194874096
227 609 - 318643857
299 660 - 674872128
112 991 - 136518605
145 471 - 435910802
216 347 - 574015019
695 970 - 947980454
40 86 - 258985147
93 581 - 582517342
224 724 - 421871582
96 912 - 196665068
399 750 - 429515657
367 487 - 652037433
403 465 - 214812634
536 662 - 540777570
614 990 - 262372714
90 729 - 806163555
134 889 - 585202829
719 995 - 55833607
741 931 - 486961408
67 90 - 133294909
63 826 - 636696455
466 746 - 431025553
109 376 - 740984429
34 249 - 617348574
111 935 - 938012315
177 223 - 191166529
149 818 - 184123277
76 852 - 910272106
33 704 - 279307248
540 975 - 644802008
61 154 - 759707748
155 953 - 597833622
303 322 - 792249172
332 988 - 389041118
217 844 - 558422259
781 991 - 80780895
283 864 - 594187302
266 856 - 218570678
252 899 - 444371055
712 815 - 269947885
490 679 - 962286638
352 884 - 924857962
423 606 - 183526190
42 740 - 911660598
661 741 - 422550798
257 352 - 840486330
778 966 - 670310928
319 616 - 370167111
273 756 - 557837201
266 577 - 997966867
140 226 - 440732051
296 665 - 894782474
203 679 - 388578870
569 897 - 602083231
223 283 - 216055576
96 657 - 458315631
119 900 - 450412182
186 285 - 872023481
680 885 - 533067614
318 964 - 837745794
214 958 - 991679419
316 415 - 247281920
664 931 - 447263505
793 983 - 148528605
333 431 - 708269612
485 820 - 986584320
55 456 - 763350800
270 513 - 391497435
235 820 - 557695849
611 914 - 628342550
264 866 - 72262967
2 705 - 578885260
351 611 - 606749530
480 802 - 483859110
499 764 - 608945006
395 842 - 489680360
207 907 - 607601430
431 603 - 25545278
521 799 - 592217860
26 991 - 8703489
132 573 - 360989986
112 430 - 926589788
661 697 - 685525360
573 580 - 920661589
36 558 - 47876950
199 994 - 60216507
86 91 - 261736616
62 711 - 698883538
307 743 - 466328862
404 662 - 414934693
32 40 - 125372910
186 924 - 333284475
232 709 - 217277916
855 867 - 21768005
946 969 - 236593022
773 951 - 886119901
445 767 - 89406616
340 352 - 641575258
341 910 - 391790611
651 789 - 180842604
232 452 - 201176732
717 872 - 914632498
83 262 - 618541879
741 755 - 836856264
124 780 - 886700983
270 729 - 794785684
339 694 - 207284638
597 609 - 346504784
65 539 - 207357350
249 591 - 656362351
295 830 - 31200242
481 846 - 384722293
405 961 - 892116792
209 570 - 770349267
406 509 - 616605008
50 228 - 94802918
406 636 - 118085188
245 332 - 897536144
290 678 - 217327121
126 625 - 537604311
639 817 - 373311768
463 795 - 568036237
470 478 - 415657507
367 943 - 266623392
201 560 - 970660866
32 829 - 670274026
431 928 - 684549240
794 867 - 373241647
305 511 - 510097678
61 112 - 104763681
417 706 - 307918830
540 819 - 975291953
250 782 - 471818753
188 572 - 733173263
113 344 - 638740882
642 965 - 481015252
23 568 - 568758281
57 504 - 332841905
701 719 - 732828552
300 676 - 544480316
65 851 - 723765067
111 966 - 290485142
284 482 - 40545913
44 835 - 398485029
31 577 - 440561461
53 955 - 532526431
359 663 - 215932926
121 693 - 829071881
267 285 - 903998101
140 743 - 654808294
184 273 - 291677346
658 867 - 737186290
73 774 - 162123845
194 779 - 525264672
436 451 - 504601615
128 545 - 393069489
161 543 - 329192980
291 812 - 809721893
243 659 - 53428196
277 706 - 955031754
246 694 - 730308212
278 480 - 625503962
450 854 - 914031486
871 983 - 687261325
451 496 - 825891383
108 146 - 257935837
300 713 - 857849059
38 301 - 171827029
861 1000 - 825446067
273 429 - 227821112
43 238 - 12370622
164 680 - 26491858
93 253 - 955083891
389 653 - 550074086
204 836 - 887648047
174 236 - 705040063
147 296 - 615396663
821 861 - 460502653
622 808 - 184935862
385 887 - 835828773
805 854 - 796197606
124 333 - 593224322
317 376 - 765095384
315 927 - 858194014
250 510 - 993604649
595 893 - 373376656
457 955 - 144133455
65 436 - 749397254
217 351 - 530742527
212 810 - 864148970
116 905 - 697984870
200 283 - 784194835
156 835 - 480991493
455 709 - 217970936
158 639 - 36815231
86 592 - 717842719
485 503 - 431816572
380 708 - 716956676
471 713 - 459845050
444 972 - 144596839
14 592 - 894544654
485 520 - 176299189
155 971 - 361036266
21 645 - 930594915
22 616 - 443997775
419 765 - 5356495
584 819 - 688494151
741 835 - 450653132
226 533 - 168110057
5 652 - 727769526
410 756 - 335176101
269 620 - 295379426
342 411 - 68282879
189 696 - 910187940
241 550 - 868419131
809 987 - 9158511
283 643 - 743443857
115 883 - 704301362
414 967 - 330054949
437 532 - 134048144
310 652 - 250109098
172 494 - 670630111
77 823 - 714744869
688 699 - 646984784
221 275 - 415732546
210 989 - 974006040
338 751 - 774754842
813 816 - 581581405
76 85 - 637568334
6 785 - 829597612
773 864 - 627856430
81 922 - 227851425
797 839 - 761779994
63 999 - 157730028
556 932 - 113330312
256 592 - 537048611
503 644 - 587381543
266 691 - 357349461
466 843 - 106433584
764 876 - 787655518
407 687 - 327377963
97 368 - 673153087
450 956 - 90090738
343 568 - 727610079
492 570 - 714415703
841 959 - 588639078
505 713 - 899108836
87 613 - 326942869
638 891 - 969405396
792 878 - 399145106
553 566 - 339244015
506 761 - 400643058
30 984 - 100105324
527 949 - 821436207
432 643 - 539782595
273 927 - 11153793
145 651 - 692173133
131 790 - 807664378
127 351 - 22691601
533 659 - 172234595
79 339 - 110457590
318 844 - 981378543
183 220 - 615358335
551 813 - 168565120
121 970 - 83703942
361 935 - 386307668
588 868 - 599123079
617 641 - 172833644
464 900 - 237796313
844 942 - 592246316
381 475 - 835799625
167 771 - 826089400
507 525 - 250458925
247 395 - 10438788
232 540 - 238774428
357 678 - 300387858
713 769 - 2181868
736 911 - 747107689
123 433 - 425521056
157 588 - 880434265
469 674 - 272078741
27 603 - 702563451
183 319 - 202270557
148 929 - 308053837
73 966 - 663788430
223 671 - 669083501
252 756 - 151292159
537 862 - 591904854
572 926 - 855105840
797 931 - 400911316
175 950 - 893500440
275 866 - 348129248
430 683 - 350218659
451 684 - 57039942
154 553 - 749876566
518 547 - 283946505
600 875 - 660501213
253 970 - 913466343
932 978 - 166096162
145 333 - 863249569
956 977 - 666353965
629 808 - 625986554
963 998 - 384669512
414 914 - 78730755
249 571 - 245206380
524 662 - 76652148
214 908 - 266563723
136 948 - 571877021
103 174 - 901838075
546 889 - 662422460
200 505 - 116132710
104 849 - 536694326
480 603 - 636028750
238 974 - 481605361
148 239 - 718120539
594 758 - 332219375
550 725 - 497102892
431 561 - 573282980
354 620 - 192315506
257 634 - 321609039
309 519 - 85331745
832 874 - 870510332
22 907 - 206083488
521 838 - 751765645
14 519 - 139532696
524 841 - 21524127
165 260 - 10804901
546 706 - 285082427
133 385 - 832008609
229 983 - 942333661
857 923 - 694783937
200 760 - 121247842
122 898 - 58253870
369 374 - 108703582
812 923 - 417815384
23 993 - 445615457
148 269 - 991767053
12 109 - 915981213
45 113 - 889251481
182 919 - 692127182
337 629 - 377263434
676 756 - 888254350
296 783 - 74519551
244 604 - 974899796
359 411 - 151213797
227 827 - 349727193
18 385 - 6940025
86 875 - 269653852
262 894 - 363809391
91 346 - 445853112
150 592 - 211555086
38 433 - 999553894
285 863 - 429982631
270 666 - 882707649
314 552 - 450124704
603 657 - 188571709
677 931 - 728902592
349 497 - 849054909
105 451 - 180103402
750 814 - 76429074
22 277 - 828315729
280 504 - 662712524
189 286 - 799501781
109 515 - 58826500
421 466 - 96982095
58 998 - 447445233
201 271 - 262533857
636 896 - 229641786
251 356 - 386069222
124 155 - 420646907
498 755 - 253693932
773 806 - 826769921
234 627 - 841934926
189 953 - 813812021
360 811 - 427674139
246 271 - 161111162
594 989 - 904910763
431 853 - 546768011
362 828 - 583156409
372 419 - 411209498
123 445 - 878835210
109 559 - 840629152
307 492 - 517794743
561 643 - 96829400
730 772 - 816235265
234 563 - 916537738
172 676 - 412449164
553 635 - 681010580
268 489 - 274758466
908 995 - 318374775
98 166 - 87446158
39 944 - 893304987
652 817 - 343293416
221 910 - 924893228
270 933 - 610658351
317 532 - 485462888
133 172 - 162413290
245 413 - 124150447
296 583 - 661517657
25 673 - 890102397
564 678 - 209551539
678 893 - 393567459
845 886 - 117534184
227 534 - 827297327
673 695 - 337445024
231 597 - 970891193
303 592 - 955074998
486 750 - 257999792
199 939 - 293778225
380 917 - 148000501
169 339 - 399636831
65 903 - 38062778
231 458 - 425997624
80 482 - 910820639
687 898 - 59382978
1 108 - 684081584
46 378 - 257023106
645 843 - 455282696
108 415 - 356953892
300 739 - 996076404
511 963 - 344567948
372 684 - 118945560
248 490 - 764346105
201 631 - 505543435
39 859 - 681776993
240 420 - 853904685
611 875 - 534070831
79 865 - 715625854
366 541 - 726433448
194 485 - 409717136
238 829 - 457996522
334 920 - 378551770
242 538 - 846715717
405 435 - 574736849
83 311 - 651094955
717 992 - 844187060
71 342 - 815335985
13 137 - 759649658
560 863 - 65916671
149 441 - 493742080
625 982 - 393694625
124 824 - 817204605
138 440 - 588118102
349 766 - 631403278
454 778 - 106134946
507 774 - 156719165
31 171 - 41360209
113 783 - 437032911
6 16 - 236353826
60 929 - 647984805
374 699 - 357138030
565 733 - 995672551
446 597 - 309429622
309 852 - 744469065
37 919 - 471248585
58 390 - 704997634
261 331 - 533124885
107 738 - 285075076
321 974 - 363368454
388 965 - 601658318
125 311 - 725615393
469 834 - 761803440
311 777 - 771864459
31 975 - 650351967
321 853 - 346605180
73 806 - 808522847
110 282 - 757683959
346 680 - 555316456
160 921 - 135875199
564 854 - 154076082
467 861 - 939999008
292 465 - 344289388
143 554 - 555948188
395 918 - 437119810
492 702 - 510539746
185 789 - 527948984
156 883 - 606233395
88 379 - 154937246
9 115 - 49759873
32 968 - 993083606
466 945 - 877566795
503 687 - 587165769
125 705 - 656269738
329 760 - 522676271
306 307 - 645549454
232 648 - 708516387
264 740 - 175016594
303 962 - 91256792
48 738 - 134195724
275 470 - 859926136
58 90 - 387553385
166 175 - 111088101
128 219 - 697141694
199 416 - 484873432
216 407 - 552307805
279 412 - 783853737
46 66 - 361073450
121 573 - 758421975
163 938 - 638517501
113 513 - 400246626
295 575 - 518216328
192 833 - 925751442
570 805 - 990822550
938 982 - 787280
553 690 - 792910585
106 835 - 482351050
168 190 - 758467524
957 982 - 73079975
192 641 - 94901296
298 807 - 901211278
175 342 - 675612963
44 619 - 757974127
328 967 - 560425396
522 599 - 295382321
81 114 - 668912355
436 963 - 522149749
662 904 - 353027979
98 580 - 767271679
695 996 - 336680257
287 289 - 585803691
363 675 - 365863628
45 183 - 724391329
219 798 - 742547466
79 521 - 60952463
547 601 - 127186538
134 395 - 941130756
423 519 - 740107161
393 721 - 665088154
152 157 - 765896392
513 961 - 107685868
170 705 - 163643245
646 822 - 504887897
143 868 - 792738684
92 762 - 491598765
356 776 - 374019426
750 926 - 954378146
4 855 - 813552418
489 528 - 845020986
308 777 - 112060876
270 898 - 780427951
450 496 - 123787311
358 608 - 803627466
494 749 - 400655887
429 653 - 5675462
302 367 - 260007499
324 735 - 595603994
37 893 - 107630535
76 154 - 366455622
229 818 - 284984055
754 955 - 291419236
6 485 - 406655423
451 744 - 720574466
158 872 - 730044959
530 781 - 846318075
36 62 - 696669965
400 653 - 212464709
133 892 - 806038784
113 147 - 312805043
233 801 - 527211205
20 342 - 359357329
184 671 - 878978424
647 679 - 697966767
298 976 - 684010555
107 604 - 339938066
770 970 - 366651938
57 735 - 989878534
849 964 - 753086079
209 467 - 145156556
227 524 - 470275341
81 647 - 643127268
370 388 - 223703304
668 705 - 755454460
397 957 - 158576856
586 963 - 188867027
234 251 - 417927322
279 538 - 81553008
415 645 - 953923170
89 716 - 11155228
344 396 - 449255005
75 999 - 201543166
689 730 - 338179466
258 277 - 831576536
584 968 - 154767861
66 826 - 788964812
247 624 - 721160586
497 513 - 546684482
325 551 - 434735814
727 955 - 137962810
563 828 - 142996990
443 824 - 905497806
31 360 - 708750949
567 596 - 682040118
122 570 - 766858612
829 879 - 474661125
795 886 - 206138003
228 818 - 235812151
450 639 - 881185305
294 915 - 19055914
460 819 - 29160371
524 633 - 56347789
270 603 - 1580112
28 364 - 479942362
634 739 - 590323200
263 501 - 106444040
120 305 - 620259478
319 500 - 772966886
836 960 - 198454760
578 806 - 524062647
519 847 - 991160055
119 435 - 234031846
327 844 - 965289396
628 635 - 928715999
203 721 - 141569185
421 502 - 853024680
321 327 - 966217347
331 389 - 678343432
727 896 - 830784903
109 283 - 383472729
469 927 - 2735204
341 755 - 870917985
128 227 - 825338880
358 474 - 590082807
651 744 - 50649416
387 712 - 979540948
92 254 - 173188515
7 7 - 895393399
65 491 - 874538967
514 621 - 641039339
233 347 - 949163621
25 306 - 225889284
93 351 - 387711633
54 365 - 976593087
669 676 - 53430542
160 553 - 460620483
139 666 - 910673869
225 684 - 605969198
448 466 - 891470395
257 384 - 809979392
323 378 - 821380552
805 843 - 473870537
772 803 - 224373059
192 330 - 268551905
8 630 - 356758436
225 956 - 199748598
61 913 - 537408433
45 145 - 846868682
696 781 - 822224693
156 368 - 621876969
483 805 - 959135614
450 724 - 683192922
286 800 - 315521149
819 904 - 994719274
212 890 - 656686462
478 601 - 645909303
292 729 - 23605076
834 857 - 737629653
219 909 - 339580809
83 935 - 841484328
266 743 - 120516792
628 926 - 981279738
387 899 - 313488013
279 380 - 39499402
31 807 - 717008172
477 545 - 138672255
371 802 - 63551216
633 988 - 972744912
441 674 - 690784269
257 895 - 274980513
42 162 - 225682072
239 388 - 610834702
699 824 - 42948141
502 937 - 927340025
138 689 - 109097292
375 882 - 496332152
680 726 - 725548540
337 751 - 569028607
153 405 - 327676383
185 541 - 206974301
262 732 - 481897925
155 621 - 230183180
248 948 - 96041035
352 650 - 735978457
133 805 - 457581181
609 954 - 677076753
797 926 - 197186058
193 411 - 463026199
166 692 - 958274093
778 943 - 907528494
373 607 - 44104063
388 666 - 85528811
590 984 - 344656640
259 672 - 673640931
159 399 - 244513513
164 360 - 978508574
257 738 - 543817694
116 203 - 428295050
132 856 - 464977136
498 1000 - 737342870
584 606 - 893245195
526 590 - 477186265
72 254 - 686590538
313 938 - 73572672
417 800 - 744850445
314 584 - 411968883
290 584 - 449818914
413 934 - 52942217
674 674 - 90907878
382 917 - 887272997
483 574 - 490637699
48 918 - 361306548
639 655 - 171530345
320 881 - 741493461
244 440 - 905355618
153 362 - 93039783
74 961 - 725069536
31 562 - 421806719
151 380 - 53076865
111 602 - 504395684
98 487 - 651471
305 480 - 916533947
201 212 - 938953024
813 991 - 6733521
406 425 - 219967229
342 837 - 286875619
867 993 - 881919518
532 889 - 937484079
72 512 - 297678747
594 615 - 154499957
181 489 - 878171166
379 394 - 609541457
366 551 - 836155062
284 404 - 553806840
465 650 - 33087207
19 180 - 608944204
136 305 - 810941005
941 950 - 775512239
51 575 - 608488827
840 979 - 551992538
130 168 - 429158656
530 644 - 781288962
840 944 - 435585245
152 616 - 652175970
75 968 - 927178334
634 770 - 460087713
203 715 - 764615322
886 939 - 259195816
203 893 - 807157098
235 267 - 401468409
509 837 - 128261572
796 985 - 502777268
187 721 - 400233146
190 481 - 764879875
134 852 - 651911162
267 274 - 511563839
921 964 - 569366281
591 953 - 246035267
