1000 1000
151 788 / 261229906
277 611 / 31054483
698 782 / 700325495
275 302 / 544423558
403 824 / 377914962
441 640 / 389213475
468 649 / 934068287
712 796 / 398504647
11 102 / 286569353
35 750 / 9422454
327 352 / 621433307
750 908 / 929807219
262 911 / 691531235
303 525 / 807504838
571 750 / 316756397
251 855 / 189326278
610 687 / 363181413
374 431 / 904464943
115 442 / 798612350
417 621 / 301767157
67 393 / 744954649
145 232 / 614051632
38 643 / 64028148
89 694 / 898440792
87 979 / 584176903
485 749 / 282002060
3 497 / 704097362
153 462 / 211715982
147 240 / 480652936
85 460 / 331808735
763 783 / 269144060
534 753 / 47224462
22 525 / 942650480
395 515 / 803069584
369 507 / 555088570
183 238 / 522050577
477 707 / 69341593
117 177 / 188155957
643 669 / 822011023
88 715 / 937845210
41 531 / 619778103
137 831 / 930864376
199 616 / 127277953
742 806 / 596996079
447 533 / 127927153
135 871 / 856206420
386 460 / 650894021
413 457 / 14027466
421 731 / 979918554
741 892 / 553500704
155 750 / 961984779
193 452 / 562617703
398 807 / 773545203
748 832 / 579477207
253 456 / 974563807
696 727 / 393541496
557 997 / 9272926
298 801 / 81501401
484 780 / 171944245
284 580 / 322724484
374 497 / 48666354
338 440 / 907517996
377 788 / 779808682
465 986 / 221613326
387 691 / 556655399
426 606 / 478977220
407 881 / 636150836
674 838 / 127034198
790 882 / 541310966
617 938 / 703833831
138 263 / 63862265
7 899 / 304835423
278 710 / 641460201
828 847 / 56342580
408 631 / 75131358
297 338 / 716095653
296 810 / 673404168
428 430 / 248705212
163 719 / 948249290
112 514 / 722783965
551 827 / 740253818
679 968 / 255505181
154 453 / 258535560
403 796 / 434865314
884 991 / 779899468
29 50 / 91582055
304 382 / 627853121
238 873 / 959812511
675 760 / 161393699
538 991 / 822163266
464 908 / 212000621
395 886 / 966196381
247 862 / 68175346
492 786 / 837706984
293 544 / 376293907
157 827 / 753144887
395 879 / 914898355
138 869 / 260636359
88 976 / 867723155
61 400 / 856466157
55 795 / 513818439
190 686 / 76826406
27 683 / 882127562
787 903 / 947085712
738 906 / 672066454
470 752 / 205492508
112 846 / 164169487
410 940 / 915485872
489 515 / 928472412
9 453 / 694689779
477 884 / 328895081
366 984 / 236027563
282 458 / 193862236
206 710 / 586286252
230 514 / 854566552
401 634 / 594292406
3 515 / 61200104
397 766 / 525230865
308 840 / 403252011
926 956 / 597114676
564 965 / 748879250
350 583 / 889960678
387 876 / 85616393
47 431 / 791989414
98 220 / 290354641
344 932 / 413479263
747 855 / 374314705
99 655 / 223225879
484 876 / 140204825
571 810 / 262603196
23 497 / 930178820
647 964 / 509854354
92 554 / 904247380
828 888 / 1340707
578 749 / 657772590
399 774 / 539243227
667 914 / 834062261
24 533 / 577244268
18 162 / 482813488
135 263 / 373956430
38 881 / 727101197
117 173 / 669514900
351 733 / 308974565
487 536 / 486595456
574 774 / 320023820
605 820 / 451318794
799 908 / 787848951
817 929 / 622040060
641 656 / 38819911
12 249 / 620598443
253 745 / 527107209
542 965 / 370510942
162 652 / 903096019
230 531 / 117773927
382 445 / 503675086
622 986 / 926254020
539 955 / 28224009
635 817 / 526827427
192 457 / 484016348
263 626 / 286126450
588 671 / 504404878
37 363 / 166189770
207 554 / 295626829
732 973 / 194428729
981 998 / 996545587
516 570 / 936731063
133 263 / 534930270
2 938 / 919608950
304 780 / 216487975
112 766 / 795438131
55 682 / 288767197
384 993 / 934886663
80 337 / 691127972
157 654 / 492405472
99 326 / 841975913
203 672 / 973229325
52 984 / 925289169
331 837 / 4221372
643 738 / 165028537
106 843 / 699516144
17 765 / 583179541
297 410 / 418348003
48 587 / 701931489
308 982 / 432638795
163 528 / 234392037
240 468 / 786298533
191 529 / 703846303
146 476 / 36523524
688 912 / 622907666
510 589 / 361064681
129 843 / 125043150
31 272 / 451112834
110 608 / 779410588
836 859 / 658563650
14 51 / 490678186
442 730 / 637454187
374 669 / 798618155
266 641 / 444273433
336 440 / 126036319
280 810 / 698995301
630 749 / 149439509
165 568 / 729137261
263 614 / 701238522
526 665 / 436672233
438 711 / 925316960
150 590 / 740209875
696 883 / 318832978
566 983 / 298010416
501 706 / 953840861
258 669 / 457444740
93 335 / 317502035
174 455 / 571839457
75 996 / 672233923
107 431 / 337177216
32 468 / 356945568
692 902 / 70765962
217 274 / 611936703
367 498 / 155370836
342 582 / 132129226
221 429 / 221208577
540 664 / 64633328
41 608 / 680196962
390 822 / 675251600
110 502 / 504726081
17 321 / 508440977
317 374 / 191989212
37 840 / 995589721
85 386 / 138763816
202 542 / 110444564
324 895 / 605256609
592 778 / 447832260
103 432 / 313923213
335 757 / 181457665
257 993 / 828448853
471 648 / 907239802
586 711 / 399104121
547 768 / 860693161
71 779 / 141232890
244 962 / 588343593
103 764 / 297202566
306 535 / 554207684
764 915 / 559282513
777 850 / 214239200
78 987 / 505213403
497 847 / 490480363
827 988 / 608565252
176 554 / 463409227
456 731 / 633458688
48 219 / 624304709
279 619 / 919922898
348 680 / 758595587
332 796 / 797968016
175 918 / 939389700
722 767 / 995030760
104 548 / 983105983
334 539 / 92425400
378 817 / 328300571
231 367 / 731645379
291 581 / 806956273
356 603 / 345862530
153 333 / 243150306
428 606 / 438157783
102 970 / 375351159
420 956 / 793929078
33 600 / 796039185
491 686 / 159911107
7 623 / 434693538
699 778 / 508192742
219 798 / 116982848
891 921 / 184895844
163 427 / 549955641
448 943 / 725418367
768 906 / 975687859
20 921 / 495331010
636 678 / 513323933
618 772 / 195169356
685 873 / 859526276
279 322 / 266009079
559 904 / 96811199
32 925 / 597736604
239 245 / 479049566
277 643 / 841907859
249 960 / 393949510
136 745 / 216916905
20 83 / 852637036
726 765 / 954451436
176 733 / 464131167
541 709 / 112265445
641 660 / 310194835
317 738 / 243336313
340 823 / 521919301
134 941 / 692984477
418 575 / 886489693
638 698 / 165388715
76 476 / 713796584
316 955 / 504514199
203 308 / 719180065
500 607 / 141146927
125 287 / 676053016
406 949 / 631967740
333 512 / 341965574
169 946 / 825936477
251 731 / 944216895
4 318 / 988727428
405 605 / 495279743
33 716 / 834810474
45 585 / 440326647
112 454 / 168932993
184 772 / 43659855
441 645 / 3335174
8 904 / 264121418
168 866 / 271617302
674 758 / 356991530
579 983 / 618262336
646 807 / 969015410
451 477 / 299279237
446 871 / 689618573
363 948 / 823345213
564 886 / 94285439
287 356 / 446801122
570 997 / 403270126
29 523 / 201120932
298 949 / 657944167
327 866 / 976032937
849 955 / 57400420
164 654 / 595235654
409 639 / 245820978
348 884 / 638163889
73 811 / 993854411
106 853 / 747216576
129 808 / 578195934
965 985 / 126193821
22 221 / 260274336
176 891 / 289721281
148 342 / 361462647
808 949 / 143443137
504 513 / 225562639
72 927 / 233621373
210 221 / 368096413
414 603 / 10169970
554 913 / 957935083
812 969 / 435647852
213 925 / 354347321
154 663 / 749452038
450 587 / 59997959
287 391 / 333432846
110 429 / 917530826
264 908 / 971859358
262 507 / 403529243
519 841 / 146187276
236 934 / 311393182
143 303 / 240023068
764 859 / 594842811
137 332 / 8440640
98 766 / 655664445
245 984 / 746965972
86 108 / 767475368
288 419 / 868488841
172 598 / 972664818
745 829 / 417561387
382 916 / 927395681
66 976 / 516392456
59 341 / 851663318
622 697 / 120438021
19 620 / 431699272
534 947 / 676500598
449 971 / 730034944
659 920 / 283869185
84 551 / 548013160
306 511 / 822657354
62 766 / 703667915
245 930 / 106627302
476 826 / 777284285
463 677 / 710174713
29 902 / 684578013
389 999 / 59279670
464 922 / 453289539
244 387 / 513243439
338 922 / 83331656
157 816 / 37803306
660 748 / 796813634
599 892 / 776739680
583 766 / 643290959
539 798 / 942475848
209 790 / 6970853
381 982 / 138413260
574 990 / 4646114
219 888 / 888690036
306 467 / 955595598
62 848 / 992737222
153 805 / 205408837
205 627 / 714347306
239 595 / 358036195
575 661 / 873632966
914 1000 / 183667446
619 650 / 559441020
580 612 / 234756329
561 709 / 282645408
782 818 / 915531719
806 897 / 708254677
540 595 / 998435271
264 973 / 296416928
47 909 / 614984128
615 639 / 866564880
390 785 / 984094527
396 945 / 107599724
201 578 / 634329488
937 943 / 643628186
151 569 / 832371252
106 799 / 300863178
520 970 / 399556473
579 681 / 319770217
668 724 / 532915805
103 672 / 864808799
793 855 / 567924394
618 958 / 9037925
579 765 / 657655480
178 783 / 703553821
686 723 / 633384380
15 380 / 936671115
633 710 / 606520187
307 749 / 349719368
671 900 / 548633872
626 924 / 327690390
44 457 / 713764579
150 400 / 45510548
353 624 / 656856842
90 240 / 91846196
424 939 / 533957545
354 986 / 811762576
368 772 / 850391997
95 464 / 21758391
92 368 / 47254863
165 797 / 808885518
621 873 / 248257624
413 957 / 711552211
361 932 / 5177204
783 852 / 879481559
190 831 / 654131657
34 112 / 135536865
82 779 / 755222073
121 352 / 343834495
161 691 / 515227746
737 977 / 358340860
880 993 / 93377032
399 950 / 916820857
415 663 / 820981856
896 905 / 366040011
351 662 / 250942699
232 985 / 486701551
157 335 / 457617311
417 726 / 134815657
111 810 / 437954009
728 957 / 759941212
406 624 / 396656682
438 736 / 180725057
155 221 / 734138063
107 959 / 655645721
578 928 / 143228728
425 643 / 340833374
31 852 / 247017403
462 548 / 464318570
441 480 / 81352019
253 999 / 638777398
361 561 / 468618752
98 736 / 868866534
249 631 / 572022530
286 689 / 527655409
775 877 / 907452760
570 641 / 629552417
348 743 / 181423862
326 564 / 972403123
495 601 / 483984611
353 737 / 854746592
454 939 / 312952598
287 767 / 732259597
573 698 / 87366215
110 790 / 704117772
169 341 / 550299088
474 988 / 605081328
439 700 / 605752410
135 172 / 993850929
28 558 / 388805978
89 745 / 314055448
339 929 / 393690738
518 600 / 811757039
428 851 / 626455524
497 688 / 885424726
56 566 / 548149320
72 209 / 671769344
245 634 / 111735318
142 689 / 289778239
511 957 / 580071263
59 62 / 422808401
331 973 / 461493248
330 330 / 864580373
126 536 / 734845363
564 737 / 273987360
103 347 / 927782562
531 828 / 386362068
75 166 / 349043626
128 751 / 291217722
536 618 / 197336113
273 688 / 526404753
364 711 / 312257547
206 523 / 753779901
300 555 / 952517860
255 946 / 536970341
125 611 / 681530004
953 960 / 182836956
260 320 / 421403776
262 685 / 98631049
154 261 / 513742873
257 697 / 176567203
169 201 / 655908221
164 648 / 156871181
672 841 / 286383345
309 712 / 405833179
254 975 / 56168891
305 941 / 709038769
26 355 / 811420365
300 312 / 981895293
442 938 / 273555919
582 818 / 901150945
188 359 / 957648054
13 698 / 636251785
26 90 / 287184499
204 459 / 211345945
798 847 / 386530914
28 927 / 699764869
390 491 / 4099194
281 383 / 305094007
12 347 / 186907770
795 842 / 511442223
555 945 / 594149135
534 723 / 391640413
72 438 / 877201413
727 913 / 30333804
389 437 / 208836087
342 378 / 779642418
554 896 / 447128787
110 792 / 470647985
325 544 / 428702582
188 873 / 837135083
477 513 / 717846914
448 709 / 320816473
372 490 / 74425618
310 585 / 788062429
746 976 / 788212673
51 108 / 771638012
469 581 / 942789140
523 564 / 633043971
174 981 / 644003836
145 256 / 396539965
400 843 / 202422981
155 735 / 807968821
204 974 / 120816427
117 236 / 703178781
353 981 / 616366033
222 640 / 962480688
243 992 / 715420978
88 691 / 466917607
440 898 / 469101882
90 312 / 245713493
429 786 / 463114930
926 995 / 769210274
16 622 / 558123863
580 943 / 493418143
360 622 / 431517227
188 761 / 237947009
556 556 / 38488030
22 401 / 814501450
394 994 / 411303384
281 776 / 946537744
12 469 / 286452738
125 226 / 212275833
136 970 / 345342791
142 841 / 265372985
594 687 / 763583125
284 804 / 135333430
931 979 / 908645421
60 155 / 455172366
513 533 / 978335683
596 655 / 109585411
154 958 / 29757799
284 490 / 809207761
448 748 / 422089108
178 182 / 69608726
205 534 / 786213001
587 895 / 91383538
195 248 / 843090540
572 794 / 121278109
701 854 / 673764371
512 587 / 892787274
395 716 / 161661084
164 891 / 547118881
54 907 / 811712853
221 252 / 715966223
342 806 / 265515214
139 408 / 635142082
68 440 / 106917507
719 743 / 538232786
89 765 / 678757499
432 640 / 492465536
211 535 / 972936502
100 457 / 854169715
475 761 / 840553409
488 947 / 970083738
178 578 / 907432284
450 718 / 910284233
267 958 / 986524987
384 872 / 40597479
193 394 / 843491534
60 136 / 27126882
383 451 / 552131068
445 921 / 167073682
222 825 / 237937379
293 295 / 892583861
81 467 / 599095428
630 764 / 910157646
237 963 / 429457508
104 574 / 466338260
303 731 / 846443139
126 412 / 352126072
537 957 / 266702193
640 978 / 685949566
277 801 / 302954801
382 890 / 923797225
440 759 / 4455507
830 835 / 482110146
789 842 / 877668990
786 879 / 456085611
643 762 / 717943255
166 175 / 294312634
882 896 / 852938581
592 655 / 305527841
103 889 / 900931706
364 428 / 539845329
184 621 / 172873122
562 979 / 419003130
757 974 / 870422820
305 922 / 750974531
79 342 / 845801552
36 453 / 856559408
494 652 / 814365014
523 582 / 69453363
93 547 / 57996331
729 786 / 678713841
81 803 / 770053684
453 492 / 313960827
25 983 / 996290361
732 918 / 501068381
732 996 / 742784461
818 862 / 605398093
101 504 / 355128145
598 686 / 418921064
153 551 / 807444821
115 406 / 243012641
547 605 / 146227312
186 210 / 976945742
867 924 / 855189170
104 251 / 603817981
7 835 / 697561557
485 617 / 579215525
193 421 / 242071881
407 938 / 310053976
587 811 / 644732040
370 759 / 150733119
659 743 / 261323370
190 812 / 966094829
48 921 / 931424923
38 960 / 622625952
47 883 / 82903650
551 890 / 381151404
134 803 / 13845986
186 998 / 429431652
425 593 / 862571347
223 349 / 60224355
704 787 / 8410488
147 723 / 545806827
199 312 / 21913671
425 432 / 372863001
593 761 / 955214304
416 663 / 981885134
132 742 / 96509566
277 669 / 810214097
395 695 / 715170985
65 942 / 234339169
119 482 / 478867175
401 492 / 568871494
80 191 / 255154071
608 704 / 481731138
289 594 / 461018197
401 750 / 246396432
284 646 / 342399749
552 556 / 26008010
117 471 / 940902681
375 551 / 689553942
350 827 / 216849630
75 375 / 134199750
377 457 / 360636526
283 797 / 39371849
21 274 / 551220167
23 677 / 27278903
327 461 / 801448115
684 932 / 668765074
70 245 / 478794531
49 962 / 876872733
220 251 / 684508078
212 457 / 624140342
510 936 / 306871542
117 221 / 454517321
257 773 / 760608125
575 793 / 750896349
35 717 / 506196934
529 940 / 813766517
377 593 / 35371344
210 330 / 598896589
668 895 / 388528667
120 781 / 884222494
74 444 / 233979419
539 890 / 337101711
190 261 / 750356355
524 996 / 927788048
131 714 / 724527785
335 934 / 781512580
679 703 / 449275795
190 492 / 429196653
392 866 / 587917861
740 993 / 871634788
514 747 / 816379955
44 893 / 281532971
952 997 / 563082657
22 337 / 824590162
256 714 / 947015447
136 746 / 243520719
443 618 / 88038499
786 902 / 713140199
132 279 / 312616232
606 852 / 249744420
382 697 / 896682381
309 781 / 290483810
505 544 / 642280056
548 790 / 573605704
42 127 / 202237567
2 538 / 200777508
99 106 / 294053964
11 72 / 52211260
3 768 / 167169067
67 917 / 338484612
428 697 / 314782063
449 969 / 783320603
87 224 / 657409901
38 244 / 140019052
137 900 / 389283858
171 956 / 914056011
154 749 / 217221855
568 824 / 905474922
546 781 / 952648460
505 915 / 987712859
131 867 / 844313718
305 380 / 314122868
258 999 / 446520369
713 718 / 713603222
523 787 / 707569241
120 632 / 513301234
24 256 / 265475652
206 965 / 873775154
485 623 / 105032456
870 994 / 718129952
426 731 / 248360038
686 861 / 146164319
46 48 / 543886466
218 586 / 887715541
661 851 / 825898502
210 655 / 782798373
30 789 / 48081414
36 743 / 84200665
414 860 / 435209542
174 585 / 194999547
357 830 / 924497399
112 804 / 446321652
401 419 / 153071145
551 823 / 51389886
200 597 / 175665399
106 243 / 448963021
276 389 / 272374387
155 228 / 132836563
373 955 / 505049010
64 774 / 731474011
157 761 / 100388305
91 392 / 782527174
224 713 / 12298089
529 782 / 284013307
114 365 / 926647869
288 973 / 871902213
161 915 / 361141643
263 417 / 549823212
417 773 / 708296393
225 614 / 222713694
406 575 / 863342141
548 634 / 283092951
241 863 / 792919564
138 908 / 209588901
171 698 / 989663844
397 792 / 574015773
79 903 / 288297365
440 827 / 514589208
233 595 / 296574933
197 440 / 558106786
90 539 / 717220127
265 380 / 885716442
691 750 / 958882416
171 366 / 315130485
10 730 / 695034288
287 625 / 101314250
213 453 / 983292400
70 384 / 640563043
252 564 / 610500724
689 968 / 428492435
36 242 / 160019056
496 917 / 18083735
8 729 / 849997594
501 787 / 156233853
709 893 / 850895508
457 696 / 659335115
382 662 / 559008498
381 793 / 454101787
768 777 / 218514712
311 787 / 751418983
21 601 / 409410335
18 239 / 477253178
167 794 / 115640214
692 769 / 481975304
470 707 / 938823161
823 901 / 789235593
602 879 / 516635558
310 340 / 848184307
294 684 / 315705366
116 885 / 470472555
651 913 / 200453468
156 309 / 904159216
161 654 / 413550404
74 506 / 511069380
48 206 / 945008543
652 761 / 755813075
271 310 / 447713858
234 740 / 159425699
158 247 / 735708428
580 867 / 838032440
659 770 / 665478687
817 992 / 700518485
604 931 / 727867862
619 693 / 718485971
872 988 / 853488920
91 958 / 477769950
35 552 / 905154420
428 670 / 628862907
156 737 / 82873444
694 998 / 760786757
17 70 / 273296598
352 484 / 114693817
156 554 / 645091760
170 700 / 905435847
891 986 / 960989687
208 953 / 990124224
319 621 / 879343448
254 394 / 876160829
632 890 / 503862275
134 175 / 786776057
239 667 / 16794946
744 839 / 974000429
620 671 / 784841024
241 765 / 518369846
222 791 / 414069109
538 777 / 409167734
224 666 / 210414139
45 789 / 82338350
653 892 / 274137635
636 741 / 809913683
777 861 / 215539897
322 918 / 805079025
149 358 / 780127682
273 643 / 255902140
365 611 / 173155029
437 561 / 471589802
706 786 / 137936234
215 383 / 613265371
30 450 / 873726642
699 969 / 348537363
175 627 / 375874659
16 753 / 350711542
275 602 / 385996279
366 804 / 264354577
567 786 / 885116334
449 935 / 143369450
803 848 / 22003281
649 894 / 388893767
274 627 / 716722905
563 796 / 2434922
25 691 / 101332006
141 612 / 185380946
549 626 / 125346548
742 958 / 250897648
66 746 / 901262629
519 685 / 206826927
197 911 / 807963340
712 811 / 730982180
400 734 / 607132429
40 448 / 103843038
108 231 / 707274061
28 548 / 445985733
51 958 / 802748801
494 820 / 412301087
31 767 / 139566305
29 534 / 514765189
367 842 / 253162507
139 339 / 201453114
241 887 / 758522035
28 232 / 176635765
70 283 / 225260858
417 587 / 279933593
715 903 / 973560291
553 960 / 90889518
21 33 / 746573693
550 809 / 250033749
184 737 / 912720
4 947 / 492493018
5 744 / 474232040
395 396 / 341600058
186 556 / 955388322
270 307 / 791974632
263 723 / 303768163
235 782 / 719506424
20 885 / 863046740
182 199 / 806278111
65 806 / 434505294
857 895 / 207264363
452 911 / 249300498
587 955 / 474144073
612 865 / 517328281
48 322 / 40174602
44 374 / 824738855
339 586 / 246770613
761 812 / 440983748
72 821 / 934536534
436 603 / 644896717
502 696 / 69361634
302 341 / 492011741
137 510 / 228200042
518 674 / 995120102
161 738 / 149180067
150 784 / 246429801
272 513 / 262690084
538 773 / 143430676
84 304 / 6756371
193 734 / 266302857
375 474 / 72354175
339 361 / 149670675
440 857 / 179314865
504 815 / 476230081
368 739 / 425666912
53 295 / 563281381
334 725 / 219094844
36 327 / 991859459
632 744 / 495646855
509 655 / 693633008
70 146 / 833542448
721 849 / 862223446
414 769 / 456193839
66 434 / 549146281
548 739 / 654164863
433 929 / 981116129
419 481 / 434024998
415 716 / 26618372
119 792 / 370925172
48 797 / 224802003
748 955 / 823087925
55 836 / 84060133
395 437 / 55436804
175 339 / 437773920
140 400 / 340243140
317 389 / 588069901
100 125 / 601000983
241 867 / 209360442
577 666 / 391627499
444 844 / 987901475
55 301 / 585379771
140 360 / 858911163
125 221 / 264640874
230 449 / 954285510
631 662 / 774086551
190 846 / 15385534
370 676 / 253256782
730 803 / 156620061
327 531 / 108137903
317 895 / 931728617
25 887 / 48252979
284 490 / 457215249
795 987 / 497840065
