1000 1000
455 800 * 885403239
829 958 * 663131361
254 436 * 891604197
11 806 * 80555222
594 633 * 270600074
262 541 * 584450417
107 140 * 872487751
773 782 * 806388453
297 604 * 796885228
58 241 * 2269214
159 268 * 308706211
134 794 * 815871009
358 682 * 150845386
443 672 * 256224148
53 103 * 933804391
42 422 * 48005501
394 799 * 701242487
179 684 * 741901230
387 577 * 66387665
108 549 * 897004869
61 170 * 652023593
255 473 * 816830319
39 372 * 906951035
406 721 * 808586993
50 230 * 214613909
269 970 * 646310541
41 654 * 155679854
632 867 * 27862642
11 39 * 65152353
307 764 * 461388116
477 561 * 494079999
605 751 * 826159363
38 633 * 758001621
137 710 * 521423990
197 328 * 407300081
790 884 * 579080739
206 718 * 878942494
258 323 * 70668493
363 983 * 564653993
78 909 * 797609396
22 706 * 838432018
646 728 * 599659436
202 422 * 176832412
39 92 * 274616112
180 453 * 702888939
129 970 * 953548539
57 308 * 176252122
662 795 * 360694043
42 779 * 408331547
188 557 * 357695454
238 733 * 892569516
302 755 * 56523148
97 550 * 679143954
96 189 * 57447646
170 376 * 87674565
452 829 * 557188478
156 485 * 147028861
80 298 * 554848462
361 430 * 236042540
790 911 * 877393866
892 906 * 87730325
764 845 * 727741195
1 172 * 254789445
270 471 * 905499708
49 336 * 333180687
235 648 * 785042764
265 999 * 89324964
498 621 * 349789833
224 281 * 566657412
21 491 * 678517099
3 413 * 691968360
325 628 * 809485446
486 706 * 578824965
492 828 * 222259494
294 674 * 881019656
540 670 * 187356560
238 738 * 697048185
697 726 * 540961854
131 531 * 557412510
146 524 * 48169990
284 923 * 783399993
763 884 * 1052892
44 770 * 668502771
21 137 * 521805541
394 494 * 385747238
237 716 * 213988869
287 612 * 868105172
200 835 * 260685108
410 896 * 597383880
123 698 * 603991778
492 886 * 829025361
137 802 * 700384803
71 331 * 807446305
237 863 * 928590075
410 436 * 973013293
146 607 * 182754817
30 861 * 118134342
232 579 * 479155721
389 473 * 827243366
224 249 * 235572757
332 483 * 734030071
898 948 * 171178810
539 860 * 610461919
17 401 * 732377289
70 137 * 303883603
399 489 * 662360083
199 666 * 404430156
96 862 * 389538491
315 589 * 446318977
428 727 * 590111194
39 551 * 251403047
396 843 * 625376123
520 773 * 123823033
659 771 * 883225974
522 646 * 605207157
321 731 * 125279920
165 751 * 933928829
251 429 * 837962422
323 1000 * 523411743
65 917 * 663852645
464 550 * 885203666
470 566 * 130518474
160 399 * 696991552
691 718 * 477490953
496 999 * 287287048
364 941 * 967034572
27 610 * 643344484
689 806 * 276990869
101 807 * 296410319
378 551 * 536226865
63 662 * 882845372
302 871 * 889032248
159 752 * 325210092
657 763 * 844255953
434 925 * 239007058
445 569 * 964636687
397 944 * 693675409
226 919 * 69320328
477 500 * 630047462
203 370 * 7708404
380 994 * 221700467
225 634 * 108650315
1 981 * 988129172
322 395 * 407276432
185 854 * 374581217
365 546 * 969934273
592 910 * 509094137
20 632 * 187376920
81 126 * 253725287
261 388 * 465436595
136 986 * 767360895
109 895 * 139895062
200 657 * 497042264
310 409 * 31813066
114 998 * 936242011
737 866 * 281404511
339 420 * 697747537
7 350 * 269098597
327 990 * 536482465
844 920 * 607954736
141 717 * 58426994
604 694 * 238274107
765 875 * 69346840
766 821 * 541598151
634 807 * 940942968
15 717 * 588289422
661 768 * 402315294
712 968 * 445460404
789 894 * 71349126
318 543 * 836479467
810 930 * 114247589
645 728 * 163239787
251 630 * 315936867
406 797 * 328905280
64 836 * 899650648
319 904 * 68875609
115 979 * 798983375
323 410 * 757253445
701 794 * 159071458
196 752 * 384110478
451 502 * 422608144
257 641 * 716782062
106 591 * 59369195
103 561 * 210130374
38 945 * 677019196
454 885 * 341321372
216 817 * 817585350
746 827 * 829817726
818 928 * 113217001
643 654 * 578600849
681 834 * 252265554
124 688 * 877517928
504 579 * 842521129
290 775 * 728958213
929 948 * 602016053
471 861 * 839327510
50 765 * 785623449
747 962 * 147222255
610 644 * 328143119
222 426 * 419957080
118 295 * 936058703
487 860 * 262040314
378 725 * 51600230
281 879 * 432594293
108 185 * 579159375
158 323 * 587812390
336 529 * 537392672
31 897 * 847011753
248 589 * 598450644
652 882 * 982806308
278 444 * 101095178
790 804 * 970779157
786 898 * 951426583
26 524 * 853338562
387 597 * 508160957
168 944 * 120579102
136 585 * 900980708
113 808 * 743667960
585 741 * 350961498
299 342 * 364386379
726 808 * 484724365
802 942 * 851945777
658 802 * 200607950
136 640 * 900539769
580 660 * 778856933
582 647 * 846879546
206 625 * 894993695
76 468 * 598640264
624 692 * 128550429
189 327 * 3315835
365 653 * 972468881
35 143 * 32280688
215 645 * 981708838
545 728 * 194247030
577 609 * 597764227
933 938 * 711063762
455 793 * 40952499
573 615 * 780970262
37 120 * 123478592
185 484 * 649995785
508 965 * 55703548
255 580 * 876408537
153 479 * 74452865
249 397 * 713628439
209 499 * 625029978
324 976 * 557097381
60 286 * 765876477
647 821 * 730780377
339 864 * 863964166
145 700 * 793078213
178 525 * 546464799
505 961 * 349321092
856 892 * 49766734
53 839 * 234212061
181 549 * 730928749
44 1000 * 710052272
52 285 * 656376017
547 889 * 951906657
363 809 * 527862248
186 212 * 580835606
303 678 * 609610050
17 739 * 796692723
20 493 * 239555135
15 219 * 796391637
183 193 * 964958740
640 784 * 398055927
346 479 * 796729015
228 443 * 67578724
595 996 * 134904990
75 990 * 52473198
548 728 * 623618516
70 387 * 186796243
329 360 * 157438701
178 544 * 528115747
318 502 * 871509620
464 664 * 680935291
504 813 * 61335727
234 647 * 878216208
406 553 * 869054040
227 653 * 159238525
42 883 * 68626937
413 590 * 603498049
738 933 * 812230062
207 973 * 853769857
664 688 * 928227783
386 861 * 151571960
21 694 * 537019010
78 521 * 991144014
636 983 * 359633502
615 716 * 26024335
487 799 * 817928162
631 987 * 432334630
540 548 * 122217010
529 618 * 13885869
147 465 * 180786341
753 934 * 356463854
406 882 * 468176161
561 707 * 259843909
259 979 * 600126384
3 445 * 442750379
504 919 * 59974787
115 192 * 693945998
582 584 * 190426744
404 407 * 712114824
574 589 * 210360738
16 405 * 166609560
11 616 * 526260842
302 703 * 562139236
393 701 * 955077919
330 604 * 848533267
194 709 * 484758776
145 663 * 681577963
181 241 * 49148462
523 641 * 545425636
68 140 * 53838209
670 764 * 987524197
428 956 * 9890332
417 615 * 516821575
510 878 * 263299609
215 303 * 482876264
696 998 * 811099904
184 939 * 605028553
9 49 * 534043787
219 499 * 126673689
86 235 * 558148527
429 515 * 564841735
952 958 * 226421531
267 764 * 309008055
62 431 * 171495232
164 840 * 736529303
658 764 * 855555154
636 982 * 532722144
214 634 * 772947851
6 238 * 612090974
58 709 * 622963117
430 454 * 726502558
379 500 * 941332436
204 756 * 113652790
177 821 * 967478047
45 230 * 24150151
343 488 * 359919159
228 641 * 375023001
280 316 * 177164668
360 857 * 69154520
537 762 * 247765796
507 937 * 56409642
29 120 * 833109435
674 766 * 676988712
657 741 * 92006498
205 792 * 937863161
147 804 * 217537096
314 776 * 51423166
135 712 * 160526699
293 864 * 152492070
339 595 * 730126695
88 945 * 367940113
267 636 * 759820947
15 848 * 426645074
358 805 * 621211457
179 970 * 845519733
129 937 * 118881245
364 612 * 750562337
1 985 * 908980873
467 770 * 826010782
124 455 * 422745371
911 929 * 104914318
663 812 * 896893899
805 892 * 818257939
638 696 * 853610747
5 425 * 137959295
152 849 * 488935611
184 654 * 833484559
438 708 * 47464240
714 785 * 712222319
266 638 * 140998003
340 910 * 584586729
929 990 * 39691975
251 566 * 749737228
424 650 * 575668295
509 696 * 27089048
907 940 * 306814347
255 264 * 948962847
363 993 * 830976513
692 819 * 357196590
507 770 * 903763164
371 986 * 204512450
167 822 * 227806896
131 631 * 280905960
438 778 * 209044711
628 969 * 790336859
533 940 * 494683223
186 543 * 612395153
215 287 * 708596710
696 746 * 967421322
466 565 * 918199474
115 992 * 16230234
211 278 * 128239985
763 949 * 103619305
365 418 * 689214451
472 590 * 945114227
138 533 * 172814502
336 405 * 214163863
430 851 * 865249872
117 840 * 661991595
631 633 * 681837720
16 679 * 592929631
9 742 * 652687081
390 881 * 255230706
133 649 * 522419008
328 893 * 562631896
310 834 * 749469747
335 825 * 508759012
826 905 * 239814579
358 462 * 450580832
125 703 * 781280948
455 476 * 451998796
695 893 * 572042874
207 924 * 473159448
269 527 * 888848300
65 263 * 413389144
450 909 * 531402281
138 592 * 614269861
362 446 * 3372508
171 707 * 899729537
380 909 * 723375882
77 284 * 135585873
105 362 * 79699794
177 185 * 161260571
617 806 * 947661452
93 225 * 938772449
678 897 * 359935969
406 720 * 474126421
262 345 * 587090887
380 543 * 492676970
502 854 * 492466798
319 706 * 883563268
675 686 * 286568761
198 574 * 579708518
829 933 * 26938976
242 400 * 482710893
115 223 * 48320638
107 633 * 395391360
667 711 * 82038455
348 593 * 448753978
11 286 * 826665795
756 901 * 886371485
363 713 * 137841067
340 390 * 102548885
432 623 * 896185629
253 912 * 565543453
120 338 * 727175068
342 473 * 143483007
646 870 * 745457335
723 801 * 861042030
886 960 * 857685231
931 962 * 831318010
98 825 * 652007649
814 821 * 503987685
311 638 * 181433897
174 620 * 743057930
569 582 * 198404617
331 866 * 261478559
249 779 * 939284395
418 535 * 532815123
741 839 * 214105199
305 521 * 840005212
254 452 * 372279463
761 801 * 789337819
48 351 * 448626573
196 441 * 486010166
495 953 * 670094068
208 635 * 965997387
514 804 * 927095705
625 642 * 408822267
249 620 * 481712999
289 329 * 689000860
231 590 * 460475613
47 50 * 859750487
270 739 * 855527381
812 837 * 839947988
745 932 * 847190290
293 638 * 871214737
115 131 * 611230164
104 765 * 168012218
20 268 * 51240367
667 750 * 153227044
313 349 * 713569292
142 850 * 822441639
92 948 * 878147003
43 185 * 143802133
292 851 * 548529596
156 680 * 858691358
207 306 * 96863291
468 515 * 225530366
285 934 * 400591907
282 762 * 304576427
407 676 * 314160403
657 760 * 785495004
347 711 * 187681936
669 776 * 808911402
350 361 * 936507362
534 859 * 393247720
484 635 * 68149266
51 147 * 304845274
966 979 * 216368621
142 968 * 977934284
672 828 * 658382197
130 462 * 95570547
250 380 * 712715771
211 269 * 584719496
448 456 * 715091
955 972 * 763329940
260 998 * 512038390
521 559 * 652547181
273 680 * 537916850
487 977 * 565875836
313 967 * 867198979
345 939 * 28805500
318 722 * 385975450
167 732 * 968395747
23 135 * 108958195
16 84 * 733098656
857 866 * 695937065
102 319 * 944234250
181 705 * 494806455
168 769 * 64251825
312 343 * 349849288
107 495 * 321711937
241 897 * 340070639
30 477 * 65629624
692 700 * 573671509
278 317 * 448987958
140 375 * 454092079
295 476 * 150522280
709 734 * 171793777
452 564 * 182190720
514 909 * 938670258
79 139 * 774086614
807 890 * 547924108
375 806 * 928987888
227 337 * 557639832
422 903 * 302007979
280 840 * 345401736
621 719 * 148190969
453 635 * 905301483
542 674 * 545038271
530 554 * 535576011
696 945 * 753118696
774 847 * 748112352
167 800 * 923546628
906 950 * 957865398
834 905 * 307865159
399 537 * 387833891
672 920 * 499096149
442 765 * 972505443
662 856 * 621664873
789 951 * 410590312
138 210 * 642971885
665 698 * 662398359
323 367 * 445334029
312 795 * 661736000
551 819 * 459647791
259 430 * 491642134
470 702 * 180275203
448 582 * 730310723
115 172 * 151244833
269 792 * 899627746
384 772 * 274155646
71 787 * 18886548
831 852 * 722869853
77 501 * 921597996
21 870 * 352347188
615 662 * 157135079
368 443 * 40606240
450 695 * 787732927
400 638 * 844420912
596 946 * 846683594
91 658 * 711927114
44 693 * 658950419
753 915 * 351369184
93 620 * 241154877
800 831 * 122846396
454 828 * 976548005
616 761 * 869053801
64 286 * 218753121
419 433 * 552612024
132 383 * 956887529
174 543 * 462512214
765 802 * 776082141
111 458 * 58479792
805 865 * 997026432
116 117 * 880283587
428 449 * 669854936
5 180 * 231470706
154 747 * 387722797
41 675 * 624277476
378 979 * 853501175
37 880 * 782877374
682 818 * 843820069
90 938 * 103530740
430 820 * 517037328
168 360 * 771718883
483 952 * 550500282
473 632 * 78606740
167 720 * 575693242
19 865 * 932283814
142 657 * 773083166
130 193 * 753500125
295 867 * 201454314
42 327 * 558135008
567 853 * 40490749
260 730 * 235079847
243 250 * 183264485
115 847 * 761591220
107 989 * 623138064
82 642 * 483387649
302 415 * 198865524
339 967 * 445092765
266 290 * 696066958
539 843 * 619420101
264 817 * 61684566
527 908 * 321507892
345 350 * 723836625
203 796 * 396036326
73 934 * 883515937
93 118 * 260186971
457 525 * 839307102
100 177 * 150452145
468 997 * 612885233
542 678 * 436584533
150 253 * 842273796
523 890 * 86535049
347 469 * 964005582
50 139 * 691012139
310 700 * 647063606
272 858 * 968800955
253 695 * 901040209
282 903 * 346508415
59 701 * 231879803
367 835 * 85675735
727 916 * 291980947
394 977 * 883082954
152 490 * 788756352
319 601 * 731439087
220 782 * 91429952
414 443 * 547894363
720 780 * 445792828
362 996 * 868949507
448 602 * 890858860
171 559 * 901917496
121 579 * 877430876
9 614 * 199575296
103 697 * 441331672
530 618 * 170685972
538 761 * 864183872
665 851 * 277446643
136 757 * 867944253
663 860 * 667432027
892 929 * 88810093
230 777 * 375540068
574 663 * 706211105
681 834 * 789679476
11 917 * 479870349
213 983 * 146030191
87 337 * 271024147
25 37 * 71264765
220 795 * 287871122
49 314 * 821718164
467 800 * 48440001
480 511 * 332738622
129 289 * 588435043
32 182 * 748449294
325 332 * 833090103
95 595 * 731459061
639 757 * 648458641
217 677 * 622602969
339 441 * 88607048
127 314 * 773842252
314 660 * 383562105
541 730 * 289288043
410 441 * 612589522
532 755 * 468082886
128 158 * 658628791
83 126 * 371887921
54 976 * 122395363
100 694 * 859201938
77 94 * 546275222
31 197 * 914549379
608 769 * 605802862
930 966 * 491022412
882 997 * 202205317
446 674 * 688567636
747 870 * 119514691
583 851 * 844908989
599 754 * 960867540
572 772 * 883125313
285 575 * 310007556
98 552 * 412993193
224 755 * 262523742
762 779 * 204612089
237 922 * 448764491
209 530 * 805579895
690 858 * 965322479
131 850 * 208849080
66 829 * 379869135
366 582 * 924727497
367 683 * 587515236
519 557 * 474198837
720 727 * 627067700
388 731 * 205046407
64 865 * 599867695
232 352 * 82737354
209 246 * 498552494
577 678 * 943963086
590 719 * 934303932
163 174 * 84172468
503 788 * 831988075
124 426 * 221817381
521 824 * 39160238
667 743 * 513006160
320 454 * 209040779
594 942 * 509797119
325 725 * 255024169
343 874 * 572682674
41 44 * 133642582
215 664 * 188136805
393 419 * 418089397
573 794 * 224561697
315 960 * 627739647
141 412 * 831623416
702 787 * 223160741
285 640 * 851034702
690 809 * 186714757
150 488 * 631722659
585 942 * 956929710
134 793 * 337713022
776 905 * 240253541
528 834 * 65381685
752 926 * 854066278
76 636 * 609127913
201 488 * 482441778
357 595 * 39891455
194 213 * 553151138
388 599 * 454032917
158 302 * 540912660
112 527 * 513423810
370 405 * 50718550
497 580 * 507783588
898 919 * 199791225
377 386 * 273860722
288 646 * 147564137
425 667 * 147299722
351 503 * 113394001
502 611 * 220044409
674 926 * 867303750
85 202 * 991512692
367 1000 * 897894948
249 881 * 211932265
7 873 * 127090784
110 841 * 930936000
374 846 * 3597700
165 351 * 570913481
182 818 * 553288909
534 801 * 377558729
619 773 * 822831515
494 813 * 531504861
448 620 * 144392689
691 724 * 527905735
581 645 * 502547039
283 989 * 417801768
255 648 * 469015806
615 834 * 882090613
423 727 * 215063438
822 870 * 406161377
436 444 * 922888582
140 201 * 195059781
747 786 * 20237327
420 741 * 17257532
15 258 * 734361351
102 231 * 258983329
105 868 * 370311586
550 582 * 949866518
195 236 * 361223462
25 908 * 818705421
250 368 * 855107110
352 994 * 391020213
26 847 * 220677849
425 686 * 447871117
28 975 * 873552450
263 750 * 670968847
90 107 * 557360399
181 981 * 347256180
83 774 * 464487568
162 378 * 851687874
861 976 * 349974477
377 895 * 694883336
71 264 * 996806176
251 408 * 771559804
6 190 * 44543861
570 750 * 230928539
393 683 * 371237542
206 493 * 182942119
110 378 * 775388789
226 731 * 527830725
465 735 * 419126988
171 514 * 312402880
513 759 * 617441718
603 962 * 3958665
453 890 * 971368866
389 451 * 548592206
344 753 * 834231683
671 807 * 685350024
282 507 * 770778757
55 102 * 327051763
156 811 * 486370663
483 799 * 646554421
79 187 * 144730520
103 173 * 209899398
715 975 * 421959971
166 513 * 840959599
59 549 * 527125655
541 956 * 641124785
86 252 * 322414733
608 617 * 525890845
378 591 * 741660169
35 893 * 724870283
389 390 * 682877407
543 642 * 749674826
319 799 * 703837171
654 991 * 958083688
244 656 * 379916283
234 819 * 334647629
75 813 * 831807803
99 305 * 317281048
309 638 * 283159133
114 825 * 507828876
590 920 * 941164769
95 390 * 795746265
733 773 * 913854282
60 728 * 655076004
34 468 * 125193692
422 483 * 255972824
708 708 * 349898909
19 758 * 509544112
779 985 * 532016393
124 826 * 499482840
547 745 * 388924827
5 779 * 293417757
515 942 * 590340395
795 896 * 586595411
316 982 * 487983173
48 457 * 236036447
243 266 * 545765835
496 809 * 225033945
426 621 * 80015779
207 633 * 337399099
279 645 * 788314485
365 668 * 216703522
211 257 * 972422870
254 895 * 23693045
697 811 * 141696216
51 278 * 901599051
702 992 * 853381624
565 699 * 72175641
516 868 * 738650608
658 874 * 347343593
337 487 * 779781469
689 754 * 869757
114 375 * 35182685
86 575 * 186849975
20 843 * 236851801
746 873 * 232401666
529 556 * 475162754
136 396 * 734949744
147 559 * 392305475
147 912 * 906434200
314 809 * 52078009
610 894 * 55204659
23 820 * 858776579
197 919 * 329583023
88 893 * 283802693
576 648 * 176485177
219 703 * 236458414
72 429 * 162341996
67 250 * 513373353
232 944 * 68149411
272 336 * 145567052
363 387 * 297561814
344 648 * 974949558
563 939 * 976643961
180 750 * 49690925
574 683 * 482609851
463 932 * 999816547
519 588 * 94412077
302 919 * 358576966
608 950 * 795953572
66 829 * 334708447
585 976 * 708872179
851 921 * 504562402
413 442 * 247048319
219 675 * 400568146
312 718 * 291908509
358 504 * 577072421
685 908 * 913999066
986 994 * 373917075
121 400 * 582281169
122 296 * 835869054
229 418 * 137886429
544 836 * 163018014
324 989 * 368077461
85 113 * 387668259
134 575 * 21926575
176 787 * 337185781
76 986 * 163258864
35 597 * 58131858
863 984 * 835899728
8 613 * 221655167
168 862 * 752379951
83 664 * 313348172
234 280 * 438948266
198 613 * 516355313
420 596 * 421413906
278 971 * 792449843
158 560 * 255207993
231 233 * 428378261
117 917 * 815434073
476 563 * 782461302
649 728 * 904101867
33 90 * 573456772
322 761 * 66965160
585 906 * 529731740
293 303 * 278876398
419 535 * 901522356
438 937 * 548321263
230 906 * 491861891
197 800 * 42093572
607 855 * 668528477
306 317 * 158363343
758 874 * 493214006
406 536 * 799533704
174 526 * 978734181
176 230 * 879632066
632 791 * 349099075
73 503 * 698460021
81 873 * 637400921
416 850 * 783096502
168 171 * 757171240
513 742 * 358558998
728 751 * 450833358
719 802 * 462682799
233 847 * 871269708
151 493 * 250943297
41 952 * 165302303
451 516 * 377276400
591 775 * 253985423
50 326 * 963632306
430 451 * 341897256
336 931 * 692764019
657 933 * 484825646
239 602 * 626406898
407 946 * 160861225
421 875 * 983386403
710 968 * 288503707
256 589 * 809506698
484 804 * 853699523
95 643 * 719229790
598 971 * 898474310
160 251 * 63212937
366 397 * 42478641
22 820 * 642701653
424 561 * 909125649
635 982 * 876399285
211 932 * 383995745
735 784 * 894332038
160 963 * 667607268
256 925 * 221196205
114 353 * 221933105
157 725 * 657510138
96 366 * 370993132
75 297 * 676168396
521 871 * 700614077
95 581 * 602767917
346 847 * 571665192
1 756 * 526203500
178 977 * 127601894
613 762 * 989112435
128 784 * 826433898
25 311 * 853850632
184 312 * 24173113
377 757 * 231630963
216 358 * 275518602
826 903 * 136859778
212 542 * 130382850
462 671 * 19700598
272 862 * 616854007
148 206 * 22868911
159 786 * 262357798
499 839 * 650374587
73 879 * 222483192
943 960 * 517194289
