1000 1000
15 668 * 281499768
709 801 * 416725147
371 955 * 925205539
231 589 * 164236855
847 901 * 91615392
30 310 * 815886876
390 737 * 807511394
413 600 * 278775292
729 981 * 825544857
72 824 * 306689289
136 147 * 8376149
805 856 * 524888020
427 723 * 313475293
194 258 * 169065163
664 896 * 847844259
89 735 * 727425651
198 597 * 880852991
10 793 * 168727680
487 524 * 280545069
312 535 * 26511596
113 343 * 968772351
347 376 * 714121943
649 696 * 938435779
545 682 * 646334212
861 983 * 33041152
612 690 * 460181754
224 349 * 740117276
187 890 * 517431547
488 990 * 194630092
114 681 * 8938436
528 828 * 52840923
288 388 * 126091878
415 769 * 129539542
714 854 * 950630885
139 234 * 475248582
66 788 * 50863380
634 830 * 263627151
80 613 * 600022364
186 462 * 829534665
170 844 * 436041065
545 900 * 613742060
72 994 * 913970176
344 983 * 27441591
115 593 * 694270999
46 281 * 991332235
146 209 * 764833493
179 679 * 39845265
155 686 * 349573142
129 249 * 295345529
510 664 * 47937866
103 250 * 72260972
525 726 * 461556838
127 742 * 667532303
221 650 * 2878852
230 975 * 362160935
106 164 * 114222536
110 389 * 92921833
518 853 * 873184172
761 994 * 319771561
246 628 * 894274039
10 190 * 317279210
229 802 * 837356691
762 784 * 992132012
877 1000 * 767081965
470 916 * 615189020
598 791 * 705604572
280 288 * 413125115
251 714 * 216897823
455 468 * 171775688
705 976 * 282055813
35 113 * 813597784
432 857 * 842908280
40 930 * 262878519
585 775 * 104151811
633 789 * 973350079
552 743 * 651247484
269 708 * 199131425
90 502 * 265319885
428 515 * 925213259
250 970 * 544188907
91 824 * 485479410
376 919 * 673708938
661 756 * 801668898
32 590 * 374565733
313 407 * 254116388
435 752 * 473819677
782 854 * 520868943
120 744 * 800670389
468 839 * 480899398
569 685 * 851939285
243 813 * 911248408
69 944 * 20840684
247 371 * 15609032
57 142 * 178693201
439 479 * 623814754
110 273 * 813114776
766 991 * 242829220
871 910 * 965726856
12 581 * 258683688
620 973 * 749304227
257 407 * 527363849
567 567 * 257721423
500 841 * 718757991
160 491 * 893984945
523 549 * 46345504
466 527 * 458055507
617 647 * 55481045
451 1000 * 653405240
421 676 * 20750077
852 914 * 310871609
390 745 * 563212062
418 775 * 742381000
58 752 * 219205914
562 688 * 614471255
245 377 * 71085353
176 580 * 786849676
545 799 * 562792631
110 960 * 77055618
135 322 * 31449545
811 941 * 265722817
397 763 * 199785534
179 194 * 463435690
427 781 * 872399623
559 712 * 619468661
712 844 * 869562179
537 726 * 784257708
110 589 * 448534403
380 664 * 529940296
91 774 * 84914893
687 895 * 450023752
678 836 * 255617191
269 372 * 150009852
234 405 * 869192369
128 395 * 606268950
641 874 * 535171168
50 358 * 944480487
606 978 * 845650265
54 503 * 908671306
342 632 * 185515622
517 595 * 901576141
383 421 * 76077051
111 730 * 586202571
350 953 * 778791920
839 855 * 190560479
504 941 * 236341864
331 778 * 683141178
43 767 * 93451450
16 245 * 952452724
138 533 * 57357875
558 703 * 223429865
70 321 * 238356712
542 650 * 145854498
138 217 * 633936732
147 682 * 125667411
431 655 * 71389855
765 877 * 659368161
390 888 * 627264902
443 837 * 580785411
81 490 * 79839083
761 871 * 519185517
93 445 * 723953405
444 474 * 354592291
514 951 * 145792328
176 264 * 623580656
137 864 * 996540148
647 911 * 578762470
537 925 * 102465736
736 977 * 832699493
909 979 * 986798408
197 306 * 5679908
208 644 * 937420817
89 947 * 15038881
745 856 * 260999906
312 707 * 230878711
495 511 * 741743734
456 506 * 821373350
627 784 * 20532153
95 217 * 890843395
416 991 * 879482285
96 600 * 336604809
578 977 * 774584901
589 962 * 875279070
906 983 * 217468973
126 698 * 92026279
101 149 * 501091163
136 603 * 667882346
164 733 * 735230468
769 841 * 105096200
405 974 * 386103101
6 306 * 12128107
543 559 * 438415568
198 849 * 509731306
253 606 * 821468575
263 742 * 9182714
285 873 * 915031942
310 586 * 115691997
64 770 * 807373782
187 969 * 91948846
717 868 * 177209994
728 925 * 439265323
61 959 * 238097276
351 443 * 955883667
507 811 * 691290308
278 610 * 570680305
182 291 * 484342748
86 393 * 307984799
308 648 * 523020774
169 316 * 251740057
418 969 * 629834714
546 877 * 829030939
706 765 * 991222366
416 445 * 877881022
124 158 * 169759954
214 328 * 781730802
834 930 * 983312580
85 940 * 733497900
702 807 * 582576577
53 918 * 637503901
177 785 * 41310396
761 917 * 126653412
75 173 * 471320767
5 952 * 608763694
105 453 * 864864936
725 972 * 571118683
274 819 * 896795319
318 536 * 623502480
363 665 * 117018542
658 700 * 940993899
293 865 * 590839166
207 671 * 345476385
535 552 * 393424725
109 357 * 806531712
35 770 * 941697776
66 589 * 493354171
305 564 * 814002824
522 535 * 163403426
476 912 * 127729783
113 665 * 802405158
176 906 * 723631853
185 870 * 361787477
179 851 * 944372115
201 385 * 605836567
289 535 * 965266991
590 938 * 700163692
164 354 * 204493116
172 414 * 508498014
42 589 * 976023195
308 563 * 538138094
120 358 * 367739432
456 897 * 601288679
531 870 * 292650637
113 240 * 343178625
82 366 * 476140952
209 650 * 947255309
159 597 * 629433460
212 359 * 638166836
31 314 * 668573133
164 860 * 47838811
206 676 * 71056720
123 785 * 499117621
736 991 * 508875399
60 423 * 679149626
457 868 * 966824671
161 372 * 487658446
428 431 * 633105730
75 335 * 952013145
52 272 * 747238272
486 941 * 641007876
447 490 * 65071709
488 936 * 276845115
149 384 * 748377376
221 475 * 363538374
598 663 * 921508147
116 627 * 656213007
771 905 * 271815902
217 496 * 182878018
729 786 * 774017818
755 755 * 959062884
853 902 * 977581663
153 897 * 820586141
808 819 * 924307428
105 445 * 83297269
600 695 * 446524372
183 582 * 628706780
456 644 * 238557806
725 838 * 815058752
765 879 * 588381652
771 928 * 646978833
782 795 * 60033829
78 601 * 916904231
299 556 * 691044793
502 870 * 962557668
11 845 * 568509572
21 636 * 998540245
369 703 * 306073619
578 842 * 648115712
96 295 * 985214299
110 223 * 374857156
291 416 * 638350492
324 440 * 748578448
445 913 * 271541545
684 898 * 743205637
290 708 * 442617587
217 653 * 863763656
551 965 * 848799687
191 804 * 14518635
401 899 * 395804220
420 641 * 132004823
227 633 * 832884465
154 916 * 743964690
254 751 * 103310076
509 808 * 351891258
154 531 * 23155104
582 919 * 200836858
374 967 * 194297357
1 761 * 261405604
298 758 * 295750190
204 435 * 922240428
193 346 * 543637080
233 874 * 817213734
74 527 * 230188574
32 748 * 2041632
857 1000 * 205428676
416 825 * 768065226
71 463 * 80401825
704 731 * 202189788
12 779 * 467946668
281 721 * 602314618
631 680 * 515815249
672 911 * 796594097
69 483 * 702636374
221 331 * 299030910
131 272 * 667776031
398 595 * 39888992
341 444 * 782213382
131 220 * 643478666
680 742 * 216466704
345 622 * 354952865
308 687 * 122774038
81 672 * 881261616
606 779 * 207363764
347 889 * 750479581
449 938 * 3176647
156 818 * 5656994
6 619 * 599755137
286 381 * 655556714
24 459 * 275758548
80 729 * 666330411
247 354 * 972559362
47 396 * 259695507
816 906 * 448110783
121 421 * 517587343
317 938 * 54442338
766 841 * 301668577
278 851 * 755381876
477 477 * 166865203
247 722 * 42696735
462 503 * 540495584
24 721 * 478288960
107 755 * 834312008
570 609 * 606004461
186 530 * 924147898
99 198 * 140891449
224 264 * 586339909
223 406 * 573449353
130 613 * 435750907
276 648 * 103541918
374 693 * 951276771
382 830 * 227279405
332 849 * 478041960
7 274 * 623591768
248 610 * 696490040
343 989 * 40143459
185 916 * 709168349
177 745 * 138697093
96 701 * 188626875
191 666 * 457100062
8 587 * 70602019
106 335 * 73863524
104 974 * 66407514
130 927 * 971584315
15 354 * 136380959
10 946 * 38923241
18 755 * 765016026
102 826 * 109085992
232 774 * 532980958
150 617 * 860564707
873 916 * 1601223
568 703 * 550220952
40 608 * 67414558
178 474 * 959012356
398 732 * 93797799
478 699 * 970955625
214 595 * 441157987
265 963 * 127645002
716 902 * 189347463
311 544 * 622372285
562 667 * 685781907
566 920 * 736041799
159 213 * 688972156
232 388 * 883518342
292 486 * 366324158
463 871 * 404032420
300 750 * 633772831
242 521 * 903389509
349 791 * 535026802
808 951 * 847559655
181 272 * 952749573
338 610 * 654682121
231 975 * 392620394
42 499 * 89771657
670 828 * 834710883
375 677 * 994270725
508 780 * 695505857
882 973 * 743145536
430 622 * 342346750
145 795 * 628369886
416 685 * 65344656
254 539 * 636818546
706 921 * 201932364
296 304 * 612104392
518 862 * 722617873
106 401 * 784010355
682 972 * 478831012
433 601 * 469715829
153 432 * 691494243
418 709 * 661667379
136 785 * 597602292
173 902 * 245555583
174 424 * 561364426
368 652 * 47280717
99 436 * 513119697
308 870 * 578953306
809 950 * 359286567
270 401 * 235085248
429 514 * 477683630
735 920 * 227863303
518 908 * 252662869
289 458 * 860065452
294 945 * 550505840
229 340 * 164186701
555 722 * 130180740
360 893 * 228156505
393 926 * 79471994
137 602 * 199589978
61 125 * 585845612
51 682 * 456460631
138 433 * 654798264
163 984 * 162043094
16 480 * 571380023
268 849 * 120089819
306 511 * 163220088
44 171 * 386633536
142 602 * 218747622
419 855 * 55567105
336 837 * 214272516
230 917 * 120009986
182 238 * 418122678
102 906 * 423298077
324 407 * 91822760
480 771 * 750797578
414 426 * 128973102
722 837 * 163177018
46 720 * 943874832
478 872 * 405798558
387 578 * 942473728
11 200 * 516021869
57 261 * 310656858
413 451 * 475975442
395 697 * 172493654
191 688 * 723737135
198 661 * 902645462
585 606 * 908078772
179 251 * 678539304
610 675 * 121387296
308 481 * 350232691
338 361 * 929273760
23 281 * 734555396
72 220 * 793098772
108 825 * 662629212
357 991 * 839240432
569 674 * 193551395
324 660 * 412738407
434 483 * 833893463
538 835 * 361472752
502 564 * 441485022
546 845 * 457055550
306 385 * 72279830
488 806 * 188877656
740 929 * 539439608
157 703 * 116429086
767 785 * 974108287
35 376 * 227571192
18 777 * 635136233
195 275 * 929186541
2 679 * 931363161
105 831 * 204081365
287 309 * 597186701
135 763 * 487125275
11 686 * 159728209
52 336 * 31063117
29 303 * 351303834
187 619 * 330163158
791 883 * 867641300
227 253 * 727560997
237 794 * 790226733
212 351 * 600951586
87 419 * 877556598
591 825 * 52534424
202 975 * 724142491
752 762 * 106002953
520 735 * 333612187
433 527 * 740240506
389 675 * 495979833
500 960 * 165315642
819 821 * 445537810
166 487 * 251267919
377 666 * 291298698
398 809 * 78090229
369 837 * 629957315
100 920 * 293762459
435 929 * 137705607
363 989 * 119096480
841 946 * 37422072
571 729 * 702020931
435 651 * 586103648
131 372 * 713563382
597 813 * 585362549
332 342 * 40177853
142 477 * 442741221
619 745 * 755294042
553 866 * 246092093
28 732 * 536996761
294 510 * 964498184
504 576 * 190453422
171 695 * 957866026
91 153 * 568398833
118 344 * 108974431
188 338 * 465254604
573 739 * 819729196
209 771 * 840971020
342 976 * 260398881
56 375 * 771856924
296 870 * 425986202
327 788 * 992618367
224 845 * 636038234
389 627 * 670227370
184 518 * 556353119
114 859 * 83526758
127 791 * 71241091
759 831 * 369688180
96 263 * 170900190
309 582 * 958089560
11 761 * 202941292
64 775 * 444620099
470 645 * 625668228
8 820 * 299004007
452 863 * 413513957
698 875 * 498852008
91 414 * 372206583
65 124 * 279868291
757 972 * 869524307
107 653 * 570702880
689 935 * 347620000
401 807 * 459632405
346 958 * 876207917
100 757 * 950289287
420 451 * 541491031
147 721 * 542807458
263 472 * 454081051
106 285 * 582179862
613 932 * 190300309
64 700 * 200884250
36 81 * 68655027
688 859 * 695970639
607 720 * 712506791
484 958 * 912868431
132 271 * 108039564
98 570 * 79231875
276 823 * 503292086
635 664 * 421806101
206 786 * 358301225
346 543 * 874398376
32 974 * 420849024
649 992 * 912748755
43 590 * 927575215
597 791 * 218824304
122 835 * 500884245
19 29 * 606164263
132 306 * 803170851
876 877 * 678662470
764 947 * 543350128
285 631 * 145668067
33 372 * 415400514
295 388 * 340110161
410 933 * 390086742
418 488 * 440147178
188 582 * 688791204
363 823 * 848492148
307 685 * 606860826
63 835 * 602987212
528 761 * 235175041
215 356 * 194966529
93 718 * 510561556
217 978 * 410079708
158 430 * 629967715
46 172 * 398840930
105 331 * 27431491
322 526 * 44766966
155 561 * 103314219
847 857 * 247336904
515 779 * 482733438
311 499 * 188394937
115 707 * 675565848
738 776 * 801493121
23 186 * 969103119
253 265 * 634285074
307 500 * 639950004
25 589 * 844296962
414 954 * 992864601
353 457 * 403244157
49 971 * 957558606
200 207 * 209723183
154 875 * 26980694
256 360 * 314927971
120 594 * 430137353
563 824 * 502753537
306 713 * 167046599
377 574 * 709470170
305 419 * 616382766
869 935 * 244060801
545 563 * 376168074
439 946 * 946214087
793 799 * 975538109
767 916 * 557195315
211 963 * 809143822
60 521 * 168168308
232 644 * 784254035
213 648 * 602326407
57 950 * 378148081
734 897 * 220483350
554 806 * 598256299
134 714 * 165447050
298 397 * 67491994
172 412 * 820076410
696 804 * 585674694
278 690 * 660798216
144 789 * 30563487
30 592 * 704494716
579 900 * 581666509
17 146 * 686864129
574 639 * 165702783
34 408 * 751086945
256 388 * 451258526
407 933 * 240433013
390 617 * 188768810
716 801 * 313136184
555 912 * 537967879
154 653 * 160659404
104 797 * 203162015
406 613 * 980923451
866 877 * 203488628
831 923 * 575386204
564 923 * 84211008
437 687 * 941663800
312 985 * 375756046
109 472 * 444600868
297 756 * 413900359
465 797 * 270591790
46 995 * 262113598
650 850 * 183330684
665 852 * 151243262
37 507 * 992546406
968 986 * 442066275
228 594 * 861456184
49 784 * 946092672
199 273 * 471820556
620 693 * 881471144
199 310 * 734189723
102 188 * 625361242
178 541 * 200152485
44 696 * 105700863
534 994 * 153708313
206 920 * 61234909
538 894 * 948699580
415 728 * 464958448
116 822 * 938881617
285 420 * 29072447
657 687 * 848575009
234 633 * 904377038
661 696 * 964119238
621 654 * 426625744
404 941 * 778175181
25 46 * 771499170
368 940 * 124539217
514 847 * 482101397
457 550 * 806662281
132 499 * 560413480
241 756 * 996732540
476 975 * 315345157
33 133 * 223155713
336 862 * 718863636
152 240 * 47723429
527 924 * 11329804
194 284 * 360415846
117 504 * 814495207
272 527 * 322181258
17 915 * 152561202
137 270 * 719711882
516 866 * 133414426
2 578 * 474268933
274 391 * 463889289
478 780 * 783356929
104 137 * 440194572
237 540 * 420067324
479 942 * 537421546
215 529 * 444392000
372 436 * 177701946
796 798 * 435432621
474 911 * 800395957
82 449 * 102296171
828 854 * 298767436
695 864 * 729344034
328 564 * 751778146
835 980 * 642045164
319 497 * 115212906
60 749 * 797217812
298 559 * 35953354
534 940 * 101922857
294 942 * 396405243
480 925 * 981569603
411 475 * 431492140
91 915 * 550222762
230 714 * 938152212
37 965 * 982825802
714 771 * 108056135
776 885 * 949814762
385 693 * 328682496
56 83 * 251981659
827 827 * 64949186
365 809 * 678708056
713 945 * 177802362
142 829 * 71461934
381 910 * 866117868
772 856 * 771024031
80 989 * 481122510
75 745 * 125610519
171 869 * 845549062
80 130 * 144005177
251 944 * 535287723
736 772 * 915249345
456 659 * 465541057
350 683 * 25553459
80 349 * 127887365
454 761 * 787452326
404 941 * 368672338
501 580 * 240547980
92 906 * 63477668
109 465 * 428980706
538 976 * 930243609
832 846 * 873714517
106 488 * 54342685
160 611 * 867903281
201 950 * 446377475
603 742 * 807787098
42 482 * 131876906
716 994 * 439571020
20 746 * 793060753
393 645 * 199828915
112 924 * 980620660
27 710 * 495980666
70 924 * 469643564
220 347 * 646243442
451 957 * 989178938
173 274 * 937976777
209 444 * 26996685
229 353 * 345174402
134 544 * 18799281
133 686 * 746646094
22 738 * 611419951
68 535 * 277345044
562 654 * 748846621
565 990 * 112558551
118 489 * 576676328
263 401 * 182827877
85 728 * 787853185
383 843 * 277860686
566 797 * 987048492
148 939 * 21440870
380 402 * 500841685
61 636 * 319117085
67 537 * 410826889
392 710 * 196175532
488 715 * 810819864
403 951 * 980118968
261 351 * 335449802
19 41 * 979057046
478 549 * 571230192
729 800 * 592591520
372 933 * 812385903
883 993 * 509016719
527 713 * 350785867
340 871 * 526605021
71 369 * 478837710
428 755 * 221616198
333 655 * 647350364
753 756 * 720644528
20 573 * 382021673
319 961 * 590409420
816 887 * 320754262
107 268 * 57279383
423 963 * 127278866
611 948 * 315872451
349 535 * 185981169
138 385 * 66451033
491 598 * 189243702
397 438 * 508865246
899 952 * 135545221
552 741 * 396354721
808 871 * 16115673
59 98 * 137280704
129 851 * 723743818
382 992 * 485561431
651 990 * 979649263
175 711 * 198982130
511 783 * 745932615
663 776 * 576339183
146 426 * 251633350
81 926 * 318167097
25 211 * 778357970
745 749 * 78373943
488 825 * 743740982
347 581 * 496357056
96 266 * 428290638
226 621 * 984590913
639 995 * 994184754
216 634 * 329031607
475 757 * 315087105
505 715 * 241618834
597 946 * 393698941
359 644 * 58478145
770 837 * 225862431
305 665 * 527429027
757 951 * 328485674
542 719 * 258912094
237 443 * 715808517
136 571 * 881101493
121 338 * 876424664
98 850 * 560901029
68 357 * 491597468
5 818 * 664796600
54 279 * 43948361
204 465 * 76378473
170 477 * 390019193
138 785 * 140859093
198 389 * 412746538
415 874 * 39365480
163 796 * 371605216
182 673 * 118077043
49 351 * 815477916
447 827 * 811399764
665 784 * 441362923
359 478 * 381994439
733 982 * 343011737
170 448 * 620292120
632 712 * 392404922
727 911 * 449167406
530 992 * 377187781
119 733 * 792448158
13 190 * 862591432
767 851 * 621576875
55 444 * 272978403
415 665 * 255362972
428 927 * 394950988
231 867 * 862085721
161 536 * 560769589
398 675 * 555561608
137 632 * 244272081
592 933 * 558043481
95 199 * 437932528
298 785 * 544543090
59 683 * 790669407
62 223 * 334018729
414 753 * 653155806
233 552 * 921845164
442 695 * 509759334
216 919 * 30188528
284 517 * 98428357
150 658 * 444748671
349 513 * 842148717
108 463 * 725249124
452 723 * 751533870
354 370 * 704799554
50 851 * 108391750
594 998 * 167596628
804 957 * 966526611
344 373 * 584805191
273 370 * 532051062
735 741 * 984097473
707 738 * 370388956
77 407 * 170407577
511 653 * 980495292
26 206 * 783880147
422 843 * 958816071
815 991 * 385243868
186 903 * 107663863
182 539 * 798556216
156 769 * 774976973
50 207 * 396671584
301 685 * 983898771
826 960 * 292890690
50 200 * 701106361
168 841 * 539681080
636 958 * 446742920
59 952 * 533760190
807 820 * 289480258
189 831 * 364961314
288 915 * 701347459
182 312 * 555625410
444 798 * 642846823
394 638 * 877380667
197 865 * 783168856
204 868 * 107614901
176 950 * 134060055
246 351 * 806504178
739 852 * 493532981
994 995 * 619385229
342 562 * 65819032
844 891 * 768072802
23 35 * 384108634
370 546 * 804686093
123 260 * 74691814
531 687 * 441765812
593 778 * 525566342
50 779 * 537892038
262 470 * 247158020
195 846 * 676696067
73 902 * 351101190
166 783 * 691034046
522 664 * 818608133
24 253 * 505618289
409 419 * 102679601
175 430 * 804639381
218 417 * 90639196
123 507 * 816485740
19 59 * 834787758
149 951 * 439782363
103 984 * 99046733
288 714 * 162942454
60 64 * 524219776
938 994 * 933457361
149 254 * 511049991
459 841 * 685085861
137 525 * 92508495
461 676 * 52817751
138 751 * 6802238
480 542 * 231708636
272 445 * 275597660
704 982 * 285605568
755 895 * 284200921
836 903 * 406091889
7 656 * 84648296
249 671 * 798014445
647 810 * 916410981
186 285 * 956103769
396 870 * 946100109
268 961 * 768830968
300 671 * 658399766
920 954 * 990227289
25 444 * 527183964
344 542 * 31782320
556 677 * 683477368
812 938 * 659647213
537 614 * 857086401
498 828 * 883319096
321 438 * 818660264
208 770 * 525503708
371 844 * 588264987
186 562 * 9419934
223 350 * 615794584
105 189 * 748686440
268 314 * 947538108
168 537 * 640971118
180 633 * 457912768
52 726 * 103027596
501 930 * 356952442
758 814 * 3152870
219 883 * 370476071
380 659 * 640967309
173 521 * 83513489
322 658 * 750797728
5 523 * 91763221
262 419 * 660203256
593 715 * 85101472
54 974 * 700380408
315 724 * 948214418
727 815 * 777094988
207 450 * 79716664
19 454 * 332974379
412 413 * 967134996
