1000 1000
389 659 * 31964331
168 681 * 344646227
350 750 * 869151511
558 605 * 308321019
759 760 * 813115068
374 564 * 264568766
593 946 * 373179917
252 487 * 413840902
236 677 * 221925922
391 516 * 601167662
100 612 * 779650930
593 865 * 505320412
198 284 * 313950736
58 80 * 607744037
507 828 * 614855302
63 67 * 94950191
420 777 * 862442784
311 889 * 482243001
174 410 * 605925441
37 422 * 808648331
407 945 * 692034302
467 823 * 690985908
142 612 * 853935303
38 846 * 863191512
261 886 * 308373264
126 675 * 860996977
25 71 * 160953248
555 742 * 822213368
276 540 * 494263145
643 955 * 592484153
324 656 * 16959958
53 353 * 37722503
269 413 * 961123824
44 779 * 194173318
286 482 * 659743115
230 734 * 585008052
464 889 * 853588772
228 249 * 138648655
439 987 * 678220549
8 441 * 550031086
598 762 * 842660353
56 483 * 947013035
215 233 * 217274120
284 795 * 486060196
61 789 * 388097942
82 98 * 13122221
320 329 * 492126290
526 685 * 345896335
558 810 * 493090147
99 339 * 989374507
291 303 * 696014453
679 692 * 525792789
563 679 * 867753317
867 885 * 215613726
376 747 * 229918923
172 844 * 512583801
9 868 * 323995116
469 697 * 222512259
66 724 * 233030440
144 916 * 944116111
212 994 * 544435418
31 208 * 127121946
747 818 * 671350493
542 960 * 690158033
629 993 * 718734787
183 855 * 336698731
338 850 * 819146484
296 949 * 416412922
47 514 * 621582070
483 677 * 887392225
41 945 * 436210177
50 733 * 683337003
138 410 * 517098472
355 625 * 208942522
793 823 * 564862777
575 961 * 671335821
103 310 * 170323758
578 801 * 286607454
521 551 * 942615502
373 697 * 608452995
171 652 * 985608015
188 797 * 944509936
262 760 * 896827304
179 433 * 677121573
121 685 * 308060989
45 621 * 894764729
507 947 * 640956223
549 564 * 508064120
10 520 * 217548948
107 541 * 631231475
539 986 * 586838003
112 997 * 727535878
325 382 * 673931368
520 647 * 792288173
369 524 * 996031194
833 912 * 929974660
109 895 * 862464981
454 537 * 480239302
221 928 * 726337647
328 742 * 656551769
53 258 * 860071372
155 701 * 96737424
513 582 * 655637427
60 485 * 326883384
386 695 * 871188359
330 665 * 242018794
518 770 * 911405965
163 330 * 578354781
11 42 * 308190105
276 418 * 442111034
399 971 * 106579462
209 881 * 853039942
216 451 * 573432094
169 711 * 838666969
14 278 * 390581011
168 944 * 349567452
280 804 * 424245445
457 767 * 931335002
22 280 * 781813260
298 970 * 107348246
475 637 * 750044577
309 587 * 956159470
124 782 * 42424678
45 974 * 913803250
57 638 * 197382238
214 241 * 689752860
95 145 * 113453327
321 724 * 560941956
73 671 * 615019598
149 630 * 557787861
91 116 * 374055965
433 508 * 785655303
347 935 * 591857345
668 710 * 590944750
142 453 * 195981324
385 858 * 62171124
468 815 * 543716914
351 651 * 504112412
594 846 * 534570332
253 467 * 51400121
411 576 * 63908569
245 341 * 645340128
921 956 * 708792624
892 981 * 655976235
159 970 * 151743899
52 231 * 62703543
23 954 * 748560068
270 851 * 172263266
470 787 * 669585492
54 582 * 918565497
231 479 * 842145695
49 735 * 249682633
172 948 * 670580907
127 448 * 93786593
611 711 * 198038051
500 847 * 572785902
229 550 * 825284170
318 786 * 496411615
314 461 * 898817344
746 788 * 719219280
200 761 * 666711035
623 687 * 256000873
187 281 * 435312726
479 652 * 540355386
462 641 * 337338810
471 694 * 715733266
88 774 * 859507713
802 824 * 510933659
867 938 * 572698547
60 775 * 483138924
869 910 * 560620357
65 858 * 693069396
32 118 * 51789002
386 741 * 712957217
157 998 * 644834255
294 981 * 118398197
201 927 * 239000542
654 994 * 441032326
644 738 * 614114591
92 706 * 184752561
31 281 * 327440265
383 431 * 20416769
360 894 * 80842020
496 693 * 545644495
755 891 * 160542584
103 624 * 607645423
231 584 * 320596015
220 966 * 56521028
230 350 * 695390903
440 628 * 790874029
254 383 * 819797789
130 539 * 91059049
490 973 * 577893852
461 926 * 334938368
695 794 * 15791367
51 68 * 993265474
243 245 * 9295481
547 838 * 686260400
297 540 * 150506940
605 713 * 47845535
816 921 * 915499615
288 992 * 141263815
115 998 * 209988940
610 956 * 206557228
358 546 * 960854449
580 815 * 882534642
333 630 * 715667821
117 511 * 118733102
46 192 * 214510460
32 732 * 415566778
781 974 * 966383410
278 987 * 644689444
694 815 * 788409863
462 857 * 710695384
50 218 * 688877060
302 737 * 206125917
175 588 * 188085068
540 779 * 735599935
113 641 * 483852321
236 815 * 125711737
244 583 * 972802816
445 484 * 290882083
28 466 * 17731090
419 626 * 15935142
171 938 * 999911904
484 651 * 251834687
433 503 * 549539365
19 323 * 669933583
407 523 * 495919245
159 265 * 399449909
57 424 * 561704736
757 991 * 247942167
138 507 * 450972801
441 764 * 269524059
145 932 * 487811096
326 994 * 657375482
177 274 * 127764637
539 912 * 145486352
400 899 * 571805972
395 422 * 17355043
315 612 * 883642727
471 632 * 185553984
162 809 * 77403023
1 610 * 873256103
114 289 * 207558423
450 545 * 749107668
512 778 * 536790736
78 358 * 218226689
605 749 * 381527342
618 915 * 154296121
282 608 * 310520795
362 496 * 836659160
11 551 * 669702124
354 453 * 401549810
317 758 * 860592096
143 585 * 767155452
212 496 * 699142204
213 378 * 515270229
92 823 * 124608764
742 930 * 303427830
44 409 * 901446058
547 927 * 396504552
748 928 * 479585438
183 929 * 21511954
102 567 * 781018973
41 453 * 865062433
360 427 * 669778999
4 372 * 804210004
376 603 * 648152896
166 219 * 863543863
88 796 * 36683928
136 591 * 567247510
11 209 * 55917245
386 674 * 26139532
460 984 * 6796913
39 686 * 499396112
111 345 * 651190133
328 961 * 138932321
711 916 * 423114986
855 902 * 208371460
500 963 * 675743803
124 210 * 754189730
644 941 * 434602366
606 993 * 774326361
295 770 * 848641541
318 348 * 615526150
472 599 * 32280071
398 739 * 237636309
439 842 * 96761241
549 894 * 254240608
3 475 * 770092133
377 625 * 187266170
228 981 * 85277043
84 430 * 437078319
528 640 * 167402365
161 862 * 891080711
75 419 * 805752832
704 772 * 85453239
362 971 * 294912920
344 362 * 4097927
238 447 * 436611288
119 439 * 967499563
510 816 * 687331717
287 392 * 424345301
72 461 * 235540771
573 937 * 760741561
80 459 * 109777296
591 826 * 676095558
460 626 * 901317363
208 984 * 255099736
403 666 * 327967293
156 832 * 147354325
785 855 * 81668880
316 377 * 225250201
766 938 * 978962985
563 564 * 996087794
229 810 * 400356229
58 716 * 913181307
422 439 * 102093619
183 905 * 656994207
272 988 * 80755090
224 334 * 462135472
415 745 * 966391605
275 968 * 916085558
65 401 * 99436176
376 526 * 503209720
193 728 * 488624997
251 672 * 628067934
646 809 * 343485745
84 279 * 670710777
649 798 * 152367422
675 950 * 816462376
183 726 * 600453955
480 593 * 365245823
134 195 * 620654276
621 968 * 39029172
353 781 * 208548539
490 563 * 989773553
637 760 * 604482208
577 947 * 265562892
252 927 * 652870678
673 942 * 610134507
347 655 * 374418051
456 676 * 825321161
365 741 * 341070137
137 491 * 985249696
24 518 * 361298415
51 597 * 533908827
237 507 * 513422464
203 369 * 731338362
48 939 * 562326650
580 920 * 538722937
210 617 * 746803038
405 519 * 842345689
48 358 * 892113825
340 451 * 354894321
69 440 * 196462353
91 525 * 75398470
278 730 * 743536381
765 799 * 840547975
56 704 * 185326402
276 804 * 841548041
337 552 * 933626981
241 557 * 50080135
101 351 * 37235874
220 777 * 252973981
618 761 * 861889316
523 538 * 536690622
772 920 * 570683554
538 637 * 969991746
132 181 * 586589442
59 802 * 620111229
547 747 * 627381555
252 869 * 975056557
805 995 * 342899290
73 680 * 677248400
432 991 * 686610299
769 824 * 846604764
164 727 * 608340298
722 949 * 268144243
498 698 * 41470632
81 321 * 639781773
563 625 * 180221407
9 485 * 394863935
130 975 * 910994714
260 660 * 847591573
215 290 * 87814151
214 811 * 130339277
109 243 * 469005387
235 462 * 748142492
91 420 * 702137534
412 795 * 229619319
138 686 * 919813964
145 829 * 805983382
158 884 * 838874953
82 611 * 175429688
613 687 * 203900478
249 501 * 73961170
246 874 * 928637288
10 859 * 80640091
344 460 * 758282266
30 112 * 339441493
434 766 * 773086774
146 228 * 767879151
368 881 * 675399728
792 818 * 669536763
97 821 * 519349612
265 809 * 758377572
624 889 * 806092404
373 755 * 546559428
425 745 * 718819553
102 321 * 746002708
59 758 * 251084689
644 808 * 516871954
710 716 * 104234243
388 548 * 575544002
169 560 * 747897070
108 193 * 558748402
109 218 * 431029244
156 744 * 744534367
582 952 * 387801369
91 509 * 430072548
60 614 * 104085049
516 751 * 646204355
834 945 * 938283657
154 473 * 72957064
259 903 * 252175820
309 840 * 971654090
150 590 * 735129576
344 551 * 673679204
87 375 * 299510816
491 826 * 207839385
59 495 * 841324409
184 831 * 661467912
293 659 * 415013883
429 529 * 580853140
217 692 * 969616913
133 618 * 686301947
177 931 * 661254036
302 620 * 876867710
395 672 * 995209603
153 257 * 496535620
65 948 * 267890390
600 981 * 974722635
654 825 * 358437834
107 112 * 491101467
39 97 * 521866827
636 802 * 186995310
138 754 * 993285353
234 446 * 302018674
499 845 * 506774138
78 152 * 106315532
421 432 * 830139658
218 486 * 357846093
217 588 * 153541257
39 260 * 845606739
520 715 * 677718177
159 217 * 538685707
37 940 * 141283541
250 840 * 159120924
15 830 * 206725400
387 998 * 599668455
129 681 * 140597383
58 700 * 951122595
43 537 * 726155797
192 746 * 874403657
380 528 * 751493325
972 985 * 271721663
164 602 * 351782288
396 725 * 632344156
50 957 * 636636421
226 599 * 709340686
712 949 * 275369439
78 724 * 876241085
160 541 * 631248902
791 820 * 669295667
136 546 * 699956367
272 767 * 525677299
307 644 * 582048037
178 205 * 676365249
399 560 * 905852858
681 695 * 332809798
445 966 * 177363232
219 384 * 909045140
21 520 * 526095623
98 862 * 796060382
389 488 * 386219620
273 413 * 739400141
60 401 * 212616619
294 769 * 487878416
147 693 * 167615976
456 582 * 467561565
70 147 * 893557286
265 493 * 19625899
257 277 * 815746281
337 811 * 622627663
43 865 * 589213457
40 500 * 961472084
126 620 * 215627264
64 733 * 889257071
843 989 * 697954347
80 424 * 610670453
322 547 * 405561168
89 425 * 503985910
280 578 * 352931658
699 996 * 316072294
595 595 * 333148862
254 266 * 677108323
402 434 * 155508537
800 849 * 412633937
359 671 * 897041186
104 128 * 220511119
30 476 * 966806777
371 853 * 98121978
751 791 * 210205849
331 622 * 404588618
377 611 * 908400722
448 517 * 823806413
573 760 * 721251785
284 951 * 659103190
762 997 * 446517446
661 925 * 691560745
314 413 * 465503916
26 739 * 686766426
367 790 * 744679061
168 905 * 150800658
39 876 * 151155299
162 245 * 716635676
58 298 * 267806390
401 571 * 733659794
160 200 * 669882629
224 922 * 846428282
116 718 * 800485908
778 893 * 143969204
388 680 * 998365679
342 409 * 754802468
89 845 * 467058604
379 404 * 397753645
140 810 * 824923869
75 717 * 131590882
392 651 * 991330003
450 562 * 588134211
584 851 * 704093236
447 499 * 542069398
35 63 * 723254367
343 406 * 31247839
405 720 * 215369204
218 997 * 262018253
259 871 * 739256190
480 939 * 267185165
243 401 * 402738323
806 931 * 882775137
365 554 * 949476957
230 722 * 487236349
122 338 * 936946703
223 910 * 923438701
571 816 * 839644977
291 531 * 509776212
461 662 * 173651858
805 974 * 14109549
556 983 * 611771995
656 735 * 682946841
72 172 * 639714142
683 734 * 295659798
726 947 * 316460856
532 641 * 231897826
226 809 * 987834414
573 857 * 299372724
84 183 * 92447021
945 988 * 731864230
357 640 * 212571853
466 964 * 438254371
521 825 * 48712075
89 230 * 979563612
473 873 * 590706052
544 919 * 292821958
510 679 * 316966862
158 908 * 915729952
67 170 * 362308679
666 761 * 294184944
17 238 * 451385677
179 707 * 847717624
190 837 * 107791217
544 876 * 250595022
472 535 * 826775385
92 646 * 34614842
797 910 * 548228388
140 815 * 516287194
76 809 * 371705574
807 816 * 339016494
15 592 * 7125620
52 996 * 511921511
107 303 * 309097808
275 869 * 421734225
811 837 * 48010255
151 398 * 28388706
388 528 * 864754964
379 884 * 92410847
133 800 * 361444929
419 744 * 206000425
355 671 * 840378895
276 655 * 758898153
325 716 * 548233845
137 812 * 196493949
389 723 * 796749677
420 983 * 892794974
584 716 * 831702416
333 839 * 658517337
140 355 * 426000941
106 826 * 197740875
404 638 * 835614714
649 749 * 637629851
136 974 * 151397051
569 748 * 826989049
185 759 * 408524081
672 916 * 230604847
438 632 * 429490848
250 901 * 918586816
490 563 * 119062974
2 280 * 332518157
333 469 * 481549103
390 987 * 116296360
602 723 * 30852829
78 424 * 200609057
172 832 * 631947777
375 834 * 726007273
241 297 * 558898941
168 785 * 241531127
280 829 * 765207320
665 834 * 140608710
48 988 * 74996836
146 433 * 715160485
205 802 * 234960283
63 480 * 437841282
89 653 * 574413551
756 908 * 376664578
191 481 * 988556558
223 355 * 148875050
581 859 * 384130687
943 946 * 683983050
165 829 * 80713793
560 880 * 356495291
949 977 * 686826949
198 786 * 573181756
144 296 * 396941513
308 790 * 934954168
487 535 * 255072169
568 722 * 867508940
153 182 * 709517478
409 806 * 957138013
366 979 * 423280131
3 991 * 924153567
186 834 * 255112888
132 694 * 401750104
171 327 * 544471037
666 995 * 783989555
240 806 * 279537167
166 891 * 847953193
175 329 * 76393400
440 942 * 146983119
691 826 * 517194545
167 892 * 699316136
60 867 * 374562597
88 600 * 449822927
79 477 * 894015191
215 821 * 189781029
4 970 * 595714384
80 549 * 211520454
236 802 * 353433550
269 877 * 150832951
88 999 * 427331555
577 693 * 509204234
930 976 * 369579744
507 654 * 25208322
915 967 * 320191781
207 789 * 452583377
303 458 * 783169885
639 849 * 116599466
864 935 * 656952507
594 889 * 17971096
895 903 * 105167532
135 969 * 542718576
23 452 * 438496709
40 99 * 483257633
377 870 * 234984735
60 175 * 409030245
485 493 * 849699819
171 388 * 682179732
494 641 * 313339537
669 866 * 954384026
221 659 * 99679341
276 919 * 833960098
370 719 * 466371766
74 599 * 754351678
74 359 * 25332594
645 702 * 405305385
198 769 * 334927592
196 656 * 359315867
200 549 * 458591084
475 781 * 300903499
278 612 * 378922053
255 926 * 796730024
683 752 * 936998589
313 997 * 939775102
124 262 * 213044142
162 876 * 463072864
102 688 * 342551241
552 596 * 93101534
284 294 * 410376014
151 642 * 113508856
788 993 * 910653739
280 971 * 797022411
418 612 * 60270376
291 424 * 394756123
560 894 * 678605459
546 560 * 208524111
541 660 * 821388680
513 921 * 466129816
99 274 * 270903287
606 898 * 308427431
219 420 * 406357452
66 430 * 611964771
499 883 * 93313918
698 755 * 195445860
740 788 * 337902962
553 605 * 580464447
341 517 * 347549468
494 530 * 311988070
343 680 * 962655092
315 454 * 106976001
114 513 * 825522277
30 414 * 678406463
583 975 * 406937442
484 787 * 67147216
368 979 * 906699887
726 775 * 59076998
328 597 * 220212129
28 394 * 726495568
75 149 * 447460941
393 457 * 575251357
570 621 * 726157445
214 739 * 816667815
462 864 * 896441873
250 332 * 607542723
13 900 * 59475977
62 258 * 512883095
13 111 * 704176931
863 877 * 629117204
204 860 * 873918988
100 936 * 948298721
62 507 * 842108196
100 142 * 26733158
64 778 * 727461981
328 530 * 218925586
576 604 * 872373216
556 764 * 144705941
136 932 * 464864222
551 694 * 256450063
510 616 * 356226325
650 858 * 33591890
357 794 * 59954402
910 911 * 258443875
569 983 * 569070864
12 119 * 77594741
161 694 * 110404163
548 899 * 969241279
231 773 * 519378956
383 713 * 849826464
15 363 * 596737966
251 368 * 600680935
198 984 * 965096968
437 978 * 768474694
53 881 * 374239035
172 413 * 924371571
369 665 * 311784965
62 388 * 927244271
790 796 * 346531568
326 501 * 982792869
341 527 * 156402892
889 924 * 829579201
160 325 * 823186612
64 232 * 338706878
162 645 * 256590868
377 538 * 216342807
135 874 * 563655358
429 980 * 871101691
777 827 * 553355605
246 530 * 71861411
581 677 * 795486554
509 975 * 617290439
139 269 * 139520576
172 440 * 747383842
258 907 * 597298991
294 298 * 119432840
221 929 * 449480151
466 977 * 643187044
447 608 * 342491938
15 405 * 863601455
109 221 * 403687780
409 467 * 872831926
488 599 * 71880414
273 897 * 56430345
519 649 * 751742603
708 876 * 221646153
171 830 * 18912754
49 787 * 898184955
412 727 * 634420922
3 415 * 996773443
29 119 * 126988749
721 955 * 796390566
479 917 * 206572415
685 809 * 137295406
89 518 * 858178959
394 530 * 969292408
18 445 * 649229104
12 120 * 914928766
259 989 * 430058462
302 503 * 178679491
361 686 * 445675022
242 865 * 736488509
317 353 * 302914580
858 927 * 35212879
568 674 * 233738264
858 872 * 235508991
7 765 * 343107161
685 699 * 909070840
592 707 * 493321074
337 717 * 316256971
306 607 * 699698542
192 993 * 791603945
435 664 * 539360506
425 931 * 272621013
355 585 * 550756040
745 861 * 152242277
802 995 * 539262142
481 813 * 137531604
366 802 * 605002270
959 963 * 914836455
13 560 * 954356654
335 696 * 315665485
313 727 * 789163395
393 607 * 206460618
468 654 * 643917019
125 368 * 977016395
80 894 * 314877548
811 915 * 546405137
563 649 * 165894397
652 698 * 5921373
529 556 * 632899352
651 819 * 658095965
354 357 * 475040708
797 807 * 510464412
181 751 * 232116514
166 942 * 875543985
60 527 * 47314913
129 449 * 68418714
121 399 * 133680194
217 889 * 313124265
8 518 * 677542196
368 902 * 865672236
192 299 * 653841162
991 997 * 268033674
383 738 * 864943084
29 466 * 72535373
115 310 * 7800656
420 630 * 831418129
424 697 * 152981883
365 975 * 460741496
24 641 * 343184682
20 632 * 221253054
347 584 * 733376911
516 754 * 344827141
868 989 * 888288754
780 963 * 766824171
272 469 * 77315968
534 944 * 153541851
353 834 * 847516213
3 995 * 392229410
320 556 * 193059239
728 968 * 964877669
779 997 * 128134108
279 618 * 457801891
438 502 * 592936488
273 915 * 238422657
155 901 * 732074272
123 286 * 895521060
772 832 * 199594177
626 840 * 589707830
21 684 * 727216849
147 505 * 22154632
711 830 * 285497440
508 557 * 334713126
448 775 * 708067683
116 477 * 478681485
616 673 * 89971700
190 526 * 4066925
17 697 * 440295689
135 923 * 472696595
89 92 * 691090510
230 316 * 683458529
618 971 * 948217509
44 743 * 569620951
132 952 * 90404088
40 368 * 135572580
82 149 * 356067050
300 371 * 3048968
365 399 * 718046713
178 238 * 910961577
187 393 * 207031600
158 561 * 61157151
142 436 * 217451736
35 685 * 505879421
378 578 * 225858248
136 185 * 380645322
434 673 * 757858367
466 763 * 646728322
213 907 * 533208741
341 416 * 70443090
124 804 * 46744194
87 435 * 733300507
83 810 * 614416792
68 233 * 125333313
171 903 * 57094129
390 725 * 339319459
417 594 * 873218940
79 891 * 783245297
833 997 * 217066052
175 729 * 277625245
99 544 * 269767779
356 388 * 976282396
389 403 * 947186326
240 531 * 137794916
911 924 * 392139517
38 717 * 698979864
74 772 * 541951333
407 661 * 303843867
384 390 * 323646356
216 693 * 605221855
435 658 * 72814801
162 859 * 29584098
533 936 * 474068249
547 684 * 224455176
560 810 * 726535266
622 670 * 569938140
307 420 * 639591470
365 694 * 819206026
38 172 * 827196540
311 648 * 654575368
450 858 * 222697674
124 913 * 923513035
90 292 * 88952182
133 421 * 682944334
219 741 * 858710709
218 595 * 358776833
591 925 * 418619958
154 923 * 35203599
292 403 * 854402081
156 952 * 865194179
437 691 * 81503928
282 412 * 197274721
437 955 * 935749260
81 105 * 344281451
24 899 * 834606461
549 593 * 93657484
503 940 * 185977368
218 512 * 447541261
483 832 * 835199328
472 918 * 681846354
587 930 * 306316084
330 523 * 178110559
732 913 * 204010314
120 383 * 233324788
622 954 * 90037473
669 949 * 5681501
99 123 * 649232129
448 617 * 93841255
10 950 * 98538542
681 881 * 547487393
470 854 * 720318320
332 662 * 812724511
280 505 * 560763424
311 910 * 14945720
281 330 * 803870191
38 471 * 222498696
194 334 * 653646360
237 443 * 22484559
94 865 * 343790816
613 928 * 838863211
438 508 * 954322528
450 944 * 475984561
171 705 * 68517188
318 731 * 459748856
371 533 * 974227626
186 369 * 657513690
477 557 * 959018201
486 497 * 251882139
556 603 * 415853255
14 875 * 930407938
362 983 * 451700942
104 622 * 888339900
