1000 1000
850 960 / 611748332
752 877 / 166566871
108 279 / 736895121
608 837 / 886891840
155 570 / 531306363
151 707 / 160968300
796 797 / 69508513
98 316 / 669313655
72 879 / 106240057
448 477 / 251958342
233 798 / 589387675
687 687 / 628990069
392 701 / 480711512
407 871 / 350869890
459 877 / 26909246
299 343 / 166785406
368 606 / 992144503
91 923 / 531628555
434 520 / 375908730
65 456 / 920435240
185 980 / 822633097
394 433 / 866994775
144 827 / 447835586
161 892 / 842456883
548 958 / 670916129
421 690 / 713966746
341 349 / 800741659
28 711 / 466691031
39 679 / 226046935
384 850 / 173082382
659 821 / 355581959
15 554 / 189265945
462 667 / 950213458
153 862 / 485475799
47 841 / 805348921
240 432 / 319984965
916 983 / 995985340
405 881 / 250802028
128 457 / 95458270
906 909 / 554013341
892 982 / 971677438
664 708 / 621738216
180 419 / 975176977
469 698 / 996926392
177 726 / 630683099
513 652 / 201536297
76 768 / 762580158
916 918 / 636858392
807 921 / 642102868
672 730 / 930739245
131 383 / 888011752
127 973 / 166948683
103 145 / 156090133
727 734 / 43772889
627 690 / 492216840
313 547 / 22163099
358 436 / 262752432
59 175 / 798316063
146 959 / 809798452
228 781 / 447848339
250 802 / 275753491
354 385 / 494313724
426 618 / 989048452
221 385 / 328673105
127 653 / 383946810
32 472 / 603063391
71 248 / 739418440
216 541 / 216326168
584 931 / 958435039
207 879 / 541326592
41 847 / 584359914
159 433 / 107384039
445 943 / 35357301
155 763 / 960840851
196 757 / 925441743
199 457 / 567968546
634 697 / 162556697
156 547 / 362638413
803 852 / 421401606
198 977 / 657246811
810 827 / 689555073
738 743 / 382292938
409 551 / 683672981
528 835 / 181284026
307 614 / 47704660
80 661 / 114069107
707 742 / 395069776
541 830 / 47628397
224 286 / 932246717
917 929 / 151881716
173 850 / 645456007
545 600 / 39776853
679 838 / 328163090
528 768 / 186497901
594 752 / 976992945
440 450 / 101010593
78 576 / 87199124
55 351 / 321041117
154 327 / 43672774
74 123 / 124431862
557 865 / 801661198
108 653 / 377299805
741 841 / 506138427
315 461 / 269496282
330 843 / 213826172
149 614 / 388193208
761 798 / 352291824
81 150 / 70477912
718 808 / 776231331
317 483 / 751538643
708 940 / 570885081
40 70 / 380362425
174 991 / 134905354
710 996 / 978180607
876 912 / 450080334
160 784 / 582610880
101 468 / 578652811
552 578 / 457370217
138 268 / 896221662
427 743 / 664829961
431 612 / 513128140
582 887 / 684825445
12 429 / 9652885
273 834 / 703531573
565 661 / 84634891
459 678 / 357385258
48 189 / 579395558
85 361 / 633523675
865 970 / 705304369
851 938 / 745975450
239 583 / 723099858
576 622 / 869506110
319 874 / 301459135
211 678 / 55147578
177 184 / 4826699
609 808 / 921011638
971 983 / 219908491
335 884 / 10310403
51 978 / 904787984
418 862 / 253443114
443 719 / 580136918
33 630 / 888190259
517 737 / 692145513
456 577 / 713400085
189 384 / 369947951
201 786 / 669297951
407 416 / 918047571
260 1000 / 16609685
367 640 / 634923578
419 728 / 153983115
218 685 / 593769815
424 653 / 660585266
214 652 / 489429842
320 859 / 962440304
199 438 / 817144533
310 334 / 245310285
88 979 / 982268665
409 930 / 993200873
497 979 / 230746796
587 663 / 295965480
346 409 / 693420059
237 851 / 217130760
184 845 / 804605210
253 692 / 450819255
486 603 / 696047568
38 259 / 722018505
416 565 / 29279272
620 865 / 133288265
832 912 / 452031686
32 486 / 868830317
2 887 / 788851723
716 748 / 17869019
155 867 / 364630107
473 631 / 320532560
248 601 / 579031586
142 272 / 649404740
568 782 / 660972620
312 373 / 671503658
84 495 / 50935363
684 843 / 98811363
121 869 / 557543981
51 574 / 271835073
303 921 / 663928327
172 333 / 770453337
577 867 / 181936135
258 771 / 736846062
450 606 / 952694233
259 342 / 882118356
113 874 / 70298934
776 824 / 402298700
152 627 / 92815223
517 910 / 996246692
579 667 / 855353983
672 707 / 187290360
22 386 / 980700298
225 327 / 724163793
847 996 / 698310536
28 932 / 57452791
285 882 / 122458089
142 968 / 589786235
150 387 / 764647761
346 635 / 163026431
922 923 / 920246710
147 559 / 180493874
15 59 / 981556886
357 830 / 888571033
231 804 / 833039821
186 641 / 203928018
205 763 / 250104709
521 589 / 326932770
119 129 / 99052281
9 515 / 995601462
872 873 / 164531471
688 872 / 582669968
210 468 / 981664511
736 989 / 919327639
267 786 / 683937029
755 959 / 130041986
394 784 / 539560456
945 977 / 218574154
97 343 / 917167625
294 857 / 421931024
564 969 / 234124228
31 139 / 224082481
272 696 / 98754719
1 121 / 495387432
43 492 / 28584551
758 925 / 984585598
522 632 / 698132520
291 892 / 962915592
239 981 / 295297625
839 933 / 188446455
242 871 / 106513668
309 691 / 43981875
130 405 / 907055858
56 91 / 545408143
390 986 / 727067176
62 186 / 105852839
505 893 / 83034002
145 560 / 597436294
40 702 / 286253340
678 741 / 731017363
78 107 / 242532067
126 790 / 371389048
402 568 / 876357592
803 903 / 576870785
37 321 / 466815265
291 437 / 109988791
408 898 / 82289555
579 653 / 317029630
794 975 / 809745783
121 511 / 517756780
1 63 / 678606636
506 903 / 927141732
281 623 / 624672320
336 550 / 860111195
402 820 / 656597655
314 862 / 832517621
881 938 / 232921253
171 461 / 715054003
439 519 / 907533800
624 928 / 860576534
774 988 / 422493545
362 544 / 185425899
527 529 / 542896163
584 693 / 497590601
32 485 / 883907464
416 494 / 136471236
793 867 / 105616693
237 832 / 563154838
217 790 / 326571767
62 935 / 552404012
688 963 / 654138893
130 328 / 291627706
499 727 / 734578663
4 41 / 386172075
34 323 / 19608605
262 344 / 966365762
603 616 / 100383671
556 672 / 883796981
463 662 / 219304439
511 962 / 804495350
282 466 / 76268430
675 749 / 787544363
820 928 / 689519643
170 709 / 215665402
178 866 / 537291048
580 837 / 63811058
218 840 / 385266476
156 917 / 231520646
507 747 / 507702169
588 840 / 253987583
486 908 / 327787769
826 965 / 536313923
444 949 / 309218978
565 991 / 828711795
407 837 / 741767660
85 100 / 761425682
275 311 / 876160440
280 375 / 204233581
599 752 / 836189575
16 475 / 19797917
315 548 / 965336181
982 995 / 906356082
531 919 / 201689320
557 567 / 669354254
54 133 / 987228820
129 428 / 148019289
367 702 / 301210695
250 916 / 612929693
207 499 / 874893042
710 876 / 673856544
263 710 / 754895620
384 520 / 246785187
426 899 / 254560626
208 383 / 740128028
211 334 / 662029551
918 956 / 280488340
223 794 / 660966052
130 608 / 269063854
161 923 / 468197028
74 837 / 146875241
34 593 / 116863137
197 920 / 952663673
501 591 / 717747994
413 856 / 513112672
127 228 / 658099043
13 187 / 633963610
371 854 / 952179940
148 221 / 651237432
522 613 / 88242475
471 869 / 718889710
77 252 / 595479414
655 775 / 324812883
288 564 / 272750791
79 264 / 426361868
381 584 / 70228436
298 620 / 16876860
641 716 / 877981244
318 845 / 41596376
532 664 / 417118659
241 781 / 304190944
201 496 / 910438039
411 991 / 199673319
11 94 / 44619897
63 798 / 718821914
589 909 / 815662141
38 129 / 920037770
298 360 / 286978461
147 549 / 671224096
499 685 / 854858771
82 678 / 234383927
150 568 / 340137400
611 928 / 362095255
210 987 / 307993618
248 666 / 770298687
102 579 / 929872133
768 831 / 570087494
538 624 / 349771586
23 535 / 855758450
771 986 / 12434858
12 256 / 894605013
426 828 / 44110781
55 951 / 420348142
172 658 / 715355978
474 555 / 950737568
52 160 / 815900136
65 367 / 660299339
406 684 / 900836243
596 851 / 182726155
738 979 / 143998228
110 402 / 582505001
49 321 / 597419489
427 609 / 819526524
126 136 / 80310469
324 822 / 913101186
257 760 / 916743328
751 891 / 471752821
241 323 / 614252545
414 576 / 839027637
132 959 / 401707304
381 547 / 128969461
254 370 / 515410982
679 754 / 661695615
94 633 / 753715324
596 904 / 944172563
666 774 / 366614050
12 688 / 397858418
772 917 / 217024286
372 792 / 122131072
232 294 / 62966101
743 816 / 333318369
689 741 / 540024271
748 782 / 961776798
128 210 / 686115091
229 393 / 575648568
223 807 / 517718906
517 686 / 569434873
336 481 / 789299750
684 863 / 876596239
678 769 / 778966754
315 926 / 220049558
327 433 / 697614718
151 978 / 591894265
190 838 / 320576257
74 925 / 27679139
264 888 / 781528758
381 705 / 977596400
429 788 / 801849272
166 467 / 257362508
840 890 / 907230716
1 817 / 759856402
179 745 / 507948566
156 255 / 992764003
288 778 / 696675324
372 606 / 314777960
157 517 / 222076119
273 957 / 563829912
173 769 / 148083331
124 981 / 849511811
103 947 / 4784613
854 992 / 432268911
18 443 / 325001992
357 585 / 850937408
447 500 / 430019740
167 685 / 248399151
200 725 / 750435653
23 224 / 164205118
144 413 / 942820624
79 574 / 305536855
509 717 / 191293576
188 933 / 163535494
165 279 / 7867699
323 871 / 575155184
859 956 / 442050442
556 689 / 263690165
226 820 / 888583795
482 718 / 866747364
163 358 / 831711392
410 492 / 538792146
229 506 / 765218237
592 630 / 750668788
113 678 / 840518420
223 688 / 203441
690 899 / 640431119
97 318 / 524826861
51 276 / 539869264
337 641 / 948168326
524 973 / 650862564
326 805 / 285592760
27 610 / 549361974
297 863 / 15990374
25 486 / 762929908
40 659 / 86844908
67 828 / 991357491
619 982 / 340322877
326 756 / 622967386
632 700 / 829286494
96 948 / 502278171
589 627 / 454316039
325 387 / 515299651
705 852 / 161215700
800 817 / 382992010
93 495 / 353902599
32 887 / 914550926
481 715 / 99693262
433 757 / 767317139
591 825 / 973984496
113 857 / 947620065
142 564 / 913158216
133 177 / 636721042
325 816 / 614555598
219 959 / 87617182
159 773 / 830011851
75 642 / 131371298
190 749 / 519766962
233 589 / 978191530
18 283 / 31523038
292 642 / 28800243
302 466 / 588416729
291 512 / 181421945
10 194 / 992734161
398 811 / 3738038
202 708 / 158147214
23 60 / 982133676
1 420 / 288733286
546 652 / 185089577
181 593 / 674573629
496 615 / 18389927
384 489 / 820489899
132 691 / 641961057
351 917 / 5796726
821 892 / 267426285
326 540 / 500761104
77 698 / 351817278
242 687 / 213612812
32 226 / 118955606
445 454 / 423168412
489 880 / 178611019
165 834 / 274976530
258 260 / 582684974
491 627 / 288545509
74 636 / 353237926
901 961 / 974953759
354 767 / 552174129
677 814 / 276587526
3 743 / 540396427
445 631 / 248223097
31 138 / 344470651
1 450 / 774060054
427 899 / 852132933
293 373 / 406762961
73 796 / 49842511
442 827 / 746434774
275 797 / 20122077
192 569 / 41203370
21 728 / 5936135
687 717 / 792477520
113 771 / 701875663
134 252 / 29591553
245 919 / 4971414
222 770 / 722805012
304 845 / 888248347
154 507 / 54299395
696 833 / 323986116
828 976 / 738562424
248 730 / 460712995
157 670 / 926708067
285 804 / 670525055
198 945 / 537562740
51 783 / 61541003
911 981 / 202142072
200 890 / 91745625
253 424 / 187001172
132 548 / 797497544
283 546 / 629350453
505 963 / 352446107
107 172 / 51696090
741 814 / 387675355
322 635 / 804024074
448 810 / 975907781
165 515 / 977454927
60 226 / 399577358
40 369 / 862177116
58 573 / 293190840
604 798 / 831502862
319 969 / 703624089
255 629 / 896701831
122 972 / 956573552
15 192 / 540033184
871 926 / 579571963
848 951 / 969197943
233 439 / 9945125
166 731 / 700679645
114 270 / 842667191
24 427 / 341967245
359 657 / 6028256
263 657 / 26903655
384 974 / 413113112
550 877 / 947905831
591 709 / 533401698
685 961 / 964193351
491 966 / 946808032
598 684 / 139880774
536 885 / 2565354
112 201 / 838376665
611 896 / 612788017
377 768 / 814464114
18 279 / 536998778
717 993 / 950647526
352 618 / 59506957
381 790 / 275532045
616 871 / 967340172
218 766 / 644919803
414 977 / 169795895
217 823 / 386953659
426 436 / 412697039
48 65 / 31502385
511 944 / 391297435
25 127 / 207854361
99 558 / 104729493
669 917 / 823409794
212 308 / 996654199
309 327 / 622248932
862 886 / 320030205
294 785 / 361161886
795 850 / 610012592
425 781 / 981694869
351 695 / 367014802
193 980 / 674187556
731 966 / 30163638
119 577 / 321282982
87 948 / 101113422
12 945 / 62717407
777 813 / 460248201
328 671 / 49224802
685 852 / 35837816
388 427 / 385589304
34 944 / 789213588
841 968 / 651873952
543 656 / 640352847
579 857 / 721640161
648 737 / 70838654
817 899 / 703342989
86 513 / 706614369
242 303 / 430081342
661 863 / 840513070
216 610 / 777372935
136 433 / 620929899
479 522 / 695850013
301 771 / 614400501
402 554 / 740811799
342 863 / 774444447
433 627 / 434906119
143 399 / 21504583
120 652 / 204229357
16 712 / 449575666
70 844 / 708614288
66 152 / 6348737
76 660 / 409234405
376 500 / 602327512
231 290 / 78695928
431 896 / 481275682
141 911 / 534468033
324 659 / 923089347
756 936 / 507780032
820 956 / 911576758
384 530 / 254623749
52 918 / 441230745
120 466 / 996922651
60 82 / 593901761
41 547 / 763671716
667 701 / 672347708
83 320 / 995719906
550 630 / 104035488
325 940 / 309831715
137 153 / 199078128
639 681 / 182257493
107 763 / 332971678
190 462 / 912650487
21 221 / 145593811
125 331 / 416924210
693 766 / 404039971
679 778 / 750188281
389 512 / 91558857
325 950 / 942546232
217 915 / 572962960
127 656 / 54859712
475 876 / 803366331
722 901 / 142185047
161 516 / 269380506
295 584 / 660515475
253 662 / 953474197
61 492 / 700241212
8 993 / 914724193
703 732 / 696844859
775 949 / 204641734
708 966 / 368003301
393 743 / 526589203
485 742 / 762949655
239 350 / 101345074
180 815 / 879011589
153 486 / 636076885
469 824 / 654066034
254 321 / 704007360
548 828 / 523680801
351 837 / 237604895
595 775 / 384059261
211 646 / 153052825
203 661 / 198540328
294 296 / 657853994
694 727 / 342748080
291 899 / 934593192
385 521 / 232954259
92 433 / 617683391
614 966 / 352732584
110 640 / 163397293
194 717 / 394989330
936 970 / 400464448
13 872 / 714045781
64 862 / 157056772
577 605 / 372831811
53 401 / 29111377
805 869 / 195968488
70 828 / 856319639
886 984 / 333859370
698 945 / 638910445
401 858 / 948698529
355 801 / 793360100
211 412 / 204436974
236 605 / 546170887
145 821 / 407292226
56 870 / 640675068
210 875 / 283562234
262 616 / 134673777
735 787 / 684598058
599 936 / 25178856
656 915 / 83373023
114 719 / 111329642
35 594 / 646811740
404 547 / 182140397
332 851 / 770739235
19 716 / 893076226
201 579 / 936118092
524 563 / 781397321
28 478 / 226857141
202 538 / 459278697
238 411 / 322605095
119 587 / 959473435
37 203 / 638225593
129 624 / 393342142
42 762 / 752475625
145 534 / 187833278
274 283 / 286813570
522 814 / 203620500
111 836 / 488098666
252 675 / 538973721
422 736 / 659022850
215 434 / 816269405
852 994 / 720045030
754 833 / 893694997
19 108 / 608010143
790 867 / 236250369
6 420 / 619631986
477 638 / 500287590
356 794 / 167216962
628 727 / 542416914
169 831 / 955082019
399 826 / 799075816
53 127 / 576852944
254 700 / 857285693
315 698 / 587108453
567 915 / 177104407
40 464 / 307302545
464 502 / 37914334
224 286 / 9045990
57 633 / 443132468
11 80 / 73270637
615 687 / 623460455
214 610 / 983433730
157 832 / 160002338
784 807 / 885252011
504 813 / 532129764
68 814 / 847623460
441 986 / 841742576
90 771 / 819163820
567 791 / 243983492
569 788 / 447563490
212 241 / 953504061
345 394 / 848631625
241 255 / 363732395
177 738 / 732442405
869 932 / 518351321
49 64 / 904311364
176 893 / 575776529
37 678 / 628695375
664 971 / 917157145
112 374 / 952039310
410 451 / 505492314
267 367 / 993342402
6 192 / 692915642
624 849 / 373933145
328 646 / 152310609
69 901 / 520524924
475 616 / 498136460
69 582 / 413131791
575 792 / 917958759
473 851 / 79601173
910 979 / 606454199
267 714 / 271797820
449 762 / 922931545
506 868 / 237399189
593 950 / 968085621
43 445 / 958621286
559 736 / 784322884
490 680 / 923372199
468 698 / 754693218
343 752 / 539729899
13 915 / 697728202
65 975 / 912008952
400 470 / 419523526
244 343 / 98916673
476 649 / 69512486
322 848 / 590685117
528 740 / 445634298
395 737 / 634187936
782 880 / 522093341
17 845 / 932793216
85 235 / 599249299
339 956 / 474332785
93 538 / 113687673
433 879 / 569679359
57 384 / 197906332
78 695 / 949013688
52 149 / 224344221
203 349 / 900696757
236 779 / 327777511
338 368 / 666224910
190 296 / 930361847
604 886 / 121819895
432 480 / 504368746
36 729 / 427895754
327 944 / 958020969
65 167 / 935924978
853 998 / 651145770
79 226 / 579407248
519 683 / 660849401
282 650 / 506563158
400 596 / 756593657
211 441 / 757123606
186 397 / 171068006
445 819 / 695688669
245 831 / 83237498
440 859 / 329023628
340 797 / 708726931
414 450 / 997513012
121 208 / 736649252
477 654 / 292189795
374 630 / 634164083
15 730 / 522505892
228 969 / 785607980
2 590 / 305356654
66 642 / 471890668
477 539 / 309380520
428 793 / 469818534
82 519 / 71083752
90 755 / 549009918
387 888 / 15002971
251 732 / 455322095
28 120 / 781625399
77 972 / 454964936
510 870 / 234988655
531 588 / 927727347
136 804 / 720232864
482 874 / 531550716
55 645 / 675615175
570 629 / 586116025
300 452 / 343093018
23 582 / 638440857
177 347 / 948170712
103 784 / 705387990
477 869 / 402967882
399 638 / 124259808
660 737 / 643999465
359 921 / 518769637
424 973 / 503199719
137 318 / 548469218
611 949 / 8495028
416 971 / 425827625
224 541 / 627323190
114 782 / 644830240
384 538 / 41841582
77 88 / 31474740
191 410 / 687880317
211 790 / 371726935
355 573 / 273923683
658 706 / 583223610
734 855 / 860804387
254 781 / 79905773
724 835 / 444173148
633 987 / 863008783
304 723 / 92326365
335 656 / 95752682
75 125 / 732953315
546 878 / 845041170
255 454 / 612532959
103 387 / 488953761
88 370 / 646226211
265 539 / 448238669
153 446 / 101246191
569 654 / 19666714
550 639 / 466853522
670 878 / 355828953
210 320 / 495597023
176 301 / 20319060
77 180 / 952676284
388 903 / 107641452
165 544 / 595142049
383 912 / 348304067
27 988 / 289319356
473 503 / 529520838
667 698 / 763103132
593 596 / 905749926
420 676 / 242156688
469 876 / 538367936
397 560 / 202922358
386 920 / 249611739
940 979 / 972945900
68 151 / 216981093
134 291 / 631124724
664 955 / 381446902
52 220 / 922606185
218 728 / 130536830
383 925 / 419400875
172 952 / 885061953
259 539 / 372894066
85 847 / 895484369
569 907 / 742587629
607 947 / 8153782
298 320 / 632299282
21 566 / 223733692
24 872 / 862484340
234 720 / 190371075
455 519 / 918800793
327 408 / 902026886
175 831 / 754372294
105 585 / 58941501
110 943 / 999000231
720 738 / 665044711
703 974 / 219590801
40 911 / 780847166
104 346 / 846130443
84 904 / 185356852
231 568 / 287857833
492 835 / 876849289
169 476 / 731503533
94 833 / 114730601
95 438 / 51656831
412 891 / 156700091
845 936 / 706922788
501 795 / 63353328
267 289 / 746495406
656 834 / 82069118
192 979 / 891085538
612 828 / 250416301
213 460 / 604738500
861 865 / 825691822
1 555 / 549276354
539 615 / 767281893
389 665 / 722407040
58 163 / 299757632
78 519 / 8558839
206 443 / 447655189
201 242 / 187187388
157 547 / 829529020
203 807 / 199521127
24 27 / 13498127
51 293 / 832080078
140 791 / 279474490
374 456 / 371239157
386 707 / 568041873
116 474 / 559652679
417 656 / 380183765
91 863 / 949620622
434 750 / 777985848
78 989 / 688915511
91 973 / 936913532
305 830 / 206955349
450 805 / 383534299
380 626 / 565518936
886 954 / 297233705
561 755 / 131809434
196 385 / 299385113
76 121 / 711268535
115 256 / 511088045
469 506 / 203510620
49 573 / 890163888
528 812 / 697862432
328 383 / 821435313
195 943 / 464653002
73 861 / 208848260
137 410 / 870399918
305 359 / 964318835
151 600 / 465250960
13 690 / 124392843
392 750 / 6196240
252 760 / 721802284
379 987 / 616321538
766 880 / 400551874
6 440 / 209615096
48 958 / 124333189
784 939 / 241786366
367 757 / 451931731
560 890 / 909990210
183 745 / 188917179
388 826 / 673819763
315 834 / 871996911
520 835 / 557595031
21 88 / 333981717
184 210 / 364331589
81 980 / 150325366
232 635 / 865535983
231 782 / 950092771
343 926 / 279313257
136 276 / 162290642
341 943 / 378500692
164 407 / 385279873
357 834 / 12443450
169 736 / 395651552
415 793 / 470293586
611 834 / 623105811
936 968 / 435375974
357 889 / 93979182
579 1000 / 88753877
691 743 / 732675687
188 927 / 694999871
410 569 / 122207174
285 549 / 306129554
33 821 / 839856625
203 888 / 945198447
