1000 1000
176 847 + 174934867
159 532 + 261267610
178 689 + 811103647
716 890 + 900361650
201 615 + 392468085
958 998 + 110819493
50 475 + 75091228
540 668 + 86623093
336 959 + 806192327
174 878 + 768834633
733 922 + 12039102
59 548 + 544024535
76 468 + 400232522
258 907 + 593457703
494 710 + 13781846
129 235 + 593142513
18 121 + 274764038
85 122 + 144292277
288 652 + 966238686
287 708 + 926031074
149 900 + 858238170
244 811 + 284865752
423 807 + 554715822
238 521 + 209843508
195 874 + 971485767
615 806 + 32489590
102 592 + 808340798
550 608 + 227506427
161 761 + 945821344
111 763 + 784059831
392 631 + 519167348
164 550 + 665118349
191 653 + 496652185
491 970 + 405084118
279 880 + 902710261
637 846 + 82103281
443 688 + 668822667
344 755 + 76712401
502 834 + 685624267
156 191 + 382153213
36 53 + 143794175
123 697 + 785837321
859 969 + 464086567
78 200 + 859269883
688 827 + 234699370
52 690 + 929216538
745 814 + 772725195
219 509 + 382459066
28 702 + 963610924
613 985 + 647505876
560 729 + 613295175
142 892 + 671240410
271 649 + 714972174
360 411 + 497877130
150 485 + 274185753
213 391 + 894734401
60 231 + 836185092
216 687 + 887863889
31 136 + 371999736
606 717 + 664158878
679 944 + 651888559
752 816 + 947774437
79 167 + 335216572
488 724 + 363466219
596 894 + 440351581
401 624 + 338998724
395 805 + 359373560
19 936 + 339191799
458 607 + 796761740
118 353 + 899299394
315 505 + 842135052
41 736 + 29401212
232 893 + 19432485
233 810 + 710147845
35 268 + 613919974
819 838 + 369848166
101 297 + 602295334
6 40 + 674874689
506 934 + 901640406
164 620 + 531572312
347 742 + 289058574
94 254 + 634658767
133 822 + 875231924
532 671 + 897442592
548 595 + 746370736
15 650 + 357022328
331 661 + 849423620
117 161 + 156806230
302 439 + 535062741
225 368 + 323059561
457 460 + 729609446
607 996 + 466829173
75 588 + 924132535
76 792 + 743335263
639 888 + 892722546
110 272 + 881373176
82 486 + 519792044
499 971 + 807818635
348 459 + 784918357
268 303 + 119410315
448 750 + 257612486
45 319 + 370150962
189 346 + 789555946
197 971 + 746769054
307 354 + 575318028
344 888 + 632175279
472 502 + 130279183
477 731 + 503196714
381 451 + 804152925
215 255 + 813561491
195 410 + 809405251
804 836 + 642518798
797 987 + 817524792
11 136 + 968551857
67 473 + 915437075
285 899 + 16081611
300 356 + 598209047
437 861 + 828620303
246 528 + 163186497
304 720 + 904150370
165 639 + 331704248
807 874 + 818638053
565 817 + 61285652
596 711 + 860854148
103 586 + 82975302
209 276 + 111602264
763 857 + 69939750
274 324 + 73749620
118 224 + 672351604
319 853 + 686932745
397 569 + 885810477
168 667 + 555676676
19 336 + 480442513
294 412 + 951200723
411 860 + 484840079
447 984 + 162699054
554 876 + 548616115
337 523 + 79872066
702 998 + 785588222
579 680 + 38982879
264 581 + 714318295
228 677 + 532643764
439 951 + 108996616
438 501 + 69909308
519 868 + 800357384
143 518 + 613575930
562 670 + 808249128
310 456 + 763170645
691 952 + 276909861
21 414 + 115154475
564 780 + 967893729
67 746 + 905659525
486 865 + 991173905
49 923 + 942260837
324 339 + 367634605
542 974 + 887431702
525 762 + 290697659
559 712 + 319527561
241 801 + 342377668
31 797 + 20780921
246 844 + 417191026
220 676 + 479134789
154 475 + 590796073
52 597 + 116347132
61 835 + 989294192
114 292 + 292201528
81 761 + 858752202
879 990 + 649639566
315 340 + 742226961
597 753 + 752558208
12 557 + 206583050
255 843 + 135873305
332 952 + 890379277
439 643 + 572999460
54 925 + 876732458
259 634 + 654911556
231 774 + 358910458
97 891 + 182513778
87 688 + 487638980
447 979 + 217370414
477 494 + 357407411
962 979 + 748837921
36 227 + 695079154
289 682 + 715587156
292 609 + 817056369
823 965 + 699653386
678 985 + 481887151
348 654 + 730811505
866 949 + 354076447
476 696 + 821400314
98 196 + 80278957
795 803 + 338325437
197 939 + 231664334
58 850 + 994129824
815 851 + 156737919
79 728 + 275666337
346 995 + 592526146
137 592 + 708715733
650 983 + 866563247
399 925 + 782799874
118 763 + 885544044
1 143 + 646428653
70 700 + 40738603
96 481 + 826355229
289 931 + 686655074
327 397 + 146359416
62 823 + 462720721
65 418 + 459587910
121 991 + 176010575
375 937 + 494207567
631 917 + 782322966
438 595 + 639718082
157 805 + 465953952
338 917 + 477731577
282 620 + 166506843
503 899 + 837592168
474 819 + 826329783
47 915 + 380532977
142 398 + 930190284
337 666 + 582301170
492 805 + 1431844
584 647 + 2975762
331 346 + 149790655
653 856 + 617911330
620 711 + 384161039
107 898 + 402462339
7 698 + 627806849
343 555 + 759030516
554 979 + 941290788
49 879 + 941810709
130 780 + 500951618
262 774 + 442370267
389 922 + 689905758
703 878 + 488644046
568 654 + 787804362
681 704 + 887168869
421 795 + 497177528
487 575 + 944980904
353 692 + 116927909
107 923 + 549001695
398 674 + 223239828
494 512 + 783643533
788 902 + 576351266
80 291 + 588573116
784 803 + 975087972
464 597 + 522036053
61 478 + 464498602
297 711 + 61497503
243 387 + 400540373
151 803 + 636705470
267 354 + 145831223
838 883 + 55035925
586 802 + 644426503
648 979 + 417932444
327 913 + 154087492
785 827 + 82037253
335 820 + 393152099
536 857 + 960529153
233 887 + 146185934
103 280 + 86264785
186 248 + 118303129
342 576 + 369793643
231 648 + 526624410
837 922 + 128501663
202 850 + 456791667
342 425 + 284623498
624 841 + 526351688
251 300 + 64606147
331 979 + 33444357
222 928 + 109887388
178 573 + 69368993
375 729 + 133200123
617 840 + 536967341
389 475 + 414649940
538 870 + 307874736
481 800 + 98237950
356 642 + 994856882
136 640 + 649295856
683 731 + 798129215
293 752 + 910503971
174 276 + 914980970
295 662 + 828618567
390 981 + 2262124
135 867 + 426744893
640 697 + 978273777
277 745 + 558033792
781 799 + 633042222
324 900 + 492591682
441 452 + 89935861
22 816 + 22723632
136 919 + 710625269
85 259 + 732215990
128 553 + 763756114
39 292 + 866852792
170 964 + 937033371
852 981 + 677232412
105 429 + 658301061
134 160 + 968305610
891 897 + 134583783
54 526 + 406485459
291 984 + 281484527
353 799 + 465534885
246 770 + 841076692
135 197 + 760873775
214 798 + 425637648
542 940 + 889575905
811 852 + 991048403
277 972 + 851236505
699 945 + 593666036
184 661 + 637901655
695 702 + 83104224
672 880 + 403813876
198 543 + 155765674
668 782 + 867898077
748 845 + 991844080
219 290 + 991939366
262 687 + 667950082
246 787 + 281311210
177 833 + 419214697
571 675 + 116514598
150 933 + 74712554
324 974 + 817053365
322 494 + 788272247
307 627 + 541434075
495 809 + 748978639
826 841 + 941392117
551 644 + 427969421
548 658 + 403555503
220 683 + 877733997
131 404 + 81017609
173 454 + 525720048
273 849 + 255507259
161 872 + 945887304
34 670 + 660875101
206 474 + 844911975
191 502 + 907391604
163 926 + 331965425
176 296 + 272589547
127 337 + 644573669
528 881 + 611885655
86 403 + 937992042
255 744 + 391406020
391 639 + 136245363
356 502 + 181362657
345 548 + 892202855
710 748 + 264238293
403 428 + 839164827
612 915 + 495603240
437 991 + 378610921
558 772 + 836473804
342 938 + 45090782
152 270 + 788823713
492 819 + 775458940
504 911 + 121508426
489 518 + 817589111
71 798 + 904754496
267 306 + 473971246
271 869 + 234026404
244 536 + 540218979
311 752 + 301097069
171 395 + 40063295
550 993 + 493919271
118 962 + 191629487
192 702 + 282469400
8 579 + 44116303
375 871 + 466547848
186 242 + 495975856
503 771 + 318634225
53 831 + 632628230
516 720 + 953815658
227 735 + 368824362
387 512 + 940312195
294 539 + 584690925
60 625 + 968267628
23 847 + 58712641
507 783 + 268845426
6 858 + 651427860
231 631 + 457291011
30 457 + 127683650
812 980 + 286494179
161 689 + 156625834
464 530 + 735101828
659 999 + 860984252
98 645 + 503658673
32 670 + 418523413
3 541 + 128416735
540 874 + 517373931
36 548 + 548250769
511 686 + 475048882
140 572 + 361270253
56 531 + 107250518
426 949 + 242805524
510 933 + 739372594
251 726 + 330170627
526 856 + 511186282
70 896 + 511704671
734 859 + 346247524
236 870 + 169852769
316 640 + 825265105
421 496 + 762231125
117 536 + 98824474
519 810 + 443932682
106 908 + 272387553
24 563 + 387297803
515 942 + 12783339
185 625 + 59352682
199 629 + 237720322
112 599 + 116502519
149 255 + 760833021
619 756 + 176966243
67 193 + 852715082
93 994 + 172824791
68 820 + 473477937
157 935 + 265419301
240 778 + 116155781
479 583 + 343915559
255 463 + 545580682
147 786 + 155480957
342 839 + 253498579
119 279 + 66507415
242 476 + 900136159
20 933 + 19152194
566 971 + 779043917
116 376 + 519672695
73 655 + 115071453
245 250 + 51440222
174 973 + 796559487
95 144 + 969582939
160 940 + 104461208
531 772 + 487293147
497 633 + 760627416
44 345 + 65823755
312 514 + 277625263
168 921 + 542770076
745 912 + 850758903
610 660 + 479748758
188 785 + 244995691
418 648 + 386152556
437 812 + 553333015
338 644 + 844323858
71 396 + 233532366
181 581 + 218370282
579 868 + 684778012
177 398 + 654418861
19 137 + 603025379
359 889 + 429170080
534 861 + 522583477
257 807 + 196336049
439 707 + 464071601
247 710 + 807303234
210 218 + 486320268
37 579 + 569151421
390 520 + 51075354
151 419 + 399905391
160 648 + 520555475
126 991 + 158968634
531 627 + 462178829
197 715 + 282502392
480 780 + 618627035
193 201 + 343430772
12 195 + 24667520
140 410 + 795132625
184 362 + 843428270
38 51 + 700796492
903 985 + 121623811
662 789 + 669572738
363 893 + 366494181
95 314 + 879081419
511 842 + 908388434
10 759 + 878730961
106 362 + 590996871
422 681 + 975520034
235 522 + 146937902
253 980 + 448198295
505 743 + 144327620
472 552 + 87852632
788 962 + 859748486
150 866 + 51474941
138 397 + 421787410
95 727 + 790222417
243 992 + 273768745
106 552 + 362649381
321 697 + 816837050
674 805 + 347782404
840 888 + 792322488
294 928 + 82608843
665 776 + 218676924
763 970 + 561665138
47 504 + 346147424
489 703 + 389243490
32 677 + 712396889
411 481 + 362504783
236 752 + 683606341
30 224 + 742457304
497 960 + 983835499
406 799 + 396952509
366 764 + 294879584
92 466 + 901521185
34 437 + 917816481
201 371 + 862563922
288 745 + 302455268
293 918 + 648289699
200 822 + 353549069
938 984 + 122473833
459 643 + 301939732
50 414 + 60888309
279 350 + 505384930
379 650 + 441064158
940 940 + 659162392
356 874 + 505609646
119 735 + 892462750
425 656 + 765183528
373 796 + 767017901
318 553 + 900633122
531 963 + 560622533
289 690 + 673235703
443 548 + 47378217
772 918 + 609421729
549 899 + 182992699
821 982 + 256316609
324 442 + 332933830
707 759 + 310821000
152 848 + 81002568
111 486 + 220506796
67 420 + 628933899
5 817 + 822867164
551 875 + 535685993
364 386 + 819223574
956 993 + 965596453
897 921 + 956771259
612 838 + 840066888
511 591 + 347156898
382 522 + 567460482
144 318 + 406387839
267 305 + 238437853
360 817 + 367083916
238 484 + 623443614
39 699 + 821916597
702 792 + 509545894
6 484 + 209139768
709 952 + 8950960
133 800 + 604606625
307 820 + 425755912
451 817 + 569760370
566 637 + 828445087
820 874 + 234728558
10 273 + 67352182
316 888 + 870978880
762 876 + 112768920
123 744 + 463104992
850 883 + 345536389
421 635 + 592887463
237 480 + 633147359
513 605 + 876086787
799 867 + 752367720
326 385 + 199056653
40 854 + 819309016
571 992 + 727258967
159 249 + 867309545
475 701 + 221536256
490 574 + 402900528
589 961 + 379938037
274 355 + 779039876
289 367 + 178264403
615 867 + 991357393
136 912 + 841398971
242 865 + 438577778
783 868 + 832681076
484 801 + 488812601
232 471 + 625895172
74 890 + 3807445
622 650 + 996763684
669 902 + 107238712
105 233 + 548522869
173 829 + 771709225
217 993 + 464215537
607 980 + 226934254
47 989 + 471692461
53 951 + 802727794
341 884 + 809457401
35 641 + 199871982
323 391 + 2621581
308 931 + 408435410
183 759 + 58527011
158 290 + 66578234
367 888 + 295978016
471 664 + 16945405
763 972 + 50359962
483 878 + 802372301
579 595 + 893935851
402 424 + 542846687
210 475 + 666806726
190 452 + 981993574
54 73 + 922514612
551 874 + 60263823
87 336 + 435045217
507 882 + 954464634
737 827 + 993469119
407 939 + 383642897
314 447 + 396359883
258 718 + 382804987
302 645 + 880153031
40 988 + 976888863
88 468 + 893561847
406 459 + 917687348
725 814 + 952079977
273 333 + 645963563
600 695 + 20947530
8 913 + 937468719
75 292 + 127487575
913 935 + 192167490
138 806 + 782928091
367 735 + 573484270
231 418 + 724421173
64 708 + 574961999
18 530 + 423860406
623 921 + 200366302
441 458 + 832405056
687 762 + 253497476
66 690 + 520479018
376 804 + 269198205
440 910 + 824283538
241 553 + 96940257
359 753 + 758698001
421 589 + 882105677
582 832 + 739954290
76 910 + 334084316
704 863 + 881465652
279 502 + 33869628
47 771 + 872119096
416 800 + 840885155
47 909 + 45153448
366 569 + 894717657
763 845 + 284332847
242 255 + 632672271
142 938 + 779395096
635 777 + 458971548
761 879 + 195227763
715 859 + 421311919
179 632 + 426756129
11 349 + 247109624
122 148 + 435769412
359 772 + 261932629
732 823 + 493434110
417 858 + 808416511
448 648 + 986223681
2 516 + 124347186
807 922 + 796323371
812 879 + 352290933
768 945 + 410311404
177 189 + 60056871
371 641 + 525847904
81 84 + 928640284
252 694 + 696404151
445 542 + 31381979
120 349 + 419030946
546 661 + 782467584
152 534 + 140382239
352 711 + 847549727
144 997 + 804971474
698 881 + 744852186
221 426 + 958758859
375 621 + 340272398
244 389 + 87188921
260 558 + 211332647
30 582 + 167387377
752 913 + 662117681
3 456 + 643321763
26 693 + 629983630
321 764 + 908757082
376 769 + 470847566
179 653 + 537531036
552 860 + 380266546
148 266 + 543957976
437 985 + 821282037
308 654 + 473552400
245 644 + 701035717
360 530 + 829610164
59 795 + 437393801
652 904 + 575909147
266 773 + 475282318
325 327 + 953623437
258 660 + 845268562
387 466 + 224079662
528 836 + 191697601
15 609 + 61517626
293 992 + 475173517
691 722 + 159687237
421 530 + 861194437
444 654 + 394962
356 394 + 595432808
462 701 + 705103968
399 807 + 543221631
416 626 + 827524939
178 901 + 947740375
476 842 + 550812664
116 813 + 963411013
515 543 + 484946579
550 763 + 823724287
370 873 + 589769623
157 179 + 401977700
466 490 + 242046188
222 413 + 34038029
664 951 + 939113162
265 798 + 579645115
275 394 + 367533153
63 366 + 241075754
364 552 + 263647316
38 631 + 767332379
16 696 + 532332636
108 937 + 269199153
398 910 + 937942510
273 407 + 669656155
58 270 + 397672324
131 599 + 114143803
52 179 + 964088413
186 289 + 260251343
171 578 + 799119435
68 479 + 968783633
66 752 + 373276999
306 675 + 481511506
7 603 + 991283905
297 548 + 205790856
94 225 + 31425545
324 444 + 2568789
755 805 + 327953195
103 357 + 255725600
629 855 + 699829845
3 205 + 906796758
520 601 + 737250348
374 591 + 37041470
577 586 + 61099364
669 844 + 350649960
329 514 + 133491963
448 642 + 171315092
21 156 + 512385529
491 770 + 449013046
296 342 + 636842707
365 727 + 840360053
93 280 + 248423861
432 519 + 204350767
206 842 + 532719883
288 544 + 884221290
83 118 + 409983199
39 49 + 837025929
173 433 + 538121128
327 612 + 496049693
233 583 + 706983202
279 343 + 242793336
97 485 + 634088210
463 692 + 158179584
113 697 + 642346595
557 591 + 572570109
8 614 + 834815004
174 404 + 189699452
278 877 + 683649269
190 900 + 523082674
221 391 + 205682092
14 128 + 852106211
196 345 + 774276509
254 692 + 589510635
242 534 + 153557960
247 479 + 115120016
50 584 + 640860898
162 611 + 157889031
115 702 + 317678
100 785 + 203546365
261 502 + 230778569
137 791 + 839043624
431 558 + 806142306
212 801 + 605457461
97 606 + 100253939
366 528 + 542139770
451 996 + 474821973
684 819 + 168652438
460 662 + 667012432
867 987 + 263564572
90 589 + 727345710
112 362 + 221866621
618 830 + 658773947
171 827 + 829226975
605 627 + 927572019
155 235 + 626812255
810 981 + 690027311
174 351 + 334027625
273 692 + 38868420
258 791 + 697471254
222 765 + 168270872
19 734 + 10967093
459 679 + 637233012
140 186 + 928905638
197 852 + 29095987
332 610 + 967424700
694 706 + 193644400
779 879 + 552586216
261 287 + 739314792
477 682 + 79235125
593 775 + 483999429
268 631 + 798512110
46 183 + 563684657
337 767 + 293420406
87 954 + 575210742
320 596 + 130409523
368 471 + 370515942
528 807 + 917559368
407 984 + 131879333
331 689 + 916944248
52 474 + 121668244
47 792 + 584969833
386 950 + 783101302
848 899 + 548400085
25 913 + 146009891
32 540 + 95041869
342 397 + 219614943
533 894 + 516945547
335 667 + 744696602
584 638 + 661464309
700 978 + 427694777
147 895 + 225282782
780 958 + 34053987
119 179 + 626797799
7 558 + 653705853
233 750 + 120968614
380 661 + 333468453
235 851 + 980051715
62 107 + 801440644
535 569 + 443556356
357 423 + 136004245
247 807 + 619149001
508 840 + 13980553
214 951 + 124204851
719 796 + 215419556
13 437 + 499831687
735 738 + 958353270
1 846 + 966044434
750 836 + 697058786
238 677 + 956011234
132 968 + 729730347
78 469 + 33462777
249 736 + 253772859
233 553 + 445025257
522 735 + 329160796
52 920 + 398441065
818 949 + 101172290
98 609 + 46333146
158 983 + 308544017
488 871 + 911824905
523 830 + 855607843
430 605 + 719070014
507 995 + 946944834
146 534 + 841941903
596 957 + 302618113
845 958 + 433046071
800 966 + 677282509
157 221 + 810528858
715 930 + 178744180
26 728 + 231160645
82 322 + 382731900
81 141 + 912137265
211 335 + 207183102
186 405 + 624608851
77 304 + 69191379
33 277 + 956879848
453 947 + 713885525
268 640 + 464831959
141 565 + 79547224
643 774 + 583372460
165 226 + 111480405
62 83 + 770640885
587 895 + 830014667
275 987 + 955225132
132 434 + 741603554
224 996 + 92037056
121 157 + 16422548
411 661 + 726629963
353 423 + 696968750
319 622 + 404020904
644 876 + 387592836
131 482 + 987784380
345 674 + 219307824
671 756 + 935420846
285 432 + 567528310
586 999 + 60482639
105 171 + 808835822
749 785 + 355523438
390 609 + 853688902
171 958 + 232343731
56 608 + 784523191
88 420 + 664599608
79 925 + 666780849
314 528 + 289337475
58 806 + 412249322
89 577 + 589459503
270 339 + 196271021
479 721 + 758084225
94 913 + 152687176
20 959 + 244295500
443 983 + 705562672
556 892 + 390297528
65 468 + 843378274
319 556 + 753334295
462 948 + 390009035
460 475 + 798347828
390 683 + 628654698
118 494 + 382479036
126 274 + 650188825
59 403 + 428650655
10 734 + 111243375
459 773 + 612331918
552 708 + 191105898
115 135 + 268184615
465 941 + 187546731
551 595 + 516565084
107 350 + 433211283
43 372 + 912764252
95 242 + 357599869
635 858 + 421961631
59 905 + 46745846
8 770 + 467224077
97 327 + 214539047
336 433 + 521344781
219 488 + 348124029
882 956 + 210926783
437 728 + 186006612
113 214 + 166563842
603 831 + 215659293
80 883 + 710656210
338 477 + 72379702
115 741 + 258204334
733 946 + 969828299
21 653 + 154215544
11 982 + 348521608
221 821 + 392613893
254 924 + 852764706
187 701 + 376955807
223 521 + 861165411
328 664 + 120344858
57 404 + 58705612
64 193 + 962041572
700 798 + 128614388
99 706 + 685081229
523 915 + 822446649
146 267 + 661866399
363 461 + 157884436
265 582 + 428283594
376 946 + 978256568
159 315 + 953161905
304 774 + 127690294
323 463 + 170889032
492 960 + 388478011
10 359 + 655976178
234 313 + 955365030
640 914 + 994070212
510 989 + 244579089
53 585 + 470620512
369 407 + 583248673
787 915 + 644030650
227 275 + 671199295
440 782 + 359894671
420 739 + 580925022
51 56 + 725192124
85 253 + 850300121
382 526 + 124763827
404 747 + 418879081
54 248 + 871711559
342 342 + 61307310
2 313 + 342151026
667 977 + 26014573
376 399 + 873060097
15 894 + 396442483
279 602 + 408479955
615 683 + 905371598
435 623 + 101411662
51 888 + 350236650
521 599 + 896503009
231 249 + 74593571
364 644 + 377928151
40 555 + 291089768
543 729 + 807825282
839 948 + 775466710
37 380 + 179914717
85 391 + 679226433
489 894 + 311116505
52 640 + 415802921
77 292 + 368311631
483 700 + 284679220
441 673 + 109437753
158 991 + 299262004
366 616 + 500361958
451 499 + 936879020
660 820 + 49259392
266 547 + 4385615
520 521 + 625263998
397 813 + 897314923
649 765 + 293399070
812 954 + 148388420
286 378 + 699958675
250 638 + 162633562
788 820 + 357644700
258 758 + 592862692
