1000 1000
529 898 * 248681931
681 694 * 764252183
434 788 * 671607423
136 257 * 739635791
46 856 * 600239593
104 290 * 767922910
518 571 * 418007954
139 158 * 976844693
112 485 * 900280802
122 434 * 932112066
59 165 * 672989394
83 631 * 922604493
548 600 * 80266426
284 931 * 608595610
213 337 * 733858875
19 948 * 899637274
348 400 * 758535301
151 518 * 540319153
290 364 * 784144592
115 426 * 302805863
689 807 * 214478020
52 244 * 178122727
359 821 * 333518618
249 595 * 390766353
78 704 * 510404178
550 965 * 570242670
835 872 * 309374392
396 463 * 58927906
911 950 * 857428627
916 916 * 105584425
496 986 * 100354861
240 466 * 598781964
778 826 * 97692193
385 526 * 745807931
167 905 * 219565534
301 714 * 616954745
335 404 * 553967737
350 731 * 336928100
203 947 * 180205629
762 774 * 532292991
527 580 * 226824161
602 780 * 329815922
827 954 * 791453642
134 712 * 793782861
6 541 * 274463551
569 749 * 248416946
539 896 * 200386060
320 340 * 442005434
179 840 * 29052957
663 868 * 146679015
122 264 * 153126106
600 705 * 656963196
559 690 * 952204160
818 842 * 784691580
474 982 * 272166207
512 933 * 313770387
324 618 * 320246831
112 495 * 683164778
771 853 * 737787771
751 873 * 233782092
551 657 * 430369982
332 420 * 220547850
429 980 * 551357965
212 468 * 420897271
264 368 * 665934239
217 255 * 686436051
616 682 * 639356391
174 827 * 464606927
6 373 * 886637542
212 735 * 300065289
60 837 * 938297673
599 696 * 805248439
433 549 * 22867318
517 759 * 118297435
956 994 * 664331477
286 560 * 539998021
83 477 * 981172502
275 579 * 9007723
187 732 * 477527847
5 74 * 627006419
98 867 * 178737208
137 480 * 738678658
193 623 * 618158838
404 488 * 430993569
513 749 * 94831723
212 807 * 637571705
112 860 * 843513366
600 910 * 959941331
40 645 * 752910814
64 817 * 361030339
2 448 * 163920614
590 832 * 61902659
18 344 * 786453369
400 487 * 987221735
866 879 * 379598798
369 538 * 420652954
422 780 * 87877505
470 776 * 716699597
332 698 * 824053951
260 630 * 325734888
327 665 * 549917803
138 143 * 530928020
941 995 * 4948209
644 663 * 484236505
390 473 * 137455822
78 682 * 644249369
396 925 * 137411668
592 740 * 336863414
483 812 * 407953777
185 418 * 346061533
812 840 * 700633019
265 356 * 971649800
157 443 * 226855345
21 330 * 665513484
387 507 * 958831939
771 865 * 291305424
813 936 * 639169106
672 908 * 233576820
317 675 * 977463520
464 810 * 842773225
138 686 * 982782976
495 679 * 95508179
257 259 * 544221959
102 702 * 493196738
632 679 * 300351564
208 997 * 541782433
330 420 * 992313757
777 838 * 822676858
746 935 * 93197700
814 944 * 132587570
644 768 * 645472522
189 601 * 410143506
650 755 * 382270799
439 658 * 651295771
664 785 * 56916985
382 403 * 770237931
534 810 * 79977196
76 394 * 405561880
750 962 * 306988301
530 971 * 79874442
274 525 * 593959767
22 978 * 471438936
389 842 * 311580406
144 788 * 693005792
303 574 * 370594573
4 955 * 630441860
225 573 * 443027087
565 674 * 584936226
714 959 * 920257144
681 811 * 189530610
763 894 * 55967863
684 939 * 569696891
118 849 * 83988663
631 970 * 719762587
610 775 * 807242910
381 771 * 107687195
529 944 * 381076733
308 676 * 337326656
98 192 * 917720557
61 816 * 738240603
234 796 * 973116623
719 871 * 795290322
820 870 * 110872263
90 526 * 304256056
280 588 * 252406918
656 975 * 36136005
581 948 * 214774529
257 373 * 593290912
28 144 * 655329152
169 215 * 210350939
478 896 * 131620624
95 480 * 709619412
30 892 * 605108270
43 515 * 140911525
75 639 * 931540894
124 452 * 23749808
633 795 * 68836079
18 446 * 576272659
460 909 * 949829254
472 614 * 683329046
948 952 * 515036323
386 715 * 999579216
602 982 * 655759075
290 301 * 971478690
133 777 * 565128338
413 906 * 778023808
436 744 * 889961068
229 528 * 557312402
222 890 * 594561477
289 372 * 641544055
290 997 * 484584982
275 338 * 521382827
111 771 * 894194742
369 387 * 414224202
359 745 * 843010934
643 867 * 972189293
348 900 * 838314323
429 934 * 633147675
75 532 * 591448345
289 935 * 783805231
171 461 * 116165315
642 883 * 626606509
576 989 * 524309121
183 184 * 345229621
41 309 * 307117788
75 823 * 952832439
247 882 * 292444279
40 797 * 934115159
421 781 * 439438794
139 181 * 143401481
644 758 * 928639909
58 120 * 93906059
26 27 * 682489825
133 705 * 883444660
61 626 * 978086190
593 738 * 267912989
509 796 * 703077968
743 906 * 101613785
207 476 * 401600391
163 791 * 794015146
489 588 * 834376404
38 246 * 308545775
530 703 * 78335380
581 780 * 444208572
110 118 * 12813800
271 461 * 91955
51 598 * 414622526
376 914 * 5194566
117 850 * 422445545
345 628 * 717286763
364 611 * 478165793
41 229 * 204403690
134 508 * 675881762
672 964 * 688425886
5 367 * 540742024
97 114 * 786858985
426 626 * 996045361
544 860 * 623929608
577 713 * 834238769
81 897 * 579926554
791 875 * 310424554
221 554 * 356726002
126 330 * 465826422
590 963 * 140817105
447 693 * 654602967
774 922 * 165998825
274 395 * 297310302
414 821 * 162750729
58 886 * 409452058
302 974 * 27877272
235 783 * 933050552
529 878 * 457595213
257 597 * 812708307
106 423 * 817709745
321 757 * 518726209
810 831 * 108601986
194 825 * 820925324
2 726 * 739679151
392 582 * 27398532
225 971 * 774991331
524 652 * 662214191
258 587 * 373037958
411 552 * 15796590
46 58 * 282962074
455 654 * 980078619
672 970 * 483119864
800 927 * 83095689
202 644 * 970039232
176 481 * 336842285
351 702 * 912699997
676 995 * 823967985
606 686 * 817321954
749 774 * 244129872
625 769 * 17851615
183 246 * 962751451
419 630 * 206321478
436 842 * 100217946
994 996 * 492976187
122 368 * 394019605
139 424 * 590478686
89 621 * 189654117
600 794 * 148770415
188 350 * 706560566
187 272 * 106897672
193 202 * 70459965
346 547 * 477149137
38 126 * 997211929
145 485 * 923633289
506 917 * 186573161
273 852 * 37947027
411 765 * 770919632
836 936 * 39904667
573 583 * 624058217
80 427 * 109457269
42 156 * 244061233
171 423 * 137634502
285 468 * 167681973
200 298 * 672657615
181 331 * 211970458
236 354 * 154037097
81 547 * 597121050
394 994 * 715353413
142 291 * 117421921
852 972 * 662897259
3 89 * 963340930
50 93 * 651606134
30 301 * 857793610
725 726 * 963928113
153 563 * 870946421
303 723 * 647243399
513 611 * 364564481
809 988 * 58250447
576 871 * 933311973
220 982 * 505191411
356 764 * 690018829
14 991 * 227410173
341 568 * 633208854
651 965 * 768487022
560 782 * 197486579
204 925 * 523697702
241 614 * 635188024
216 511 * 33476418
15 430 * 981376308
533 909 * 795008279
490 786 * 258503395
170 935 * 794236719
163 556 * 718100985
59 353 * 941972572
362 902 * 724855539
810 937 * 823823337
413 541 * 31444116
95 164 * 757028150
376 574 * 991819765
247 463 * 203087386
330 717 * 123567932
307 655 * 154221543
399 528 * 670195869
513 731 * 504958672
251 633 * 608053456
453 607 * 743034326
31 696 * 257472349
654 854 * 992361232
718 791 * 451259753
739 979 * 926622890
151 185 * 583518942
157 275 * 846317976
479 773 * 773361676
105 720 * 338025582
188 727 * 567552501
510 732 * 819478151
127 499 * 294964675
173 912 * 494233030
592 795 * 523239915
307 416 * 562413889
378 689 * 636329155
502 971 * 863234034
10 163 * 962519687
818 854 * 195755032
121 167 * 87016921
727 763 * 172390284
40 513 * 625524409
350 444 * 565089108
293 725 * 196851477
459 628 * 255203202
467 659 * 734314078
457 824 * 117530309
174 858 * 759791446
472 474 * 25389373
761 857 * 152631201
85 480 * 910063004
321 386 * 559648661
989 997 * 338575139
334 790 * 170627852
417 883 * 767421008
416 588 * 925319653
96 721 * 631926284
263 770 * 333252427
719 728 * 194260043
73 284 * 87656597
138 159 * 93462888
616 828 * 973163236
84 342 * 438831521
414 458 * 919583254
57 267 * 853992488
471 890 * 408901322
748 791 * 987907004
682 931 * 45146933
270 702 * 506956860
346 634 * 500783708
422 610 * 279641534
462 611 * 437111589
292 483 * 225380327
294 421 * 350549062
922 941 * 645495360
401 611 * 840950256
47 754 * 577625831
65 657 * 545392538
831 909 * 358679164
429 522 * 268633943
683 890 * 781855274
673 863 * 627635687
241 407 * 239848952
353 487 * 499293056
32 347 * 455400071
200 904 * 732124733
688 781 * 799072059
115 479 * 968473020
135 632 * 916504050
353 414 * 573176123
77 931 * 414810161
205 561 * 871134262
228 244 * 392154424
664 774 * 239073252
505 903 * 973583978
426 632 * 240960215
911 991 * 380969375
120 899 * 339802413
593 862 * 806475890
334 781 * 977861507
454 603 * 491158541
276 627 * 107057346
539 973 * 980985148
222 301 * 297443304
385 639 * 80396894
411 911 * 782410464
808 980 * 36742635
582 592 * 595933894
544 959 * 306198241
380 383 * 624881128
20 393 * 181639703
237 445 * 858131874
385 950 * 947680408
461 587 * 190476279
371 423 * 926227151
653 849 * 839865624
247 454 * 221448600
174 810 * 695431714
428 982 * 380718615
919 948 * 824217146
207 944 * 192202997
91 538 * 96201191
284 392 * 501736581
660 702 * 971306968
44 186 * 877552743
137 989 * 732089283
355 831 * 745608209
589 992 * 713873913
295 541 * 525598862
322 750 * 656306146
665 929 * 281717283
346 560 * 637380277
35 544 * 125499759
253 330 * 750283312
616 969 * 905564793
287 403 * 485436826
330 333 * 606989843
903 944 * 39715025
226 801 * 363645354
311 681 * 75001473
455 495 * 901114655
750 828 * 207605479
350 925 * 764815883
40 337 * 29626498
612 884 * 919169937
193 670 * 178868024
56 908 * 937895657
159 470 * 761823070
80 493 * 392134452
583 960 * 381843553
820 971 * 248727277
135 983 * 309217124
326 606 * 206087822
157 330 * 637453522
376 554 * 104066881
339 567 * 809122003
649 966 * 508501657
215 453 * 237859603
245 338 * 404984960
78 257 * 105742593
563 569 * 662352264
738 743 * 628784749
399 516 * 155716443
912 922 * 477505311
18 509 * 110957136
717 884 * 327513517
251 466 * 504395454
216 430 * 568504081
190 775 * 129179038
388 583 * 338488449
192 910 * 916561591
226 375 * 150291613
874 953 * 236451960
44 270 * 117530500
25 943 * 19820097
430 829 * 943162918
157 365 * 519127268
246 255 * 314594162
766 875 * 185896410
256 708 * 895868355
279 790 * 662628131
201 244 * 585378699
230 588 * 601059089
99 216 * 535800174
541 573 * 590632020
321 987 * 537892897
411 599 * 283167448
38 533 * 323411759
141 928 * 756619693
130 864 * 191273174
236 977 * 309647664
142 809 * 395856137
176 738 * 104849885
586 750 * 773659491
471 506 * 998851887
18 368 * 119261277
126 729 * 914012090
361 920 * 505731601
319 326 * 986306014
260 379 * 629846033
23 778 * 496475523
127 662 * 426650433
866 946 * 722379938
63 404 * 667565038
321 465 * 244875931
184 589 * 832362671
727 802 * 49691002
565 878 * 435113863
7 762 * 732693106
453 475 * 811290799
378 448 * 167645415
447 689 * 480753476
402 931 * 133143551
211 467 * 560610266
306 609 * 826004890
132 747 * 390438688
461 994 * 487320159
787 905 * 703117943
49 363 * 267656027
563 575 * 141612400
187 215 * 380075625
449 634 * 390371560
497 900 * 658806989
181 641 * 251136627
554 756 * 910398890
334 974 * 570782458
585 609 * 770551653
173 557 * 804758899
391 822 * 732480554
651 958 * 543247804
562 664 * 69996174
397 816 * 243245592
650 938 * 288547781
93 508 * 979858519
527 872 * 433661287
628 927 * 549488654
122 848 * 698041062
347 802 * 813187583
408 842 * 992428904
154 409 * 887927748
88 726 * 503661260
144 699 * 688655470
78 636 * 121153531
84 343 * 517871908
388 921 * 509888858
142 248 * 267067820
476 802 * 746670882
375 678 * 800484223
468 939 * 777363763
100 386 * 831877326
537 628 * 815826121
41 579 * 221158177
34 880 * 212124816
283 671 * 509585085
498 642 * 785533797
437 844 * 547594194
545 608 * 691330561
65 322 * 64744802
79 896 * 595314288
112 323 * 485069012
119 915 * 8828529
699 900 * 348830839
385 508 * 683352098
249 273 * 831331325
160 218 * 813653010
356 549 * 62697174
446 682 * 922335280
533 765 * 941596619
208 661 * 926484517
361 518 * 605336080
149 969 * 375088447
508 891 * 912349279
29 838 * 967531954
182 948 * 648319230
365 604 * 504615695
780 962 * 810001781
132 896 * 916813030
201 904 * 313343287
181 587 * 546984336
556 783 * 69013750
565 715 * 898368961
208 581 * 325736234
83 514 * 413137351
297 466 * 545003328
520 547 * 525627171
73 353 * 749856917
297 957 * 745603921
52 122 * 357412235
47 458 * 233101708
173 397 * 655651578
159 750 * 632673002
91 406 * 509225127
404 466 * 488196901
288 926 * 608825350
196 325 * 265350734
385 710 * 106909690
553 764 * 636666077
127 747 * 464289558
31 591 * 131180285
630 920 * 489502520
301 657 * 878737709
115 548 * 157269266
362 686 * 689023050
198 837 * 400021333
70 549 * 826705020
692 713 * 414937418
436 844 * 508334858
215 817 * 334942431
91 700 * 162798953
456 690 * 396381858
254 292 * 652487637
856 861 * 53540196
1 587 * 428871221
847 968 * 118756455
485 742 * 936715318
297 338 * 852027361
385 452 * 527331497
196 216 * 3726343
34 479 * 74979055
358 582 * 207110716
336 663 * 648526315
147 767 * 689987378
198 740 * 160468594
323 614 * 139830200
674 965 * 219490504
576 858 * 295121488
163 407 * 438429934
785 980 * 617799320
161 687 * 480580842
92 968 * 649961994
207 607 * 795784246
939 942 * 199849249
41 662 * 834439139
353 791 * 963161915
504 542 * 405807824
333 475 * 109305855
398 926 * 671219443
169 366 * 144985640
6 652 * 149290112
848 875 * 759200664
157 867 * 586502804
916 940 * 123463187
56 617 * 934511948
105 589 * 363781779
647 914 * 464577009
20 901 * 583876970
327 515 * 169303935
427 942 * 774019867
147 199 * 692706759
322 795 * 859658374
463 599 * 31407234
222 759 * 191060266
103 239 * 481693594
201 952 * 529865386
536 847 * 686013316
282 759 * 296219476
339 494 * 222666259
416 541 * 217307816
517 920 * 366729140
756 887 * 603011921
140 321 * 650620852
381 564 * 239179990
58 251 * 37234764
859 973 * 227468523
74 329 * 686904431
448 719 * 961226638
43 565 * 893874213
126 347 * 76090133
517 723 * 694650148
33 132 * 676876789
161 787 * 394650340
67 778 * 443625514
781 842 * 41814375
645 658 * 818288481
168 648 * 127763023
209 757 * 599161940
803 830 * 642122366
48 790 * 375852331
407 718 * 298453042
121 256 * 257236209
442 822 * 36257224
128 363 * 220899438
531 850 * 824233694
35 424 * 191872752
56 305 * 260028291
335 535 * 133162173
94 833 * 530135133
859 886 * 571427973
94 290 * 245642942
57 298 * 517377630
457 947 * 108085543
362 503 * 204506835
133 208 * 167834787
496 508 * 108558406
170 279 * 803742009
466 609 * 779546425
501 727 * 681049978
329 393 * 63522394
16 489 * 68467186
927 988 * 201028749
768 942 * 911134040
331 937 * 112920483
213 538 * 429669045
166 425 * 853491045
159 710 * 396810207
122 838 * 178977261
482 695 * 102062462
32 277 * 672127370
121 967 * 180244690
207 912 * 304551512
164 838 * 313854038
305 541 * 108691355
365 664 * 201657228
464 781 * 80686096
94 803 * 540503360
443 632 * 828512518
139 644 * 183163226
72 532 * 6737022
162 726 * 809812553
326 557 * 215071015
25 930 * 917996452
42 262 * 149328591
340 919 * 252265473
134 340 * 141005675
186 813 * 841247998
76 931 * 62161323
48 720 * 834387157
620 727 * 535623567
544 642 * 193332541
600 654 * 873735362
265 549 * 344673745
427 727 * 701479410
222 988 * 786211339
112 511 * 961986439
71 446 * 246796233
549 932 * 699104966
774 797 * 566042261
227 267 * 21341826
400 896 * 568159278
85 326 * 703206446
126 341 * 169504923
251 568 * 499209228
290 870 * 603688296
256 685 * 957567193
149 744 * 22781055
152 986 * 12068499
299 384 * 177627843
627 786 * 630666015
286 466 * 528840583
269 853 * 564565442
766 779 * 652990995
178 243 * 202643672
244 653 * 250575658
699 775 * 304857999
884 919 * 434691004
226 706 * 566768871
521 953 * 86541732
256 532 * 953272909
383 707 * 214262552
344 442 * 102234892
537 804 * 349383092
2 961 * 271198655
303 569 * 238305239
172 493 * 439314456
222 633 * 531329593
313 502 * 593868696
620 810 * 223345562
220 455 * 569042101
669 852 * 744044057
411 811 * 574868339
33 763 * 148995759
628 658 * 307008095
507 903 * 273346087
177 605 * 846826328
220 387 * 170610861
189 594 * 641805437
417 799 * 18137006
129 638 * 759313516
157 500 * 652888404
170 455 * 752223901
728 809 * 368325552
47 886 * 63669146
481 518 * 93606770
969 984 * 730651050
134 559 * 946528341
372 942 * 124629890
211 660 * 120505778
62 376 * 380480121
190 219 * 983021957
297 763 * 12100257
144 720 * 626293022
89 375 * 709495148
168 482 * 560709353
381 733 * 798195250
779 998 * 226696940
565 608 * 795153090
357 694 * 329466241
375 894 * 120645118
371 831 * 240158684
439 676 * 47877586
533 816 * 796058492
384 659 * 399738768
491 869 * 628161990
402 715 * 334593940
195 820 * 153031525
137 586 * 971297000
63 705 * 728646284
74 470 * 282701911
902 909 * 530524479
50 340 * 322433236
344 517 * 438556967
420 565 * 294095847
401 849 * 186117329
134 665 * 370323350
195 829 * 796464262
203 415 * 71920882
53 936 * 475333752
48 634 * 38659947
802 807 * 695230474
424 844 * 843077481
56 763 * 808690574
318 633 * 516594730
16 816 * 531757342
116 666 * 4681332
460 689 * 957226313
410 462 * 784146332
816 988 * 263026092
767 984 * 580396483
165 330 * 899215385
473 615 * 862375992
98 781 * 647438948
321 611 * 982038082
19 811 * 488297770
353 437 * 483992577
572 998 * 578689460
701 720 * 760356522
181 519 * 937024606
132 678 * 97411580
595 884 * 979708616
658 870 * 937297156
96 761 * 979304457
542 559 * 881426211
496 806 * 844049167
300 382 * 212007175
107 215 * 159142444
251 580 * 955220592
195 895 * 310440844
148 548 * 702523957
327 966 * 156485320
287 824 * 159279813
883 932 * 761804778
24 308 * 516600916
330 394 * 414076857
750 917 * 684691981
263 476 * 329493688
129 185 * 522820687
224 595 * 366516744
73 867 * 893684565
780 795 * 173747727
315 628 * 146902852
418 875 * 455274565
523 975 * 441534166
199 756 * 744683469
338 555 * 21342025
521 916 * 535387506
160 529 * 766305538
720 1000 * 205695631
522 817 * 523848030
155 655 * 509980244
625 728 * 559436655
407 434 * 928379153
264 662 * 743988086
65 862 * 566222180
529 534 * 801742971
440 669 * 495633882
24 177 * 869162588
438 518 * 475241948
329 822 * 813533823
129 924 * 337189302
676 793 * 954568427
206 388 * 224714266
215 325 * 127835914
188 442 * 369847521
278 804 * 593013447
368 886 * 279724092
292 604 * 107653011
268 969 * 838462055
702 911 * 647381240
1 292 * 8781235
283 885 * 807157553
153 608 * 339483555
681 743 * 202563005
17 939 * 28707804
322 612 * 973440535
739 871 * 887340788
79 879 * 949579464
107 536 * 624218636
572 752 * 166216607
567 946 * 379676801
150 428 * 907824992
224 542 * 910177175
74 216 * 835083709
200 616 * 53793168
450 701 * 752085711
14 327 * 850199813
301 725 * 878792967
468 983 * 664629961
307 577 * 464106786
264 428 * 53254691
768 837 * 372794938
587 1000 * 404306795
459 690 * 276751113
91 925 * 156317531
264 939 * 284703485
371 940 * 218661644
151 737 * 467402741
28 249 * 460795625
195 215 * 951160959
96 852 * 185694076
141 775 * 75216018
18 830 * 203408064
88 142 * 376226293
34 751 * 738414581
715 731 * 822873775
504 576 * 40035597
194 250 * 469869261
641 648 * 744164456
487 580 * 231528937
689 771 * 472203866
812 910 * 256172749
161 827 * 84299105
143 831 * 375114025
171 730 * 699269784
227 715 * 456015816
87 625 * 422709868
620 817 * 515378093
559 807 * 728259958
281 826 * 553481435
936 967 * 6655310
386 488 * 937674058
98 714 * 642862547
457 782 * 133523545
207 865 * 647825984
603 693 * 950749046
292 841 * 975160196
454 814 * 995254150
469 971 * 699943093
164 585 * 383642567
70 996 * 502219522
949 963 * 599023577
532 811 * 835982359
71 127 * 458124986
443 626 * 593174428
8 877 * 166816269
398 539 * 436480765
224 827 * 778043079
180 482 * 995825060
324 670 * 862754118
558 722 * 645942903
386 730 * 379730458
193 463 * 83814882
17 430 * 116270609
199 268 * 422977695
564 849 * 577406346
75 784 * 827112977
836 940 * 59532818
154 745 * 156631934
280 681 * 794359360
468 528 * 712474165
102 844 * 356878600
544 756 * 371589701
376 808 * 639534277
92 608 * 377521163
37 525 * 473443963
181 602 * 892306355
311 454 * 959748739
47 647 * 495964629
340 976 * 164905932
338 458 * 437239351
359 801 * 456607365
685 946 * 41470821
