1000 1000
99 293 - 366528639
84 326 - 181268342
552 745 - 823138905
572 780 - 903006221
345 439 - 963180152
522 571 - 208528327
898 979 - 388579760
623 764 - 468354400
267 432 - 685995306
30 190 - 14735214
313 664 - 755432357
579 895 - 417181690
508 763 - 16182103
70 138 - 799649723
108 798 - 856556062
115 849 - 703784143
293 340 - 820411601
382 919 - 324557314
284 408 - 405110149
736 876 - 143295460
117 547 - 657924118
297 776 - 127346078
608 812 - 75003013
362 656 - 98469261
174 502 - 349940600
324 907 - 892431303
32 749 - 94380017
41 517 - 935090983
51 888 - 791530031
285 719 - 34280991
143 245 - 605882089
492 890 - 501081886
632 870 - 211953521
654 990 - 306883900
486 684 - 353938737
38 825 - 259068104
60 835 - 905470093
170 348 - 372026931
337 732 - 605013809
67 187 - 111855182
769 844 - 248739191
277 666 - 75937009
301 837 - 963549057
930 976 - 913767351
164 193 - 216609811
256 337 - 668164185
161 710 - 641110782
535 581 - 795776679
892 999 - 898284283
787 822 - 782797850
2 258 - 789899901
178 982 - 276615626
902 936 - 683456465
477 693 - 474047201
354 716 - 531883042
452 607 - 476313843
557 938 - 77946834
361 710 - 197395258
221 475 - 427853327
637 829 - 606257778
87 737 - 747045934
646 697 - 655389188
570 786 - 384298499
31 533 - 681001950
630 839 - 407493385
190 632 - 584325412
39 553 - 389644648
163 230 - 568511679
78 733 - 191637897
491 815 - 182464692
194 578 - 378786412
578 992 - 711864339
481 507 - 416933886
657 719 - 697339063
434 923 - 182428295
65 495 - 242934707
60 568 - 744320082
374 825 - 972391841
60 706 - 224550650
478 988 - 555643755
210 780 - 129735206
605 984 - 746552493
308 784 - 615818052
836 895 - 986483096
100 247 - 693437687
458 948 - 583122190
489 632 - 21533649
422 653 - 990023884
461 980 - 634908906
751 841 - 689896143
609 791 - 55755692
248 505 - 932077443
250 410 - 470351953
245 469 - 153618547
151 353 - 552606678
816 846 - 67649536
98 503 - 698545867
423 983 - 688056852
398 498 - 412611002
330 607 - 112356053
420 448 - 72097758
693 912 - 575416965
546 801 - 380356347
11 604 - 402652911
203 847 - 952651024
850 912 - 691194304
169 843 - 464152935
716 723 - 315022948
466 544 - 885966043
667 765 - 921493795
162 383 - 952869174
159 693 - 269414539
205 923 - 650523348
816 849 - 763802886
780 822 - 981303655
84 257 - 449506115
297 621 - 92362392
146 865 - 541741161
187 287 - 348751660
286 760 - 733856325
915 987 - 331162287
76 668 - 661040639
117 562 - 956426586
226 349 - 984003295
41 761 - 442060766
269 355 - 54298871
99 285 - 532417620
115 969 - 537756361
2 105 - 826912652
90 564 - 77661300
262 365 - 422388960
128 512 - 339136199
29 145 - 556897342
509 984 - 711370763
55 886 - 592267354
222 825 - 340639626
596 973 - 42378306
516 815 - 995967579
314 457 - 665319044
692 766 - 794116986
486 852 - 379292521
341 370 - 18222147
196 763 - 426263484
20 759 - 785113338
549 716 - 911958232
374 385 - 356432604
78 305 - 209442728
461 726 - 563166780
766 930 - 676573093
222 986 - 412894571
616 829 - 989263298
161 899 - 935831767
126 985 - 541415009
404 458 - 977302402
422 761 - 967063467
204 548 - 255177108
132 155 - 119652392
82 126 - 999252702
699 781 - 773222973
40 787 - 642232279
599 667 - 917666494
797 908 - 289658035
777 985 - 339500449
17 947 - 430680654
317 867 - 224958233
66 693 - 763878951
63 909 - 940461730
328 873 - 360381415
307 625 - 280540340
125 508 - 926480024
374 453 - 128341766
464 913 - 394609742
403 447 - 716055699
726 919 - 387879717
202 791 - 598488578
619 659 - 192449090
113 284 - 9466715
59 336 - 587548679
539 901 - 656726579
193 692 - 841671672
64 659 - 897776488
276 822 - 361706748
613 942 - 618839172
89 990 - 811172353
385 620 - 909009940
382 547 - 244349304
727 861 - 628514841
706 776 - 208268619
519 636 - 927791137
121 999 - 718739274
308 599 - 124177433
635 848 - 516480238
223 342 - 424603089
28 966 - 185081048
5 126 - 946242150
492 864 - 863079890
885 928 - 182368159
311 829 - 176606200
528 587 - 695244718
326 623 - 192521277
348 787 - 988123338
162 699 - 945946302
566 941 - 619839311
9 823 - 443847187
63 955 - 685242777
123 653 - 116060736
69 952 - 69272014
521 850 - 24838514
99 175 - 821011101
63 650 - 115266620
471 875 - 587464390
243 725 - 949385548
24 706 - 994428280
578 601 - 71782428
407 898 - 720369045
51 350 - 205719900
94 601 - 602447922
283 679 - 351088709
48 407 - 475746287
434 865 - 404917236
250 393 - 311588055
371 727 - 382781318
348 454 - 56858503
619 715 - 881358288
127 839 - 227362108
272 896 - 565929455
130 890 - 894182477
610 929 - 91878154
252 977 - 519672519
639 695 - 838099162
785 996 - 375279970
451 807 - 603175050
122 404 - 315820639
760 806 - 382312860
363 761 - 210333373
300 354 - 516964942
181 552 - 888635131
227 307 - 486505774
616 700 - 748616544
296 929 - 46368173
500 777 - 408355143
657 955 - 829383949
300 705 - 973620453
301 989 - 708438857
618 996 - 671917846
580 618 - 445278558
31 528 - 61637365
471 660 - 371338398
418 621 - 93757370
421 759 - 493751460
127 715 - 239299977
469 975 - 51020185
290 533 - 737666579
385 476 - 980958589
592 943 - 767033288
41 842 - 457545343
384 565 - 223406654
770 823 - 673060126
161 622 - 896703421
604 770 - 92225503
542 854 - 187473898
25 546 - 439220403
545 873 - 5712138
830 832 - 208699405
152 768 - 450770151
101 604 - 219420933
21 283 - 203278628
160 626 - 182646354
554 677 - 564540407
680 813 - 668330828
224 910 - 791556833
440 526 - 766390841
567 949 - 446837638
350 364 - 296106554
10 74 - 666776375
204 844 - 882890470
33 40 - 361570956
126 294 - 699431099
200 978 - 620703927
135 921 - 53674546
755 870 - 147216358
371 458 - 983440610
735 966 - 314481275
631 964 - 390945566
531 699 - 374787251
574 756 - 768362822
599 937 - 649968370
130 148 - 282120427
464 697 - 411035404
168 891 - 699170030
378 528 - 498988371
113 841 - 95334901
461 811 - 214122100
146 685 - 762626416
693 792 - 206821753
41 969 - 350892022
123 926 - 952658907
466 628 - 584983014
137 426 - 529382626
69 724 - 662396228
762 908 - 805715409
472 736 - 564352741
273 641 - 88301537
386 564 - 356944821
253 504 - 375611240
556 717 - 765630797
71 993 - 273827435
77 316 - 636065305
286 731 - 684584200
418 761 - 565857550
183 184 - 420655417
225 443 - 856089163
145 816 - 836455437
320 955 - 296126124
47 853 - 576635187
226 306 - 427775391
168 616 - 201693178
9 315 - 352300079
523 758 - 143944397
16 254 - 417896520
99 859 - 773787248
41 336 - 502456757
481 531 - 732048120
12 85 - 174275727
732 787 - 782830154
230 521 - 397332131
359 644 - 995747186
271 969 - 138816375
522 936 - 9841977
366 913 - 774631918
227 587 - 975893641
177 196 - 674107056
439 667 - 632813668
27 597 - 47205395
235 374 - 371374698
764 920 - 38341310
213 412 - 52982636
188 493 - 316956835
145 296 - 260332956
90 512 - 563115552
344 981 - 912500359
521 612 - 776842651
727 961 - 540556206
178 499 - 887199962
781 899 - 435450269
654 927 - 315909842
259 521 - 541582911
363 936 - 759459691
447 573 - 587863584
379 490 - 931962817
261 506 - 197377963
79 460 - 375694501
465 819 - 486869441
121 623 - 5537384
527 950 - 44637532
279 565 - 555943940
184 706 - 95695570
6 956 - 93015147
512 990 - 84538101
781 941 - 46769873
43 579 - 66868945
12 322 - 601240685
600 732 - 861341518
287 615 - 544129289
158 956 - 804071465
2 153 - 347641520
907 999 - 878547774
364 999 - 482096067
102 141 - 822666831
22 943 - 410059247
24 892 - 127401144
155 884 - 595651334
549 927 - 191266350
273 542 - 422643386
447 629 - 171132750
240 482 - 730312995
138 403 - 95642188
188 208 - 947452926
481 507 - 774553973
697 768 - 941008385
455 523 - 854214330
358 383 - 199749122
661 726 - 486156693
111 506 - 840499437
165 201 - 587203272
491 890 - 471252247
284 487 - 376357611
522 727 - 361584007
83 818 - 413486203
391 882 - 406844480
13 796 - 396126289
577 758 - 23291561
325 541 - 861870791
650 901 - 798843133
384 484 - 500356026
46 622 - 680277837
592 824 - 624472471
20 723 - 323410454
569 971 - 648195671
121 176 - 75279517
588 893 - 424106931
60 109 - 905710306
125 470 - 762038020
373 749 - 938205517
466 674 - 106292174
380 742 - 248313193
277 652 - 558764294
551 829 - 485252150
102 336 - 180948802
671 809 - 675843748
633 696 - 282415811
69 220 - 813851942
408 904 - 111298064
324 683 - 347835708
590 652 - 147943276
725 855 - 264600075
148 414 - 377702142
228 655 - 768346054
186 923 - 469771723
69 304 - 678329878
274 611 - 179465769
277 606 - 948017681
30 565 - 891369167
273 495 - 828990045
238 836 - 944027707
4 796 - 791674119
14 403 - 216383332
935 968 - 390985881
105 861 - 942683557
409 779 - 524451258
635 765 - 544914234
184 208 - 302285505
757 767 - 393624925
605 734 - 147223794
476 682 - 71941317
494 608 - 148356504
112 594 - 419207845
357 431 - 917003142
231 337 - 657768463
939 974 - 137548957
853 863 - 250829745
462 464 - 847794745
81 264 - 600334932
207 376 - 192860489
533 737 - 346279641
588 862 - 453560184
435 995 - 946250773
228 401 - 165372457
243 540 - 728418446
150 751 - 521919959
532 775 - 852014482
292 834 - 829063385
779 990 - 79740551
589 696 - 385650867
768 994 - 454227700
51 946 - 476948179
351 459 - 800097610
515 920 - 989019209
303 875 - 518476951
282 980 - 402488288
842 885 - 154638179
267 620 - 415010900
227 604 - 327379503
533 694 - 74992333
27 58 - 357679985
373 918 - 728593526
268 835 - 872043327
315 881 - 334273076
462 710 - 254931934
154 304 - 789744839
554 664 - 16300221
147 848 - 976730180
432 670 - 26391589
274 547 - 549137498
85 818 - 100945880
230 533 - 266265454
194 511 - 615377867
292 572 - 890520211
489 630 - 752833306
230 859 - 542978079
399 514 - 879763091
25 984 - 816772840
460 715 - 161687011
373 771 - 355153811
153 995 - 811238652
1 913 - 958189932
451 821 - 590851049
173 852 - 360373025
412 992 - 729392931
9 474 - 762674149
525 977 - 237939438
56 484 - 678686652
622 912 - 620754276
68 911 - 504360540
116 590 - 936175452
282 887 - 495412016
155 200 - 919290378
369 895 - 98052440
164 477 - 388875836
24 92 - 728327396
148 227 - 634699393
207 936 - 315834322
60 125 - 40495356
391 799 - 269507698
462 917 - 432330680
234 871 - 437673848
252 933 - 910894062
94 164 - 87547248
316 727 - 885599324
5 341 - 122273000
150 869 - 532060314
11 725 - 707850639
575 638 - 628741521
652 869 - 535201040
119 562 - 743176524
670 931 - 705776230
614 771 - 38248155
219 393 - 460890878
353 767 - 96778107
484 583 - 264451298
679 894 - 729995917
593 758 - 107492657
798 890 - 507219600
640 950 - 831801607
236 403 - 142350586
178 571 - 515551767
376 665 - 147573408
300 621 - 143904024
548 909 - 687140542
633 809 - 142852932
867 924 - 998749119
501 540 - 805074255
108 965 - 18141313
395 398 - 963031121
168 338 - 525011348
433 691 - 249252832
85 200 - 979286474
410 457 - 219974473
364 880 - 861900438
28 658 - 603922162
501 975 - 880736639
317 558 - 35876024
63 660 - 867456566
373 860 - 973887201
411 661 - 769576727
165 424 - 747553742
288 306 - 949968503
178 829 - 403646257
198 328 - 736738051
73 347 - 672507693
238 300 - 29491561
397 933 - 382039442
135 245 - 587311158
29 717 - 32805903
338 834 - 414941160
103 692 - 186400873
317 375 - 199995926
155 473 - 908302574
592 908 - 115092877
818 932 - 557759028
184 700 - 745097774
388 699 - 617958421
339 695 - 216301815
154 271 - 263544381
438 647 - 904912598
45 402 - 701006334
414 914 - 29049519
108 960 - 412532113
416 838 - 324054686
792 875 - 248836840
24 547 - 977119813
227 663 - 147263852
522 976 - 469362891
427 649 - 105640056
585 966 - 633599447
775 929 - 401190252
86 581 - 341740614
305 551 - 953534923
190 997 - 514351441
293 555 - 111749950
59 677 - 396101139
454 867 - 108608966
657 815 - 128605949
192 703 - 552501961
758 990 - 37933321
9 309 - 73016365
11 66 - 894007753
115 900 - 571330374
732 966 - 751619830
276 723 - 732497855
559 732 - 619932485
353 357 - 95223949
266 427 - 444622775
7 556 - 32203845
192 804 - 730728264
71 921 - 125359037
74 592 - 795401342
21 153 - 68037719
595 974 - 138027653
186 768 - 752109951
94 829 - 355898967
698 859 - 911427923
551 916 - 710032924
30 645 - 60416314
553 849 - 683620235
23 154 - 885443608
159 512 - 940852164
194 257 - 170176058
72 481 - 492179565
558 560 - 237610308
162 174 - 546339905
724 791 - 335114597
184 459 - 625718321
166 815 - 875947091
33 763 - 146178696
291 385 - 985109476
25 716 - 400926461
649 801 - 367510299
527 867 - 425544338
111 505 - 626908482
134 641 - 260499936
347 561 - 143445441
115 685 - 870320993
708 903 - 532522584
335 344 - 459653090
107 254 - 148847879
446 806 - 448170217
175 224 - 766634567
522 720 - 608775600
474 893 - 777281311
599 866 - 815242879
139 402 - 328296139
132 574 - 906821584
334 914 - 134192075
535 904 - 714851548
203 910 - 169049401
256 261 - 250601548
22 75 - 83699468
46 676 - 393203003
289 781 - 638060647
418 456 - 848582518
48 279 - 843010075
235 689 - 641748196
763 971 - 775625976
206 943 - 972084373
205 751 - 682474744
614 749 - 281596790
33 999 - 738613600
609 613 - 202002619
33 114 - 1933525
412 859 - 907334390
583 585 - 621461424
496 862 - 689808219
417 574 - 89319431
364 868 - 826939264
363 917 - 726750432
362 443 - 8987751
259 511 - 965574630
372 741 - 24079327
202 634 - 810187174
353 634 - 616426331
366 724 - 241756810
358 562 - 426193064
218 240 - 816305358
150 752 - 525108629
57 438 - 805596106
19 720 - 146479228
372 871 - 471558120
26 203 - 231714103
403 766 - 311123936
472 626 - 295160936
166 701 - 761040821
70 317 - 536219229
56 614 - 466733837
640 663 - 312317220
259 865 - 377921078
70 645 - 882631612
370 694 - 413739982
242 591 - 568534287
246 661 - 336322124
202 555 - 16554142
135 950 - 826729790
644 773 - 802874820
457 497 - 478428772
151 853 - 37800507
47 210 - 682303105
3 548 - 232159032
627 865 - 23433454
632 991 - 604717403
412 975 - 431145308
518 551 - 779923911
228 737 - 739405710
127 654 - 369670722
9 383 - 444596881
436 611 - 365533233
546 797 - 447740301
178 565 - 424176288
5 942 - 466235197
303 326 - 92469487
36 311 - 385063090
18 213 - 124440606
90 269 - 866731021
420 486 - 667161535
389 616 - 390524976
154 511 - 327328768
104 119 - 732288394
119 462 - 200593192
468 833 - 821105735
264 317 - 969563284
84 855 - 115521878
164 312 - 748981071
73 523 - 392733700
314 702 - 512837973
890 951 - 724315118
514 785 - 753226540
737 1000 - 856041577
398 647 - 978782669
38 560 - 333077522
121 283 - 826078150
786 855 - 332896363
356 725 - 687121138
781 830 - 56633964
220 229 - 398051894
676 972 - 106113274
147 961 - 362446097
224 486 - 809212171
16 675 - 952753536
413 675 - 481910430
952 977 - 770191183
655 713 - 537683508
184 348 - 32140164
526 904 - 873251508
256 256 - 691607474
567 638 - 71799800
601 607 - 14619380
103 126 - 111253474
315 868 - 717096245
357 417 - 533177296
641 892 - 568367197
425 470 - 843219987
136 869 - 277411697
120 413 - 359716968
622 720 - 294400683
572 887 - 413082416
468 889 - 340750878
87 831 - 80403930
327 825 - 625902291
298 862 - 523938990
328 830 - 888340589
724 820 - 986083052
702 894 - 515854643
114 829 - 303249747
209 255 - 2184471
511 819 - 991675383
75 463 - 156795171
273 929 - 710999218
270 352 - 116009347
487 782 - 62692907
83 925 - 858261209
745 777 - 90704990
281 757 - 362683147
617 690 - 233865545
501 783 - 864120220
26 662 - 919585976
759 813 - 261826249
322 804 - 857010135
535 759 - 95040250
135 269 - 992614737
224 874 - 385715603
267 822 - 414140207
191 653 - 737788607
582 986 - 319815388
251 391 - 305896326
237 586 - 471499513
430 953 - 72790186
194 539 - 902584629
923 957 - 911153058
57 659 - 368152776
124 175 - 282411671
6 528 - 932249511
290 473 - 512122884
222 573 - 49189384
272 371 - 57044003
76 570 - 225983659
150 355 - 976021416
490 666 - 568122864
304 851 - 317988122
34 75 - 930078868
365 981 - 410764300
939 960 - 829777183
275 586 - 5935945
327 995 - 171678354
143 250 - 584090262
236 846 - 371410571
629 907 - 251412434
106 348 - 346061391
886 954 - 623990102
66 849 - 683896055
185 913 - 997883783
694 840 - 747452684
359 972 - 95881154
685 882 - 992694931
98 489 - 29235403
41 815 - 201222902
264 461 - 488275040
704 712 - 512585309
142 548 - 425944336
378 463 - 268502521
231 888 - 435669212
288 550 - 440604997
340 799 - 143585528
191 912 - 284395721
583 914 - 429504584
465 758 - 757045357
275 519 - 125627705
391 748 - 49724
189 835 - 314718571
6 475 - 493991522
284 654 - 963957592
77 543 - 278577220
214 946 - 373955461
11 855 - 570212441
509 747 - 575774515
212 786 - 869946342
416 783 - 940794791
461 511 - 83092052
192 626 - 708653353
9 804 - 386332074
599 772 - 507465428
228 331 - 853747625
30 778 - 558431525
720 733 - 324637073
281 636 - 24840242
810 873 - 562496195
277 700 - 874589476
201 615 - 712610434
119 623 - 865706175
178 418 - 448764096
403 583 - 862444824
215 346 - 410725469
306 639 - 34648800
259 550 - 58723495
444 833 - 36893816
306 748 - 512862949
434 924 - 696337630
160 722 - 153621002
179 751 - 449808194
87 237 - 20780714
148 438 - 114724396
536 549 - 943408368
335 439 - 753348024
30 602 - 218335958
242 480 - 446852788
61 314 - 853695428
57 428 - 231876802
154 835 - 803123617
344 724 - 14032851
755 766 - 999321051
658 782 - 492889726
3 148 - 53956119
747 886 - 88622339
422 771 - 868932774
755 816 - 197694637
148 149 - 103583052
706 880 - 620757882
593 940 - 536067755
591 653 - 707286816
525 598 - 78616042
381 800 - 214210994
74 862 - 696213406
27 500 - 886153971
339 855 - 367176352
680 782 - 464003130
315 998 - 975066714
371 960 - 507751207
311 503 - 654867637
108 432 - 181983572
440 835 - 183555512
128 808 - 574947662
734 866 - 331935896
683 734 - 596017291
410 442 - 652363931
495 958 - 475512733
453 510 - 193152106
634 997 - 687113297
28 528 - 112075321
142 714 - 26287253
609 775 - 637319157
525 566 - 815319309
26 420 - 130254430
318 456 - 403692148
515 814 - 158597699
56 672 - 959246378
236 925 - 458042134
312 770 - 492399769
447 513 - 299027754
257 629 - 561199242
600 749 - 453867511
154 192 - 7298063
301 771 - 362360757
346 770 - 891151982
346 359 - 586068915
181 941 - 203666006
245 607 - 673067079
391 964 - 572373775
168 190 - 280739882
559 821 - 262120335
36 865 - 925970631
724 747 - 48520588
129 621 - 103398111
150 807 - 33754725
157 850 - 477613665
654 903 - 747806406
69 589 - 459060384
436 813 - 456278954
511 650 - 926404968
294 773 - 67338283
406 865 - 754648103
321 462 - 535836440
126 448 - 441866732
411 680 - 800512290
27 266 - 402544756
461 667 - 280932286
61 175 - 819870420
84 855 - 56404831
382 955 - 867658049
578 603 - 125297020
56 923 - 97842249
264 762 - 695835579
57 90 - 671327470
8 739 - 423845309
362 373 - 137398759
544 922 - 350314554
174 247 - 302816990
577 769 - 975538308
177 221 - 661873427
150 839 - 865544054
56 512 - 21505488
530 693 - 706004609
301 758 - 572981258
215 994 - 794449215
476 594 - 835253187
310 678 - 418672836
459 943 - 521925479
483 491 - 186159288
692 836 - 774915790
188 280 - 486394140
96 355 - 244560508
181 425 - 129700772
320 808 - 725290814
46 995 - 726857672
465 816 - 586801345
98 810 - 223363060
360 635 - 574946878
575 754 - 682928423
145 878 - 756519683
143 651 - 577771549
336 933 - 208671434
147 671 - 293236526
180 404 - 632454866
422 932 - 84139959
290 870 - 369031289
40 151 - 206778529
189 686 - 75006639
427 448 - 653599586
283 671 - 963728882
547 770 - 796100875
382 919 - 988563582
145 179 - 112364121
69 437 - 159450625
767 885 - 36884506
124 442 - 225155445
725 840 - 904495785
163 757 - 185556120
303 469 - 109712987
479 751 - 322553018
568 828 - 222348651
90 921 - 282483172
652 931 - 565764214
588 693 - 518119056
339 438 - 122480987
464 591 - 105289295
426 664 - 284220596
442 826 - 312998684
240 346 - 442237990
469 989 - 673162261
388 548 - 834049987
334 881 - 45954392
626 894 - 912799125
364 520 - 816600106
644 987 - 352066485
175 216 - 342420351
166 491 - 811281750
506 717 - 475020326
404 711 - 365073194
184 767 - 783820797
389 638 - 604904286
876 877 - 380428114
43 292 - 171276509
469 828 - 64267042
