1000 1000
167 734 - 79830265
168 212 - 688106616
749 989 - 884080786
769 975 - 954057676
563 585 - 797290019
87 884 - 874489544
174 794 - 78210172
103 154 - 766984902
45 778 - 81544724
275 955 - 192068140
8 928 - 878315595
150 968 - 741166129
223 794 - 21757669
84 344 - 403472086
19 313 - 610308134
40 755 - 359143860
54 450 - 973216258
653 876 - 397671035
150 872 - 254112174
394 551 - 838346123
384 851 - 61606112
260 734 - 3617738
821 852 - 121150962
598 891 - 925929555
712 875 - 993104080
205 501 - 571161977
600 756 - 495022016
131 462 - 629121425
167 416 - 554460926
440 940 - 495092243
495 622 - 136404592
227 973 - 706906118
920 945 - 600162482
235 548 - 478594188
519 708 - 368871542
714 831 - 433927449
103 536 - 667990652
211 247 - 96633268
125 281 - 915455603
293 629 - 909636825
252 782 - 7633412
4 199 - 682920249
825 920 - 738372788
332 352 - 723980849
112 740 - 223424396
213 534 - 847709140
401 561 - 847783540
2 784 - 700612814
162 664 - 637073832
317 319 - 198377231
523 863 - 73813858
435 852 - 157006518
326 350 - 786925963
54 300 - 721401128
388 745 - 810252788
12 860 - 45226968
313 537 - 636960962
266 807 - 871327198
935 951 - 337413612
63 298 - 521805447
431 547 - 195390586
355 426 - 136731769
22 96 - 866565864
368 605 - 420821050
205 408 - 87405980
223 989 - 964276127
102 193 - 352642734
134 901 - 794165714
317 744 - 8339348
483 790 - 353130634
408 872 - 877546293
431 588 - 931073517
402 808 - 668997013
401 658 - 34676912
363 826 - 784193659
260 299 - 758154067
54 68 - 600889249
820 964 - 861830538
201 337 - 354657814
471 798 - 778556877
5 856 - 917090480
586 716 - 628677699
484 734 - 153484092
649 690 - 802554154
491 937 - 443423385
462 511 - 4804824
420 478 - 361735567
142 603 - 560795905
260 536 - 331091276
193 970 - 453150771
468 713 - 810186615
83 787 - 712617184
352 870 - 50685547
445 945 - 881517064
425 587 - 664452546
362 916 - 936228620
512 872 - 578727680
539 638 - 779136456
138 326 - 49886701
189 1000 - 782956815
362 534 - 841337126
14 759 - 30934693
110 645 - 740404721
104 580 - 854333899
172 542 - 590601497
80 267 - 551361257
98 973 - 297410757
38 254 - 147504483
28 677 - 268196200
81 758 - 935207812
158 328 - 252564700
423 576 - 112643430
363 889 - 499427691
214 271 - 869593694
434 830 - 975413642
259 479 - 320597546
642 971 - 438169476
651 988 - 910370529
69 845 - 343406732
163 519 - 424071251
603 795 - 882742259
73 613 - 923656402
222 612 - 7166041
28 112 - 802691031
247 527 - 427008538
230 698 - 233760890
359 471 - 655736985
314 1000 - 994205682
280 899 - 365325678
50 441 - 29182641
550 939 - 655465665
458 816 - 565869757
141 724 - 323551426
312 805 - 781821185
317 340 - 119327703
740 758 - 434189974
256 563 - 623318757
578 655 - 32379415
242 873 - 22547665
644 894 - 902038593
454 887 - 414568861
382 451 - 595757145
12 955 - 534371859
85 214 - 842298892
740 826 - 686603968
709 992 - 836501104
198 735 - 691478173
573 885 - 967901768
315 813 - 741551487
192 871 - 697544895
140 337 - 688267642
47 404 - 468265224
143 648 - 950994173
175 671 - 311581931
411 985 - 475329162
21 684 - 849648475
40 110 - 677832039
34 421 - 122921365
210 464 - 615016715
643 952 - 632558936
171 886 - 251407656
773 933 - 108955857
804 902 - 960928661
503 842 - 267494993
340 517 - 837897800
202 860 - 387861247
607 843 - 923649045
276 310 - 962503943
248 997 - 715188400
57 67 - 903808047
761 851 - 942676254
63 235 - 61338193
159 342 - 736865595
176 471 - 653721739
799 814 - 978138083
235 254 - 165240378
289 934 - 207589512
568 722 - 628075436
663 794 - 763106819
643 726 - 88888312
17 626 - 456742170
324 970 - 809606639
141 157 - 180271229
401 638 - 463932293
355 932 - 379130236
275 843 - 810876410
237 640 - 892672047
606 786 - 178900637
298 987 - 806153392
156 268 - 819436997
439 726 - 463625614
446 929 - 144447245
293 642 - 332197162
376 949 - 336899740
246 454 - 706078808
278 709 - 451290987
547 603 - 38535660
46 847 - 770846727
205 454 - 990879585
224 780 - 164991526
295 553 - 686654774
65 116 - 298549345
41 120 - 332929736
347 489 - 172710583
251 877 - 931375727
940 966 - 591137964
203 811 - 626416049
755 952 - 575951406
110 168 - 437350759
328 464 - 734576907
116 628 - 854326155
740 919 - 217173438
49 584 - 445016539
211 602 - 349005769
113 571 - 725970931
220 821 - 61113365
267 449 - 396889048
293 352 - 338256711
99 267 - 952351991
547 721 - 55697074
7 893 - 657551073
519 742 - 958893125
261 861 - 526825987
510 802 - 378228026
58 293 - 219964646
412 894 - 417036556
254 973 - 651627327
247 592 - 527804583
575 623 - 446955195
314 727 - 935310705
402 571 - 931859579
345 832 - 763046898
39 515 - 723363245
40 283 - 837653520
4 7 - 77268681
110 350 - 457995902
75 340 - 232103666
367 412 - 320879814
620 679 - 566862437
544 703 - 150345835
184 207 - 479262422
435 1000 - 731798065
122 249 - 184420706
20 337 - 595128564
56 783 - 853026573
135 998 - 427190135
30 498 - 476915583
65 645 - 276473122
428 992 - 350574878
411 840 - 876936797
488 823 - 982652265
587 922 - 415392319
505 672 - 460498020
518 722 - 990404349
532 704 - 348690235
312 880 - 975214548
577 883 - 200062248
536 991 - 691755944
97 735 - 291300089
522 774 - 668791834
124 672 - 173254994
26 768 - 967099064
904 946 - 880265033
83 373 - 771813987
789 889 - 354503503
86 770 - 464656090
167 873 - 765537588
125 454 - 674026815
214 922 - 45648318
193 462 - 769266859
628 904 - 379553205
310 780 - 9685470
281 637 - 365630564
46 134 - 379300994
286 442 - 706785132
711 886 - 969006549
543 661 - 293969186
74 538 - 61610272
623 729 - 869546290
637 783 - 119922853
102 117 - 509287438
805 893 - 64328995
170 582 - 401455574
322 918 - 733242202
109 190 - 610146021
77 526 - 158582133
241 771 - 829235721
265 717 - 426888466
192 751 - 307549204
838 910 - 368958626
253 455 - 137176557
159 435 - 482306302
5 636 - 317004449
69 528 - 188138353
74 449 - 962109695
195 965 - 858309969
278 707 - 973424307
581 873 - 830806949
82 153 - 467585556
143 390 - 950056608
95 283 - 448100162
288 309 - 324659011
234 352 - 978180576
194 615 - 132233082
12 950 - 860983865
259 596 - 222617438
648 750 - 226893537
74 280 - 521725069
475 802 - 128689389
654 660 - 995924205
395 410 - 638369058
722 802 - 167415770
5 417 - 181932539
791 946 - 370172993
482 877 - 820534158
310 834 - 759444335
213 592 - 837300413
65 374 - 110905525
278 965 - 598468907
258 405 - 525086988
615 846 - 94938302
391 734 - 885478015
403 703 - 240768968
737 794 - 376597891
52 181 - 721692764
326 335 - 751430613
159 961 - 441762112
298 457 - 274393738
98 321 - 355618188
192 968 - 64969414
904 961 - 504873318
334 402 - 242009891
8 860 - 965605176
618 752 - 913257413
564 938 - 784040699
470 926 - 637503389
201 788 - 412078294
201 489 - 402231309
60 560 - 938336134
45 179 - 496841969
252 554 - 369106996
269 374 - 406747811
44 728 - 666714329
197 415 - 632664139
33 847 - 625585069
503 933 - 930902454
721 784 - 354706482
92 326 - 983548635
383 531 - 780879966
725 960 - 300060173
181 261 - 670712736
361 444 - 716183471
391 472 - 539044221
274 845 - 129134347
69 80 - 770968712
128 145 - 516314471
599 628 - 329857078
798 798 - 261662894
178 929 - 919547356
645 694 - 799192039
709 819 - 731383291
291 699 - 82252165
284 413 - 398654454
104 127 - 390773188
1 173 - 990783283
411 787 - 168781029
379 805 - 356242306
891 983 - 181826491
651 920 - 493631551
90 801 - 399450362
205 231 - 631710575
184 951 - 928198409
369 858 - 364584605
446 557 - 111248904
929 951 - 284424708
62 839 - 830531875
280 627 - 375394021
39 715 - 752932560
213 481 - 127244925
87 715 - 746440578
463 968 - 263747150
220 862 - 728199220
252 723 - 77178927
664 797 - 52978741
231 473 - 236235206
368 686 - 329562911
299 466 - 819247632
130 370 - 12733225
22 760 - 847096796
428 513 - 527379628
613 720 - 223655566
86 670 - 943898905
99 672 - 132951045
369 537 - 230564266
259 517 - 781136241
267 980 - 655874390
186 201 - 603388752
58 372 - 605547510
83 819 - 512582271
5 52 - 445405579
142 647 - 122983885
242 795 - 711798484
642 876 - 533023560
92 804 - 302232858
162 591 - 36920236
111 423 - 337812990
372 668 - 712797715
554 573 - 8268167
457 797 - 440541596
146 223 - 901195941
403 814 - 191148000
137 139 - 353959664
792 905 - 918625694
131 715 - 587050910
116 429 - 74262053
143 564 - 692298779
97 325 - 800019405
273 409 - 895798588
232 890 - 56751611
338 999 - 102689104
891 899 - 231703521
174 321 - 372207461
36 139 - 234799468
339 486 - 632256345
130 620 - 832067733
165 978 - 873270643
420 480 - 791337804
5 615 - 455868637
556 983 - 121219857
233 485 - 394155870
178 595 - 371140609
298 988 - 190632374
352 524 - 136521606
158 436 - 1743969
603 991 - 562960313
10 888 - 934665078
33 184 - 399326956
454 981 - 779905867
748 761 - 848530597
91 630 - 451274009
104 226 - 144032050
85 712 - 783779928
342 429 - 241309321
346 953 - 738772945
681 752 - 191541378
387 929 - 989860375
834 837 - 146788202
105 641 - 554745631
12 654 - 513034305
342 680 - 14255241
750 915 - 824362797
675 763 - 752691110
217 761 - 20328544
226 828 - 551193378
113 546 - 482040965
209 272 - 100381881
155 597 - 776689367
847 983 - 628748704
328 388 - 859868672
110 650 - 312108207
760 833 - 166280490
673 820 - 652408390
689 950 - 96290653
531 598 - 815448640
410 688 - 401335030
687 874 - 578723214
531 934 - 75688018
933 985 - 375164359
965 973 - 744337456
81 639 - 149320701
17 786 - 614003825
809 817 - 117438769
666 776 - 395406459
603 939 - 51473404
438 909 - 221343357
205 360 - 30661438
528 750 - 141386157
358 768 - 822866750
50 283 - 284911198
507 961 - 898749786
732 919 - 990390910
249 472 - 417001747
218 257 - 916600871
99 974 - 400086755
324 785 - 985632569
721 808 - 564812962
87 635 - 915341053
569 964 - 643339678
52 940 - 27310778
212 227 - 364133949
199 694 - 203587223
650 787 - 91564631
596 711 - 703586708
71 850 - 752588360
54 127 - 90559458
570 872 - 590562135
214 880 - 948393012
463 492 - 876101561
561 769 - 420764108
591 902 - 135074177
162 904 - 577377406
568 889 - 50972377
650 821 - 898622395
407 972 - 209652031
106 980 - 679741623
290 316 - 679831657
502 739 - 807271784
525 653 - 803776484
203 510 - 438357720
178 911 - 454038302
338 535 - 173871694
671 717 - 326881873
452 630 - 331339566
279 721 - 787332249
636 894 - 121669822
403 557 - 859006763
6 235 - 275355350
130 884 - 913777412
275 720 - 597295661
161 828 - 819802060
500 852 - 355374178
69 245 - 146558263
118 371 - 850903062
262 639 - 965549076
458 864 - 645781218
306 563 - 727165040
355 552 - 818009609
301 524 - 705194505
567 867 - 617688454
328 821 - 450750171
304 645 - 282774699
417 761 - 817630489
676 773 - 807538054
251 687 - 926934478
30 318 - 681587234
162 585 - 473142071
457 693 - 168561801
883 917 - 56733468
318 759 - 556162091
87 309 - 987644801
152 300 - 360104351
270 838 - 370885885
676 704 - 846615336
76 729 - 561256308
16 768 - 174316778
403 991 - 644363905
654 893 - 852840121
297 858 - 198485726
354 359 - 890972782
597 837 - 646466454
925 996 - 22383763
340 423 - 983901561
147 425 - 412032267
89 727 - 683112128
12 695 - 888373308
129 777 - 118971119
335 852 - 933395308
107 615 - 405930358
261 746 - 15148075
562 670 - 635622132
67 340 - 766425780
417 514 - 203915511
878 907 - 451335570
467 584 - 348944197
66 76 - 177261576
325 516 - 609756098
838 944 - 187864235
577 810 - 988864161
26 534 - 623754393
493 589 - 329316185
473 736 - 378807763
145 579 - 998667350
161 951 - 35919690
81 173 - 959544667
319 982 - 262806399
34 244 - 133513152
361 912 - 440722081
488 676 - 28498752
279 516 - 202769204
213 257 - 180519628
71 504 - 507809939
111 240 - 471444707
670 804 - 66727012
247 342 - 398221768
76 332 - 233380541
454 579 - 716326651
232 312 - 62158769
88 901 - 171234676
160 312 - 555843522
375 477 - 106964495
282 505 - 158605698
202 669 - 12679459
791 810 - 142130147
630 643 - 558771211
69 82 - 608401389
166 465 - 990516171
714 783 - 880776392
627 867 - 524045566
120 651 - 489279517
556 816 - 142261615
431 903 - 824603696
219 978 - 449693687
134 591 - 972227177
134 219 - 7610386
558 863 - 363187583
412 502 - 819696818
509 760 - 986630129
745 938 - 973902997
181 566 - 175266065
752 866 - 682641809
140 438 - 415205107
167 276 - 665995203
329 685 - 161464881
499 593 - 221200746
735 744 - 540572234
553 605 - 318311398
720 919 - 567647265
50 797 - 234433751
113 130 - 18125620
47 846 - 629534359
98 391 - 976652215
105 790 - 268746092
552 657 - 625389187
125 723 - 201261886
192 713 - 874101683
117 898 - 444290820
165 442 - 658983697
595 824 - 486572902
81 141 - 97611629
671 928 - 116300218
551 763 - 174988801
412 612 - 183497541
463 698 - 838967911
377 987 - 552744339
29 758 - 787692564
238 435 - 830272330
164 442 - 592800901
549 993 - 284500240
656 778 - 217883173
113 156 - 516580367
107 280 - 254243204
665 784 - 223746822
779 853 - 485804581
162 955 - 211850848
608 869 - 530244448
515 591 - 141306715
729 799 - 542493061
80 590 - 28635539
549 578 - 695699678
243 288 - 756248740
237 485 - 210417790
196 535 - 617621937
33 62 - 404457356
783 888 - 339090586
269 689 - 463406259
629 883 - 21752748
236 765 - 482578695
38 815 - 128596416
109 625 - 92583565
281 767 - 551213448
438 482 - 54272140
185 564 - 107914900
610 653 - 907155802
49 884 - 215537040
63 628 - 598793870
30 658 - 967542009
65 909 - 706369050
177 603 - 70791856
633 933 - 669502350
171 442 - 910176001
379 821 - 638369135
107 778 - 772702916
402 621 - 744294401
973 996 - 394546693
32 621 - 378047723
912 979 - 693835620
532 864 - 239298444
572 918 - 661351794
253 883 - 660581455
470 702 - 520233909
61 343 - 934689708
115 948 - 556757090
330 622 - 358034455
88 251 - 593679329
240 272 - 535237698
537 732 - 688403790
360 670 - 87489619
389 773 - 140261350
558 846 - 500330399
644 829 - 367408614
833 973 - 779087324
62 612 - 593011280
272 435 - 838319184
182 642 - 777392185
38 63 - 884005853
126 672 - 341624217
220 302 - 54270540
422 473 - 941380728
220 368 - 744932344
447 559 - 336556015
201 746 - 398032270
458 795 - 264883570
177 418 - 390935257
205 583 - 185956328
316 980 - 327447576
347 436 - 361816648
535 723 - 444251724
151 339 - 16087852
379 464 - 72119327
394 475 - 438592050
360 986 - 33419194
678 720 - 93402115
367 948 - 6321630
233 634 - 36630861
165 685 - 205094989
602 676 - 918713873
692 790 - 521650413
903 904 - 33070799
247 577 - 522846012
6 281 - 396136790
60 562 - 276482508
229 391 - 564008010
143 604 - 148815194
662 838 - 859711420
600 748 - 167403666
668 834 - 913658119
273 696 - 268717504
81 84 - 777228556
115 390 - 317586574
173 325 - 529859909
568 995 - 754438948
469 563 - 742940634
621 723 - 243269821
736 805 - 854161911
16 945 - 950612441
76 589 - 531738174
45 594 - 798221690
563 639 - 101453534
388 672 - 30200176
129 138 - 967682004
676 891 - 595244090
428 474 - 803125698
70 899 - 882691129
156 812 - 906957534
470 942 - 785509786
51 727 - 106288447
287 871 - 192144501
550 954 - 869102686
324 738 - 687184092
193 962 - 270146755
490 955 - 273173891
297 729 - 142147363
112 718 - 777614901
475 957 - 953089020
379 634 - 896384309
133 803 - 87752872
58 561 - 972147168
76 833 - 2622406
875 905 - 583215784
214 257 - 593633299
431 962 - 89677884
90 396 - 743810115
201 858 - 90033457
238 988 - 699361219
422 482 - 481442162
43 907 - 260621173
271 707 - 231721871
174 321 - 570921404
385 425 - 979978521
484 977 - 922876464
103 125 - 880506065
306 381 - 825263484
815 997 - 547299124
657 759 - 816505139
856 959 - 128675765
101 640 - 856735582
824 826 - 991621089
295 981 - 36372323
71 381 - 1196959
19 732 - 477653800
104 929 - 819416154
449 567 - 734750409
129 361 - 623664017
29 962 - 569136376
653 676 - 994672808
858 891 - 109651333
827 1000 - 829465569
546 819 - 837479753
161 1000 - 697241326
44 412 - 677253679
92 932 - 189120085
33 497 - 362160989
639 823 - 104249987
594 783 - 176044757
109 666 - 680908195
421 999 - 855833421
580 590 - 790230458
75 417 - 100720073
549 581 - 506723875
725 918 - 162258447
678 895 - 938103327
12 381 - 333197629
462 823 - 583090208
28 607 - 419984060
224 669 - 393427895
555 717 - 966264485
238 585 - 988676314
379 598 - 249348928
51 968 - 226444139
144 828 - 932214021
549 965 - 672601825
306 442 - 338190458
440 506 - 700452148
83 579 - 299869131
678 790 - 828957257
602 712 - 28299541
260 621 - 763617481
338 603 - 21492084
143 983 - 433140839
372 993 - 488888930
112 212 - 85531847
407 883 - 350621055
648 974 - 288828405
747 770 - 54310834
379 922 - 173568795
133 205 - 734950009
218 807 - 876128864
347 617 - 690629189
62 486 - 288840713
224 532 - 737621754
265 796 - 418672431
367 929 - 749040210
577 730 - 192233996
59 971 - 539328278
142 563 - 128925639
814 952 - 898785957
169 398 - 754322554
219 516 - 600103157
307 607 - 861064755
213 662 - 35585371
357 961 - 326609449
619 928 - 595356663
212 362 - 623336401
26 227 - 996768419
180 705 - 644338250
464 952 - 63430949
533 721 - 389525326
152 729 - 835109220
128 520 - 619563893
279 717 - 419391763
668 849 - 229467500
839 982 - 927059375
41 767 - 217725632
529 722 - 888150072
320 674 - 786284743
550 928 - 418794608
143 943 - 482517858
73 940 - 613311425
127 983 - 3586308
106 691 - 998198520
244 455 - 16506187
449 592 - 560390581
333 393 - 703914275
178 814 - 480932190
595 964 - 400824460
3 830 - 593777798
170 613 - 876961199
172 405 - 457060040
542 983 - 400275409
574 622 - 389996201
42 403 - 218481784
703 831 - 716898795
752 818 - 99022200
244 407 - 120699590
72 186 - 107413933
654 786 - 354068497
456 951 - 572835530
219 962 - 142279062
203 323 - 972404304
77 179 - 1232282
400 617 - 47897648
131 861 - 715361740
41 162 - 242249100
267 273 - 707088379
285 905 - 257150097
287 298 - 685709739
369 693 - 694050046
741 881 - 556496552
15 715 - 735917082
777 820 - 80948549
23 565 - 130949278
135 378 - 301911414
235 721 - 706587487
68 664 - 393910094
884 950 - 81813131
199 903 - 842859622
861 962 - 825432796
254 734 - 862816230
363 420 - 568725050
78 369 - 718843392
271 907 - 890177311
273 634 - 898522790
303 900 - 666544289
431 735 - 336298616
46 150 - 504106615
378 421 - 738765642
99 125 - 232818164
778 994 - 311229939
63 736 - 456214361
162 217 - 252332467
873 894 - 106552939
365 829 - 54559585
235 455 - 173855982
350 938 - 71897185
572 962 - 373195734
436 606 - 998470493
155 557 - 895826394
405 637 - 963041703
410 410 - 116417920
54 584 - 683312531
863 927 - 870236337
366 778 - 865808586
93 695 - 4146986
355 643 - 93109554
466 954 - 672253917
614 775 - 708363226
345 744 - 472082660
601 826 - 705932488
20 598 - 893045665
584 879 - 927038988
232 761 - 5257184
610 668 - 158870844
249 292 - 536135358
191 655 - 471235834
6 210 - 813438421
96 345 - 813369871
274 641 - 68903507
683 954 - 309500887
400 792 - 351156107
442 473 - 183798030
266 452 - 560461276
587 776 - 927576206
79 816 - 201620294
261 829 - 389275309
230 303 - 712270635
690 819 - 751026474
219 292 - 688828468
474 529 - 424081989
696 771 - 885490372
230 518 - 655136747
97 366 - 281166287
523 604 - 230775824
352 459 - 941752877
261 562 - 722617094
263 979 - 159685106
146 741 - 390074404
556 626 - 192391670
827 995 - 329968528
340 688 - 634315185
266 316 - 687169530
202 393 - 419202992
407 562 - 820258806
9 541 - 7626040
835 913 - 816490557
524 626 - 801841198
139 916 - 320067766
329 823 - 811644312
236 781 - 826383288
455 561 - 886191328
599 821 - 314601663
98 334 - 449590430
105 484 - 111579458
54 434 - 356046412
664 914 - 372386655
915 977 - 531398556
117 530 - 61735787
85 277 - 546370630
201 324 - 941013636
838 863 - 516741396
203 569 - 248183012
189 610 - 972884878
418 997 - 403508983
340 464 - 531208661
74 115 - 137112180
199 617 - 136238107
551 987 - 696003313
274 993 - 745825391
86 340 - 648068045
185 690 - 77918980
510 899 - 137618158
238 626 - 254172084
297 464 - 119369215
65 749 - 456547444
98 163 - 698740775
686 813 - 538663442
303 810 - 733558303
666 828 - 932175089
381 756 - 426630942
16 941 - 863662354
68 736 - 955411413
