1000 1000
118 489 - 468066799
709 966 - 7039200
341 663 - 832938601
425 830 - 355258532
76 509 - 575229304
809 871 - 578165113
600 672 - 192616691
146 674 - 465164237
74 584 - 438368498
216 997 - 465391023
397 708 - 831772474
675 783 - 223317689
174 340 - 705513679
181 886 - 397199201
378 658 - 603220065
757 962 - 291166581
96 116 - 590148710
33 567 - 457793721
892 909 - 478163911
553 689 - 958018561
429 974 - 336392175
240 688 - 139202704
197 291 - 646264595
296 771 - 482279666
419 916 - 326379701
126 511 - 167290641
553 673 - 578838683
697 844 - 850002516
329 926 - 725283714
361 666 - 503503401
443 593 - 15231444
199 776 - 722962243
681 734 - 277557523
299 402 - 109676166
317 385 - 467216138
19 424 - 705601209
394 525 - 474060294
194 868 - 566305323
156 880 - 690071015
224 594 - 609491359
138 235 - 630081381
77 738 - 576176209
218 956 - 934385952
469 590 - 531289026
463 752 - 18716588
25 937 - 307159377
584 972 - 744123587
366 708 - 821318050
488 689 - 248199352
757 847 - 772167619
133 541 - 379659894
15 303 - 972682484
182 774 - 790008089
19 116 - 993860255
34 630 - 429099348
236 894 - 181589078
794 924 - 645695956
669 879 - 944313264
234 610 - 530398560
235 557 - 766642408
521 986 - 853779150
73 634 - 382241426
199 409 - 848428218
517 595 - 24237320
10 269 - 654250132
552 964 - 680824454
197 473 - 503397984
598 625 - 689444327
676 845 - 150537296
274 839 - 484991165
653 670 - 211437785
208 947 - 879624387
567 990 - 995926286
178 384 - 564850117
308 563 - 259979478
217 698 - 895633646
4 504 - 613624020
566 690 - 441930568
696 926 - 45691224
163 749 - 771225539
117 185 - 834146289
309 575 - 21776932
242 378 - 717583828
221 638 - 294531289
584 621 - 363613792
239 785 - 545082915
93 813 - 477051663
134 257 - 50355995
141 778 - 61195479
639 781 - 704171947
204 680 - 753995540
491 523 - 976996561
633 949 - 213160845
135 856 - 605239771
471 820 - 4693471
155 264 - 342925533
762 992 - 891462497
235 570 - 799836692
34 384 - 251591311
290 635 - 30323454
201 783 - 628012882
629 701 - 984301841
473 758 - 733530525
937 963 - 769052245
268 315 - 190476407
116 524 - 643675571
34 303 - 869052848
227 940 - 61199829
255 811 - 447693125
867 984 - 561850886
625 912 - 352106915
51 421 - 32454361
215 922 - 776662627
405 648 - 342618969
138 359 - 733005647
857 940 - 527757125
388 894 - 715031424
247 268 - 360308158
406 876 - 224272994
623 694 - 582237668
245 580 - 507457616
489 648 - 102789760
38 992 - 560449267
729 848 - 96633355
361 842 - 721407109
120 512 - 288309965
641 889 - 220544239
543 647 - 668524935
286 588 - 849160769
5 858 - 974599092
310 844 - 329147400
199 210 - 771055469
393 984 - 988568292
6 746 - 885577483
201 540 - 766442623
308 669 - 761657993
557 614 - 592779198
799 998 - 37684210
129 934 - 423644910
384 971 - 319507442
64 531 - 146298270
393 939 - 258087103
133 496 - 644681535
15 560 - 379145119
159 522 - 50021596
56 399 - 776817418
579 948 - 226723919
258 409 - 767338251
341 423 - 280002025
319 715 - 217303538
317 726 - 319400887
388 916 - 147588301
588 755 - 790827392
246 803 - 278857069
459 955 - 324542245
598 705 - 585170326
24 81 - 379051622
117 571 - 158490689
379 757 - 786921789
478 571 - 117174271
537 714 - 25840268
97 585 - 65701490
344 920 - 925825040
338 348 - 617582309
344 904 - 888144544
538 740 - 18538066
200 379 - 674616906
416 524 - 173819854
444 673 - 707930766
561 781 - 546349321
269 389 - 202326783
32 391 - 633301935
623 681 - 244534213
5 733 - 241825246
336 771 - 488537296
270 580 - 775207719
15 761 - 476147630
344 364 - 231284568
506 996 - 773874131
114 250 - 926369448
542 590 - 463559775
238 823 - 503306309
288 689 - 518762644
333 471 - 677621714
378 751 - 111742313
428 964 - 748258237
104 152 - 578700027
508 887 - 932526634
464 547 - 356665427
248 631 - 260384364
28 399 - 787714481
323 527 - 208627140
207 694 - 541942239
422 977 - 180584134
296 434 - 32298618
95 613 - 753529901
783 832 - 10639187
423 927 - 378715525
712 742 - 532048907
326 397 - 215779409
518 956 - 880122225
608 860 - 642791220
133 470 - 8069721
400 737 - 639037845
273 741 - 268821775
234 248 - 519978400
18 878 - 769365349
82 565 - 477440622
80 85 - 611761053
364 577 - 792239141
212 990 - 751184260
89 803 - 411360338
307 348 - 293082615
284 711 - 788807646
399 573 - 124209241
491 867 - 87539362
170 561 - 296117611
569 774 - 686867880
130 230 - 276420177
173 241 - 970241863
449 458 - 735854215
449 765 - 419897440
445 775 - 8766005
12 964 - 66079486
145 518 - 730989149
353 366 - 654615298
60 819 - 179513911
75 600 - 716648377
183 951 - 312460737
592 808 - 663310953
61 664 - 768534429
771 950 - 724516878
740 863 - 957905942
269 519 - 329363674
116 888 - 353472419
62 408 - 518619061
218 616 - 233934775
810 873 - 973135943
392 580 - 484412284
433 859 - 961047103
290 801 - 397703034
228 992 - 566621244
835 897 - 267301823
690 736 - 718500243
698 853 - 234974943
895 919 - 57907115
162 583 - 923084079
179 930 - 291077346
726 749 - 389428069
585 750 - 517769584
58 511 - 105068408
156 220 - 157524326
240 676 - 567248610
102 964 - 595264268
372 846 - 673045557
713 955 - 632354219
45 403 - 951702914
690 863 - 196993868
73 774 - 674035122
261 811 - 242945916
311 700 - 967924463
775 838 - 610061209
868 910 - 594667435
456 599 - 894477222
572 753 - 286000520
123 496 - 501438553
110 492 - 964951510
65 922 - 816410659
72 342 - 579882338
407 545 - 526705229
296 607 - 156496304
452 736 - 194007934
696 730 - 122716798
226 297 - 243939691
479 963 - 360017635
126 911 - 236846751
436 817 - 411043553
167 230 - 975852157
253 967 - 50297191
188 241 - 599967957
316 999 - 538433395
665 892 - 433203684
228 770 - 223393535
611 637 - 301582475
638 963 - 716933319
628 783 - 584023382
410 463 - 100462122
663 858 - 719844038
513 725 - 485351643
364 519 - 81715853
307 584 - 297205700
31 96 - 480664587
146 305 - 621104417
366 724 - 861847514
588 884 - 161629332
252 432 - 951221132
510 957 - 144869843
342 710 - 582581267
8 605 - 564445263
790 863 - 783300952
508 856 - 262255836
459 604 - 180665119
653 993 - 269971156
815 845 - 344370317
242 414 - 200805817
107 955 - 731532054
648 894 - 336178798
648 728 - 209795206
196 584 - 504033466
80 197 - 837975786
602 841 - 688439312
428 731 - 507757273
241 871 - 240709458
509 979 - 385062696
773 777 - 727285198
337 918 - 313140561
16 366 - 639402223
720 991 - 726533455
28 996 - 873304735
849 977 - 578515679
265 608 - 697359969
299 922 - 295708745
858 935 - 421077781
80 520 - 114021548
835 899 - 690617708
143 787 - 918048969
562 696 - 29198167
28 850 - 671315093
690 843 - 559239910
50 325 - 902311542
238 634 - 718127349
546 752 - 416388841
371 436 - 495865248
585 785 - 878868814
548 928 - 179126646
381 814 - 467973517
185 187 - 440369023
655 854 - 178549714
434 630 - 608613670
877 903 - 422475842
168 284 - 273305081
127 975 - 183016466
378 612 - 163984718
515 970 - 176812527
8 339 - 964720773
56 680 - 28401948
396 450 - 648443352
91 955 - 623931218
247 593 - 986593067
148 644 - 848681674
104 184 - 307726770
191 933 - 907846296
110 395 - 804156492
308 880 - 811011439
101 333 - 257941925
506 745 - 720868704
10 848 - 481335257
497 707 - 266441527
836 915 - 517759354
636 823 - 997854322
771 989 - 839339555
163 399 - 532576495
377 554 - 488293199
722 953 - 35694230
26 332 - 207286219
551 889 - 133148233
694 877 - 168911670
276 983 - 319805116
9 241 - 507564047
134 483 - 800797587
43 867 - 371443029
477 754 - 480163446
251 541 - 79809856
379 968 - 310925682
45 64 - 926295047
179 667 - 447827924
588 810 - 875405492
151 171 - 906472404
382 838 - 82589731
685 689 - 831792982
306 814 - 439119160
526 715 - 407665804
141 950 - 845654862
124 539 - 844291347
3 936 - 972692993
256 373 - 480967422
43 918 - 928762793
666 990 - 550225513
301 361 - 911349598
196 951 - 721139670
501 1000 - 782883832
114 467 - 70497618
640 989 - 110863633
660 974 - 302691938
243 534 - 112965952
424 518 - 394513552
316 963 - 420710963
555 975 - 393120853
946 962 - 8544487
377 837 - 871807369
581 989 - 63385974
525 944 - 669616050
165 289 - 390187902
547 671 - 280244183
618 733 - 126744421
597 932 - 622901828
212 752 - 22309574
494 695 - 439323802
556 736 - 561169771
35 574 - 657953084
508 974 - 399597997
594 678 - 16146385
110 948 - 543086402
146 905 - 272356556
510 877 - 56852666
249 340 - 260368950
406 675 - 206946941
174 538 - 565035355
663 967 - 924185766
120 167 - 967215280
127 780 - 750277679
762 972 - 890814918
194 360 - 213477165
365 562 - 915933336
460 816 - 253700448
357 843 - 119761179
218 839 - 787592076
83 346 - 57269037
597 835 - 3255474
194 264 - 133003071
147 260 - 996003193
719 760 - 803546259
349 474 - 861497466
551 986 - 849299136
9 388 - 39572527
382 692 - 506091312
494 817 - 162830692
336 477 - 673748006
469 602 - 632548100
308 351 - 26263099
234 667 - 588406605
297 812 - 243896767
944 948 - 116244430
738 937 - 626715883
35 781 - 824794811
260 298 - 826092435
294 542 - 770932866
70 755 - 668282839
504 630 - 979869581
567 640 - 402535708
576 944 - 54311437
252 554 - 43977833
76 894 - 326062309
348 614 - 390880246
514 823 - 913583591
151 289 - 716912769
391 663 - 490736996
66 661 - 92510280
34 789 - 271717308
474 843 - 955158432
9 397 - 428135778
684 846 - 459613019
195 384 - 74232747
29 711 - 224048275
147 941 - 953577859
556 582 - 246355359
532 795 - 886701072
452 923 - 367065065
1 180 - 713598697
209 683 - 337824747
258 405 - 485176695
175 308 - 201888899
618 931 - 170371948
285 381 - 171138031
285 806 - 991593642
453 929 - 539132116
349 865 - 506012282
217 559 - 851158734
959 964 - 534688981
849 946 - 457673866
676 721 - 982847215
24 782 - 396852825
609 726 - 225490880
264 554 - 137265607
71 749 - 790522977
122 977 - 745856702
29 822 - 145721211
203 260 - 380047702
174 742 - 449153116
51 259 - 996029180
456 948 - 912517123
77 419 - 165142896
784 835 - 818967925
288 799 - 707055392
343 732 - 986818911
677 793 - 538577259
353 488 - 70180703
400 472 - 796323567
112 448 - 950868657
789 852 - 732570759
13 917 - 26580026
791 882 - 162277268
405 434 - 447982895
364 537 - 982967499
512 750 - 215886470
119 900 - 915770514
368 663 - 697182188
524 747 - 863552792
82 95 - 333069385
807 862 - 633637249
162 205 - 135320364
83 803 - 378727359
273 845 - 638477886
182 670 - 965841141
692 925 - 629815373
59 234 - 841885475
110 344 - 551221281
55 416 - 973260309
464 967 - 513220746
317 549 - 800063246
433 637 - 198553745
308 576 - 332949196
782 785 - 823695836
488 546 - 147912108
273 763 - 234087819
366 505 - 572807859
423 911 - 907950123
895 917 - 641281093
781 999 - 863985608
139 536 - 9809126
336 763 - 511247789
639 683 - 935406260
374 378 - 852474379
333 673 - 441567838
890 936 - 196956862
829 980 - 81701376
102 363 - 812045893
30 711 - 304420896
257 513 - 700875581
531 599 - 376175782
23 53 - 796293897
102 602 - 938585040
200 416 - 815238889
276 464 - 982102958
514 910 - 548208209
277 511 - 377993699
339 504 - 411924633
81 100 - 189460844
44 855 - 322016295
481 949 - 946052843
470 769 - 510748764
401 763 - 832630025
396 420 - 393592091
334 886 - 949892106
596 605 - 722604177
160 678 - 942343230
32 965 - 907291373
97 474 - 244133079
91 94 - 341358374
217 274 - 761866246
268 955 - 815941264
347 624 - 330641169
62 668 - 889669154
535 944 - 833530434
706 766 - 829133057
228 375 - 286645518
204 514 - 918701412
468 645 - 549787137
672 798 - 268607956
168 412 - 956300027
530 883 - 507243150
747 780 - 163555919
240 629 - 515719249
158 249 - 528630943
625 670 - 595738036
584 619 - 229776630
521 527 - 483652474
121 996 - 508108751
169 506 - 80135458
72 77 - 790936290
671 700 - 268191989
611 957 - 387667944
504 556 - 971192832
412 670 - 306696205
308 657 - 429588733
155 840 - 829157706
112 543 - 716732094
280 386 - 733680177
387 491 - 836235934
41 864 - 835042668
263 295 - 371544655
102 519 - 804511955
108 525 - 416758700
121 543 - 408896084
782 996 - 653092580
7 737 - 567991947
29 317 - 890769705
110 972 - 406532246
39 147 - 513552224
394 943 - 992216886
53 361 - 755394231
142 222 - 13517228
464 756 - 581751741
202 659 - 540165722
312 822 - 556380920
645 865 - 55520631
741 948 - 609673048
5 42 - 959213873
546 705 - 55605037
154 262 - 375467502
222 355 - 271925238
267 443 - 340735569
93 780 - 915034136
448 978 - 767190906
558 889 - 782141849
441 801 - 742550685
213 282 - 315142504
334 642 - 674060257
716 854 - 324868231
637 778 - 324730210
637 889 - 987877547
334 336 - 719751432
703 862 - 735655995
631 792 - 193747833
193 472 - 249422240
177 228 - 139139055
31 605 - 78840909
308 859 - 510552605
111 178 - 104813781
593 963 - 519925733
871 973 - 746233354
200 882 - 186138042
159 484 - 39773574
846 854 - 678187947
308 627 - 792550875
318 732 - 850523992
47 895 - 857560503
865 882 - 488332732
708 864 - 472563567
329 622 - 616482605
660 925 - 202573933
481 924 - 450336608
86 88 - 908710615
192 756 - 460880088
539 810 - 648581404
370 849 - 201734741
738 797 - 117511931
485 561 - 259869508
104 616 - 441201256
443 838 - 328723814
80 426 - 563411323
298 871 - 914594296
153 169 - 873521058
205 847 - 269371510
107 401 - 772355023
897 989 - 123020519
167 618 - 438629955
431 896 - 526584780
633 970 - 494806898
366 678 - 495014380
125 158 - 345399884
404 675 - 269351272
206 943 - 413872825
30 35 - 594543108
729 786 - 730302826
380 409 - 168884763
319 808 - 432587939
224 489 - 187423446
78 140 - 663053491
375 498 - 614573556
120 336 - 326251516
522 645 - 477521613
189 521 - 540949094
339 789 - 436509993
967 993 - 21572152
574 676 - 185190263
156 242 - 381999733
112 217 - 64742974
42 389 - 119946671
93 565 - 284209391
151 768 - 644815580
585 672 - 566131066
185 637 - 156413750
370 388 - 633042233
6 545 - 817523303
336 531 - 254108819
287 657 - 947600484
251 911 - 179065066
415 473 - 811445638
249 550 - 214799042
59 757 - 669993594
90 902 - 268306478
187 250 - 833004912
317 442 - 258970982
644 750 - 221644808
52 822 - 909791890
699 789 - 392743425
53 427 - 624140866
723 941 - 381984733
91 815 - 182248195
34 613 - 601316500
35 756 - 738129164
481 634 - 797054811
7 79 - 24739117
23 844 - 800785282
718 926 - 376525359
67 758 - 452509958
378 868 - 816926785
471 494 - 929552374
400 941 - 385962275
208 606 - 92004171
445 832 - 444183634
446 649 - 349027599
306 576 - 642805146
66 862 - 933532223
180 520 - 461881962
90 423 - 449860199
288 912 - 560567771
520 866 - 292188744
193 657 - 304289905
310 403 - 452284531
39 650 - 797928156
229 515 - 832289950
453 551 - 72067000
434 445 - 549145554
692 947 - 691200892
305 424 - 300550893
265 397 - 118550280
352 881 - 700150337
328 797 - 593705660
255 918 - 255524362
834 944 - 544465567
422 442 - 88444733
204 987 - 585462910
440 707 - 54417035
687 954 - 212713903
530 804 - 983213618
183 599 - 804583524
444 787 - 654621075
136 802 - 523409060
209 850 - 16441107
593 938 - 283065304
422 878 - 643317068
513 555 - 530785223
210 294 - 315955362
216 529 - 458789346
289 470 - 298511609
173 373 - 492788752
44 223 - 58691478
451 893 - 474478532
740 910 - 626406360
499 998 - 954640800
6 448 - 873519447
437 958 - 302779417
54 656 - 371931037
65 773 - 728669609
694 910 - 194871301
77 437 - 768412735
222 782 - 488948128
528 975 - 958176214
315 606 - 167845029
337 518 - 303360162
212 904 - 111133429
682 895 - 696645168
80 503 - 357617269
185 880 - 309758413
803 845 - 395277051
310 365 - 206507994
9 290 - 47503944
769 779 - 860351302
9 378 - 105425943
215 568 - 216123142
575 580 - 474916150
348 511 - 978271208
77 601 - 258574466
82 265 - 94095250
222 278 - 316947102
246 905 - 811989454
851 991 - 921235983
587 680 - 609771871
16 365 - 204868453
103 136 - 307867663
35 480 - 722132322
390 950 - 980668834
208 723 - 947207926
49 737 - 37453076
470 839 - 12533235
308 326 - 557486279
62 882 - 893715362
336 502 - 589070576
569 807 - 222175450
116 449 - 366858618
302 532 - 852516777
357 545 - 481091134
405 457 - 707056486
52 59 - 763843359
12 445 - 462866830
418 851 - 43408479
25 49 - 551351052
139 967 - 86022892
265 606 - 906569603
232 371 - 938323816
148 827 - 520229705
625 697 - 478928729
330 874 - 438313042
28 80 - 225615836
89 874 - 584121559
547 571 - 960168330
11 465 - 706431189
756 805 - 270512479
222 402 - 400795357
706 841 - 148874212
725 780 - 172302087
341 361 - 112991303
559 656 - 561480580
389 527 - 670521011
512 793 - 123156428
442 567 - 624632515
300 808 - 897262220
70 572 - 991084833
510 785 - 202771813
298 642 - 762260839
433 602 - 437627742
160 696 - 928307065
100 900 - 228172823
684 761 - 241823251
81 595 - 180734818
94 848 - 928361032
111 644 - 673342298
272 775 - 362317547
119 707 - 742194338
176 600 - 572984217
519 571 - 291027355
450 682 - 193805824
40 393 - 171962443
865 904 - 370615225
145 170 - 252742384
484 515 - 291424203
221 724 - 210336909
567 754 - 186432156
3 831 - 233597689
454 888 - 679898602
168 466 - 314964247
152 993 - 986733393
423 790 - 667039389
449 792 - 759814928
670 729 - 525427890
276 576 - 44437851
315 424 - 228239838
76 909 - 861520849
922 951 - 519173596
230 947 - 382357268
171 598 - 501155207
11 30 - 200121826
46 815 - 5950836
362 735 - 388213109
480 642 - 650902869
617 678 - 661024620
2 649 - 420789019
453 612 - 948910682
317 520 - 820926048
449 684 - 450577317
379 396 - 713089191
70 237 - 874104735
413 465 - 339026873
470 648 - 998151349
372 625 - 720152668
68 669 - 231805591
289 704 - 148412467
49 961 - 193992468
487 557 - 740995677
672 815 - 377972135
819 975 - 976784660
62 346 - 872150913
320 929 - 975460987
359 673 - 594083934
792 819 - 96835595
90 166 - 920409021
195 649 - 211273424
294 656 - 208719062
56 713 - 825456595
283 780 - 518576388
695 754 - 757697280
489 525 - 881574259
205 479 - 890093808
118 716 - 231213343
83 578 - 876172300
154 677 - 330660371
592 855 - 69723495
513 849 - 501989085
275 567 - 937217990
608 877 - 14059027
295 496 - 860298014
375 575 - 751954344
394 855 - 282098641
528 885 - 554954048
58 211 - 774670020
64 223 - 804471756
187 929 - 962283
49 594 - 532901458
817 953 - 289391198
251 547 - 645855438
325 674 - 867629729
279 656 - 434207301
163 206 - 125644879
599 623 - 591201801
673 853 - 701988256
528 548 - 608261723
126 213 - 387491248
256 571 - 541632829
8 212 - 577116662
211 268 - 133622181
716 747 - 909102228
390 454 - 515824128
196 842 - 710613604
678 891 - 136796072
255 399 - 374316323
788 829 - 746329274
484 854 - 867975674
222 316 - 431540789
90 249 - 275473387
193 269 - 65266502
193 438 - 131786614
373 930 - 663528210
439 646 - 929293197
322 857 - 883029060
291 614 - 668348661
12 989 - 949978079
819 915 - 415291017
75 161 - 992391259
128 633 - 164690074
15 811 - 415103462
165 837 - 7752874
157 443 - 524814978
764 821 - 603318514
649 755 - 275088603
712 844 - 68678952
710 980 - 54800978
315 353 - 823825793
114 605 - 430003620
181 343 - 799083006
221 498 - 248239433
389 464 - 587826528
381 639 - 96614115
116 238 - 517833382
306 460 - 106470599
150 755 - 616498735
60 464 - 756393775
74 442 - 362279730
65 94 - 894210195
972 994 - 509632145
360 944 - 162468394
693 940 - 633483448
465 768 - 85854778
365 889 - 27482347
72 291 - 612759887
221 818 - 39297454
651 704 - 517754097
25 694 - 776675277
2 57 - 758724452
26 689 - 4560652
414 801 - 953493862
389 431 - 386412320
277 952 - 84965675
74 882 - 897535250
435 513 - 30938518
8 264 - 271162635
617 686 - 587827454
247 593 - 774133013
258 960 - 806898505
212 300 - 245984457
584 593 - 919572329
45 161 - 591297192
418 889 - 32224179
490 555 - 586652603
363 811 - 882824361
188 603 - 681095463
568 635 - 673175662
199 710 - 51578606
110 387 - 170602966
287 712 - 678509945
142 492 - 917205099
106 691 - 377396579
153 172 - 885160355
76 434 - 961795451
626 648 - 552666280
28 183 - 935262340
414 463 - 620269002
681 860 - 783612175
280 339 - 232803459
230 967 - 161003543
580 730 - 162233734
316 966 - 139255444
27 181 - 803176606
195 646 - 942098591
442 886 - 63185804
615 925 - 33704334
261 800 - 509877775
121 851 - 949753876
371 967 - 628832914
