1000 1000
403 881 + 582695887
30 313 + 346882690
876 941 + 870250659
750 986 + 338436935
670 845 + 258666363
50 418 + 837757262
564 700 + 989953519
7 993 + 775170618
941 984 + 496210142
30 963 + 898820953
253 969 + 852171657
307 376 + 318233973
77 705 + 893637877
69 802 + 933950059
479 486 + 135387596
461 963 + 464040874
27 171 + 568794326
411 465 + 759420518
328 468 + 446788987
185 734 + 287816539
516 538 + 132087822
122 751 + 514867423
345 556 + 222484773
751 852 + 812767608
705 811 + 616858206
404 862 + 465084644
115 499 + 451435081
363 591 + 557355687
253 549 + 485189200
107 233 + 634347089
54 684 + 825940715
157 813 + 969442197
371 973 + 572172974
266 800 + 63375070
183 847 + 82318269
208 753 + 588244753
176 311 + 521183251
429 817 + 1719698
204 934 + 240586621
123 322 + 188642325
12 751 + 221791273
420 872 + 660387425
822 925 + 81299463
15 834 + 616875053
16 439 + 905618671
392 712 + 970127619
32 609 + 397467288
313 764 + 618341224
54 97 + 901082545
731 972 + 431752959
278 717 + 937050558
237 590 + 79683103
363 993 + 707391596
630 917 + 937595029
300 656 + 597541177
398 860 + 856497597
132 1000 + 108303596
39 640 + 769586039
167 308 + 871737614
785 931 + 478260706
74 109 + 815756465
590 744 + 163501725
326 713 + 70477977
302 766 + 177955051
794 807 + 354235113
184 546 + 765099675
860 935 + 730366450
880 908 + 291970214
362 461 + 837234043
774 835 + 634033079
101 456 + 503709903
557 743 + 578653344
114 514 + 17970626
363 814 + 761386803
47 636 + 867650100
614 680 + 612539042
513 858 + 782770737
42 497 + 440409841
230 437 + 651993915
320 618 + 419368967
374 579 + 86384086
333 839 + 57364788
110 213 + 336101621
257 409 + 256271792
370 799 + 620321261
553 712 + 25019420
158 701 + 906092121
182 294 + 200033477
204 390 + 17196455
444 871 + 354718269
188 679 + 424604224
410 735 + 652126170
411 893 + 999039253
19 125 + 179483666
610 993 + 36626706
611 631 + 468438585
642 863 + 618850569
341 509 + 952240193
73 591 + 647270071
411 657 + 699325907
383 479 + 391598484
379 681 + 399289137
865 865 + 356313531
269 686 + 6751463
218 717 + 302058278
12 211 + 829849727
104 850 + 134138037
273 628 + 154097931
58 169 + 979696271
273 412 + 640717645
343 910 + 232206579
267 578 + 755440885
148 649 + 298097530
209 505 + 75840859
327 860 + 120572110
197 646 + 770957423
327 677 + 252773117
281 493 + 726971466
774 883 + 962694228
101 524 + 113996732
122 130 + 545520804
772 883 + 489615047
252 797 + 308336485
15 975 + 971848434
463 772 + 81012581
628 757 + 72052935
729 835 + 620321390
169 601 + 591465729
121 783 + 230430412
731 807 + 859200082
367 407 + 57642222
374 671 + 747048817
64 535 + 395620808
83 595 + 959398546
608 994 + 225993835
256 262 + 36829157
170 753 + 149797384
465 905 + 628114205
452 945 + 299358521
497 828 + 607849707
850 891 + 982624065
202 212 + 615015995
97 294 + 339815166
59 73 + 314495008
170 373 + 640869970
115 229 + 784590341
363 611 + 580845235
212 498 + 233205426
70 174 + 363729595
297 608 + 373932110
687 689 + 701057703
205 453 + 29730885
337 763 + 560609040
69 86 + 601870333
7 878 + 295924152
347 796 + 530955900
93 642 + 610474078
193 199 + 186150574
147 803 + 719872582
8 454 + 560476183
76 981 + 535285046
378 598 + 718052584
419 845 + 260963313
829 866 + 715629695
309 932 + 977425612
246 250 + 153707951
658 956 + 759208937
107 935 + 933831447
262 329 + 366580504
659 749 + 342986004
46 132 + 826287538
216 834 + 720195633
113 521 + 26527259
587 842 + 301148244
317 927 + 584869576
882 922 + 400886050
187 622 + 45754064
509 582 + 351869934
455 909 + 183439561
158 624 + 626690160
149 189 + 816305087
256 322 + 489189406
36 460 + 437147649
47 254 + 728582832
148 298 + 343234001
119 974 + 564594445
47 332 + 483451036
471 477 + 938348498
459 627 + 197362330
388 635 + 357344363
11 953 + 248594669
164 655 + 327788213
161 777 + 159404863
324 646 + 115964885
818 916 + 951003054
510 511 + 305549633
485 826 + 757640461
362 827 + 168642633
408 733 + 567723660
483 643 + 18650883
277 674 + 522807645
181 853 + 632897388
17 935 + 851242520
149 850 + 900864645
38 234 + 169906178
51 321 + 793080808
510 938 + 727695340
120 393 + 136832168
787 806 + 618509110
365 782 + 913140563
261 369 + 974226723
440 847 + 521654178
555 973 + 760336866
719 740 + 725968410
179 665 + 698627204
174 591 + 290952805
690 771 + 970783363
73 846 + 931304299
107 347 + 191563545
359 580 + 393372414
470 727 + 601980973
181 580 + 742021348
766 784 + 902823740
222 666 + 856898582
21 206 + 58297152
27 99 + 922640367
817 934 + 970198646
321 852 + 291525506
742 992 + 3186999
375 948 + 947880426
123 830 + 433814846
646 768 + 140983558
750 950 + 21217194
61 67 + 319891278
69 983 + 506632687
514 563 + 873892886
364 998 + 85903934
59 353 + 830869180
824 899 + 366245277
172 932 + 59489059
360 937 + 145277404
616 904 + 168149680
364 831 + 837036513
1 510 + 575660128
963 996 + 29912913
679 974 + 471572474
283 600 + 167092063
368 834 + 2879804
510 569 + 777184741
361 383 + 103026577
75 166 + 478842747
266 363 + 405580648
216 684 + 73741924
243 762 + 168374016
14 693 + 459443721
214 416 + 327361055
292 842 + 910015629
758 764 + 213184223
163 795 + 891879523
579 892 + 376849427
270 395 + 256739605
584 654 + 514801441
706 979 + 293227204
21 52 + 175048952
232 355 + 693970803
122 637 + 406741227
436 703 + 684474705
764 778 + 78344332
40 641 + 666443247
490 717 + 537560238
51 137 + 808503759
417 629 + 821662654
106 893 + 191125313
315 845 + 255512964
227 730 + 27670219
148 851 + 948218821
83 292 + 481348027
204 768 + 791896836
694 817 + 478405201
126 774 + 526001389
395 647 + 762797566
526 537 + 217599249
41 643 + 345587713
95 256 + 506147821
58 252 + 181367580
32 867 + 70217672
586 703 + 279401965
842 934 + 529277961
185 242 + 646651292
207 884 + 419123392
107 751 + 610607504
611 971 + 543176953
6 226 + 192913783
244 326 + 276651592
111 247 + 19693188
382 406 + 672125960
211 677 + 193243200
149 236 + 77567178
450 558 + 597443502
850 918 + 799247026
203 824 + 182561727
657 707 + 775969058
423 661 + 870658316
253 645 + 965275442
274 926 + 346433445
155 487 + 209846007
189 790 + 877456605
247 632 + 260449439
588 915 + 842959416
457 603 + 442971552
246 328 + 784910042
93 668 + 32741589
739 854 + 788090075
155 683 + 848413709
24 452 + 741958944
205 964 + 218088360
538 571 + 587690634
709 877 + 191847527
128 585 + 522770645
367 908 + 110926036
598 791 + 845759522
576 696 + 727780978
700 950 + 925470750
21 386 + 478549895
67 271 + 14077869
370 760 + 344837007
223 949 + 659249933
899 911 + 992101309
36 868 + 458403818
342 415 + 778271329
179 634 + 96685491
220 332 + 865426868
511 643 + 328310555
660 927 + 172385704
217 535 + 878875767
159 805 + 308316513
911 972 + 174975402
199 982 + 530001270
94 779 + 776323298
629 855 + 840881531
252 910 + 387219281
542 667 + 690213081
9 607 + 631469851
738 758 + 805576190
452 608 + 418584232
483 964 + 41210811
333 567 + 521685892
297 325 + 481784487
51 454 + 883862683
133 301 + 467219394
106 536 + 216119878
42 161 + 231903204
563 656 + 338944807
95 108 + 496398883
513 789 + 227500627
465 614 + 576167997
118 302 + 986426688
511 743 + 894643843
475 894 + 144891711
215 734 + 56850981
286 948 + 878895003
527 592 + 103540183
383 752 + 985489518
210 557 + 459347165
686 747 + 36748581
429 995 + 923855326
130 718 + 983005179
575 773 + 170899026
230 452 + 486372478
173 303 + 327200113
96 943 + 754411564
506 643 + 623773314
900 994 + 755494190
766 989 + 944648262
208 657 + 193672562
28 991 + 493338211
378 954 + 63392948
415 748 + 528155596
776 835 + 615367489
364 790 + 359206009
650 706 + 787132542
413 566 + 112788594
981 986 + 487932111
824 994 + 608639595
58 422 + 494638775
72 650 + 726262766
223 640 + 25298550
107 710 + 373258394
116 473 + 164341084
275 435 + 921308357
546 839 + 552567319
262 301 + 660668340
76 742 + 921540806
373 387 + 487526487
50 723 + 847736571
847 855 + 664936489
134 875 + 618687634
32 389 + 637671524
28 872 + 574237753
785 953 + 456880737
316 764 + 954032949
357 852 + 679826782
105 984 + 784945163
42 128 + 179755936
48 931 + 816963560
105 423 + 275460307
4 368 + 239453991
634 896 + 747297562
205 597 + 318961232
204 485 + 675776568
648 926 + 86196373
849 932 + 246785493
204 547 + 604682900
282 302 + 293880504
355 972 + 792804807
293 810 + 541893445
864 864 + 4609751
312 769 + 812047725
347 919 + 621688118
135 347 + 293820337
219 715 + 382211594
1 398 + 708843152
717 858 + 789250298
132 260 + 199466647
14 968 + 13477860
582 632 + 832595323
236 739 + 365185882
162 693 + 355241109
379 899 + 583890109
420 683 + 173662155
394 920 + 60244561
63 720 + 23949741
51 646 + 56024398
70 928 + 66868745
204 408 + 803733376
511 994 + 430337863
520 899 + 853672295
380 414 + 761170381
504 989 + 148254970
793 851 + 987207702
688 901 + 341766188
225 241 + 124037189
343 710 + 813211550
726 741 + 761627823
235 438 + 792071272
310 888 + 355405814
4 38 + 641429465
52 988 + 516756908
337 963 + 326050747
199 746 + 568812587
382 559 + 540795083
106 600 + 431447019
561 759 + 505825093
424 641 + 62988277
440 949 + 643631247
258 259 + 160324278
642 842 + 16591794
209 436 + 275390140
639 759 + 303277942
102 611 + 245534217
177 886 + 719132022
280 934 + 515331005
335 522 + 969110540
113 969 + 965032076
504 872 + 270728166
261 538 + 108699555
437 792 + 505580448
100 483 + 856194851
180 309 + 324911968
490 727 + 218682382
895 897 + 215316157
305 889 + 132024539
186 646 + 946887857
538 748 + 174791951
804 805 + 494151135
307 834 + 694815616
145 729 + 384362544
214 541 + 278790687
524 624 + 652566290
263 695 + 213243899
657 884 + 193965716
947 977 + 915070763
561 851 + 449780699
75 560 + 897875314
316 550 + 628423817
539 935 + 840772810
217 376 + 949852630
202 829 + 582958304
459 935 + 589791723
234 362 + 529307838
596 855 + 850246105
475 773 + 151303343
57 278 + 928352955
37 362 + 80722985
724 959 + 832284676
404 643 + 9308859
706 805 + 2664875
244 779 + 496932430
173 893 + 685815104
66 198 + 258683329
331 685 + 620824557
228 228 + 856710136
136 812 + 174672109
256 901 + 843554489
172 470 + 621693365
241 937 + 918696185
267 352 + 582263359
22 794 + 108779878
187 387 + 355498023
257 702 + 587388147
263 658 + 554813624
156 701 + 24817888
334 894 + 774458308
750 780 + 39254608
254 836 + 839103653
78 969 + 334066777
141 856 + 462498685
433 539 + 500629502
277 285 + 247533171
42 109 + 35949170
109 276 + 112558637
557 748 + 897368225
335 460 + 576925993
56 162 + 979539971
741 802 + 791443597
107 319 + 371020785
279 430 + 53383296
602 926 + 233115025
535 723 + 734928089
236 638 + 958321429
668 871 + 967871954
187 808 + 102770136
545 895 + 54113159
225 876 + 982318096
240 577 + 133053478
19 944 + 585496326
562 811 + 318370061
372 685 + 277061117
82 449 + 511935061
262 369 + 767261675
56 972 + 435592369
644 910 + 647248465
219 282 + 297127770
563 579 + 709839997
826 852 + 16848121
660 683 + 356108671
550 829 + 651527549
142 666 + 51397773
553 645 + 648109433
544 930 + 488954372
521 721 + 278323408
109 368 + 944124197
489 713 + 706216118
256 724 + 575477286
335 928 + 482013707
270 698 + 190226842
702 723 + 55951628
220 285 + 997142063
651 958 + 562865291
188 591 + 620744914
186 498 + 789921392
314 629 + 593132364
672 831 + 28009064
547 897 + 124457392
160 585 + 975477425
165 894 + 255327869
527 738 + 11493267
232 724 + 226330572
260 287 + 217296949
20 894 + 839722548
613 730 + 134565699
532 935 + 889392148
128 743 + 136100849
178 339 + 951485832
196 758 + 369447325
160 538 + 995305886
540 918 + 224626389
208 758 + 358485177
65 454 + 584660522
117 856 + 761118428
240 440 + 512431915
373 975 + 496813384
225 638 + 39170248
119 964 + 378843503
203 346 + 249822238
358 981 + 223056497
632 873 + 509439566
298 608 + 999476652
537 893 + 459006282
346 579 + 788268753
263 355 + 786423623
608 809 + 416194957
14 694 + 177280648
248 606 + 190676991
143 857 + 907152993
815 910 + 702094253
350 420 + 660966776
649 654 + 355841160
208 650 + 379857987
305 798 + 570834150
472 917 + 214339353
290 327 + 787781486
457 547 + 277390974
430 539 + 108549262
317 825 + 944074366
772 850 + 55837003
494 921 + 447729828
67 249 + 811688324
256 258 + 299055557
444 883 + 110324264
260 327 + 551707081
292 761 + 955663441
729 983 + 334873105
62 500 + 742550960
477 488 + 545069610
258 335 + 882192802
211 865 + 270796282
301 883 + 375750757
45 220 + 530931888
12 730 + 629667306
125 504 + 141485146
302 636 + 713687812
251 589 + 821842508
182 848 + 944148417
386 454 + 294590634
207 306 + 616570470
281 775 + 890289257
528 716 + 946483112
524 811 + 154043619
380 663 + 686075262
301 915 + 955003413
265 942 + 704844002
412 925 + 739003396
185 710 + 151948482
389 644 + 651670017
740 936 + 288158061
757 849 + 948164634
137 150 + 727259487
33 113 + 101799967
56 497 + 878179771
156 616 + 469864940
145 760 + 688473300
53 638 + 306399838
455 859 + 327686378
445 987 + 392655453
759 928 + 888159510
189 998 + 329238124
729 751 + 127675135
768 870 + 226458958
243 676 + 107029067
191 329 + 857745543
54 743 + 199214206
47 119 + 985244338
12 317 + 195161594
361 473 + 235492120
752 922 + 632509318
208 836 + 888149924
124 504 + 706900861
42 698 + 218997286
487 560 + 718759123
920 996 + 920851299
106 680 + 546625813
176 569 + 729647431
348 603 + 101499821
709 809 + 154894636
80 594 + 269024166
177 899 + 117449810
271 678 + 522558451
641 703 + 363375488
79 304 + 643446676
110 507 + 798640141
173 537 + 61985949
338 888 + 531511577
389 465 + 300965620
39 394 + 367019625
438 439 + 208654168
476 800 + 260476116
203 529 + 571226856
88 599 + 166218240
169 499 + 894265247
4 853 + 950084516
514 863 + 500776833
213 873 + 780975335
129 994 + 137067137
352 551 + 586883181
157 301 + 668100833
497 614 + 295870124
620 749 + 382729295
181 406 + 266484388
242 751 + 347507712
361 831 + 112710891
667 905 + 923353135
74 902 + 652023074
740 818 + 128082151
656 897 + 80612033
136 678 + 492545952
194 949 + 467395047
184 249 + 527913534
210 889 + 329510424
30 238 + 514914518
525 581 + 184662002
93 806 + 645242507
68 582 + 188389791
192 404 + 411977376
373 525 + 336856876
607 982 + 967232549
673 937 + 327773396
808 899 + 244105853
309 459 + 887544972
101 910 + 426556012
231 952 + 256790785
832 891 + 386288716
209 653 + 624099046
62 443 + 40812267
4 926 + 44371445
104 227 + 122887789
298 393 + 952266002
369 697 + 186129874
467 964 + 18238395
300 318 + 548206453
48 200 + 559634462
14 271 + 427468135
403 545 + 197754504
271 711 + 638588374
145 391 + 13641326
204 423 + 810230533
475 843 + 956935226
218 693 + 676657911
117 692 + 243098978
276 674 + 812552991
419 712 + 500932320
275 439 + 178187006
367 576 + 278926105
343 376 + 368255068
282 977 + 389227189
593 807 + 562308713
809 925 + 909594943
35 159 + 723523929
460 883 + 873322119
484 804 + 157113968
19 835 + 303497641
73 944 + 504513014
340 920 + 664416207
407 931 + 546699014
314 566 + 273587903
29 695 + 763202552
302 491 + 967818561
307 321 + 517831354
149 231 + 36567667
88 786 + 379341815
209 253 + 229658899
99 885 + 71873715
19 838 + 464462187
442 616 + 184825400
38 392 + 806099761
74 497 + 159837789
583 769 + 724412839
690 941 + 59170876
358 812 + 955063739
587 678 + 72702168
202 706 + 811851510
292 370 + 136031368
24 489 + 699073849
587 933 + 924096827
377 667 + 518097916
351 538 + 842872810
668 826 + 147345669
288 662 + 597383314
27 404 + 991571735
23 629 + 725928931
508 677 + 70742163
23 450 + 809055657
250 394 + 223263215
507 790 + 814295800
629 914 + 934029681
321 456 + 398181755
504 809 + 680516181
590 839 + 427627955
275 312 + 56036008
307 853 + 268512667
223 917 + 134674908
28 304 + 987808230
304 567 + 347403340
558 628 + 509586129
115 279 + 210229717
504 546 + 302385176
136 545 + 739335448
425 716 + 870872274
313 852 + 384035195
724 847 + 954789553
413 552 + 535366541
52 715 + 833141871
318 748 + 343550559
171 193 + 832959740
655 915 + 41023419
584 862 + 455180494
435 651 + 215062158
106 274 + 317974102
339 390 + 864925572
63 749 + 458989217
126 617 + 593152462
375 677 + 237176631
61 769 + 587845424
84 615 + 852645428
823 953 + 425029746
343 865 + 232511229
433 651 + 869333041
278 350 + 677315189
6 372 + 992435355
486 595 + 944957170
681 926 + 99503108
12 933 + 863820326
573 789 + 731774350
36 390 + 322309400
469 527 + 685018875
69 844 + 461354684
318 814 + 962736469
235 986 + 693270201
250 869 + 79059256
30 61 + 61981729
34 400 + 709825631
681 776 + 911662571
203 681 + 238521693
21 274 + 144645352
316 395 + 772504734
457 538 + 705597602
271 320 + 67747038
289 740 + 418210611
811 972 + 102787192
359 570 + 247128124
632 970 + 684175747
272 386 + 597031608
323 337 + 945942247
227 695 + 348972616
38 284 + 889335460
21 831 + 377160963
613 628 + 74253015
343 750 + 46585960
11 884 + 251225065
113 738 + 977284188
338 756 + 921178095
189 540 + 9388385
388 407 + 68595345
594 658 + 632064474
710 753 + 336133031
489 962 + 391973174
53 587 + 609251861
268 462 + 376517326
261 652 + 239305755
331 542 + 265160748
496 742 + 303189480
657 828 + 689914485
876 942 + 466305298
138 229 + 427030896
198 548 + 105955430
244 883 + 629026703
47 933 + 613928340
43 301 + 625919908
659 743 + 689223832
540 802 + 979380946
695 834 + 630476171
179 541 + 269587678
273 592 + 785951012
19 264 + 836320318
311 480 + 631897577
321 835 + 253219292
139 711 + 873954266
472 485 + 811659324
745 885 + 637448794
232 466 + 261451774
685 985 + 47820504
683 895 + 24821124
847 859 + 589056790
123 278 + 150886329
45 980 + 288428598
210 214 + 321735327
492 831 + 409654513
209 237 + 860983647
303 476 + 781268737
560 845 + 593808908
553 939 + 909420369
525 924 + 71806212
23 194 + 526404233
326 701 + 38170108
83 958 + 674746016
696 709 + 599596643
410 757 + 690669413
191 621 + 37393639
57 302 + 748777221
385 938 + 5430582
102 545 + 185302118
35 939 + 164351331
296 678 + 987435069
101 843 + 251842288
56 950 + 782372805
114 831 + 539274896
77 757 + 819361744
418 764 + 714087788
633 703 + 520037859
313 939 + 683564839
175 308 + 299888658
750 844 + 920945268
203 390 + 502917697
572 996 + 573728594
501 731 + 839728368
325 473 + 34675665
314 856 + 824341615
235 491 + 921310881
495 546 + 567957049
21 229 + 375824516
452 739 + 457969723
40 562 + 744457420
238 270 + 382027694
651 651 + 919876195
441 612 + 78306560
116 559 + 363752035
765 890 + 269631063
15 408 + 497106433
99 347 + 339442068
750 897 + 890628674
165 921 + 805890127
163 533 + 526200912
264 487 + 223413144
26 497 + 354524951
961 989 + 54971919
100 677 + 445534765
390 831 + 802147879
291 333 + 750386884
176 204 + 826347260
260 333 + 615151520
727 901 + 960569942
437 897 + 220387925
311 804 + 10713691
234 762 + 420869526
590 784 + 900589629
774 978 + 13557203
508 626 + 83731492
122 978 + 869250056
45 240 + 267001803
408 634 + 542086398
577 976 + 934060542
320 492 + 796409277
591 993 + 490852466
675 987 + 251313506
157 213 + 13500993
817 866 + 30522628
450 465 + 836395937
524 800 + 787792432
526 770 + 136725704
12 274 + 17917741
96 954 + 723901618
326 533 + 934953675
596 983 + 703292835
722 821 + 548863105
391 786 + 528201621
357 428 + 640662562
428 509 + 125657928
761 764 + 427181423
689 943 + 866037273
81 307 + 648040581
296 356 + 775949119
467 517 + 62276375
44 972 + 85625424
435 818 + 786300886
259 298 + 380858474
288 766 + 304937128
505 568 + 767543280
296 315 + 598703768
367 413 + 22671693
259 262 + 919364502
45 724 + 591394804
149 246 + 913896248
14 525 + 880651737
371 922 + 717335020
404 659 + 312383080
50 434 + 275119139
88 575 + 647022869
260 719 + 349774909
342 575 + 43176221
384 666 + 617754981
526 848 + 695558535
93 483 + 606425798
325 741 + 952678914
738 856 + 423935513
495 510 + 849023452
597 921 + 368734179
629 905 + 431884675
165 745 + 344755405
74 529 + 659772211
4 991 + 99905633
190 998 + 149801961
821 943 + 285928721
412 715 + 413357519
546 646 + 815064780
118 727 + 72151104
183 329 + 822737446
12 399 + 860906056
115 664 + 296575795
185 317 + 541186275
576 621 + 815355823
