1000 1000
346 897 - 415009968
871 976 - 548105477
98 451 - 557070020
116 276 - 189384154
415 499 - 300053675
815 947 - 978008671
13 32 - 402022765
709 806 - 699889061
141 973 - 935802647
156 450 - 675132556
204 495 - 562822602
120 223 - 567315853
208 242 - 996268658
362 831 - 362213138
898 970 - 614440009
255 925 - 755679853
451 938 - 720267248
268 675 - 963186780
133 240 - 775711946
412 678 - 763230506
61 85 - 574145435
161 706 - 276204382
180 309 - 187962385
48 111 - 455347303
310 935 - 710396461
654 790 - 928483460
502 745 - 969875245
225 520 - 999391853
43 866 - 424993261
463 843 - 763418241
324 751 - 621580824
43 396 - 561995458
128 943 - 537465637
228 314 - 960219380
255 318 - 993779081
545 684 - 202869935
270 384 - 152020218
615 944 - 503861004
353 529 - 887958303
404 835 - 636826451
73 650 - 191667234
631 832 - 83191202
480 657 - 967296931
352 688 - 987399621
293 588 - 15221863
563 632 - 152430108
272 395 - 232207980
297 870 - 217604538
224 317 - 93479519
748 930 - 761257252
200 635 - 98598588
306 600 - 288818681
81 813 - 747422819
407 947 - 782530866
835 879 - 558009506
47 951 - 258922895
293 325 - 732918351
520 978 - 354475782
377 600 - 798461894
24 30 - 999790258
416 936 - 456615839
51 122 - 767344990
528 610 - 634475300
393 729 - 326118130
389 397 - 197701561
418 430 - 496313544
876 912 - 175145086
115 521 - 632614925
121 198 - 176446770
291 364 - 506742317
873 879 - 944035183
815 854 - 578209013
406 409 - 935932743
306 940 - 802596243
123 129 - 541692523
87 791 - 915554715
49 598 - 522931672
92 416 - 458963232
388 930 - 603322739
572 850 - 224532195
90 433 - 442667044
230 556 - 783229827
373 773 - 128698058
321 729 - 546329660
136 460 - 157169832
167 967 - 400404818
307 400 - 792702280
500 821 - 918181982
185 809 - 134397882
230 834 - 507473854
661 828 - 183438918
369 492 - 332856263
798 939 - 185251153
237 688 - 374253980
722 963 - 846687163
53 470 - 43901193
567 761 - 956651614
7 127 - 959556731
13 118 - 441489908
289 634 - 320998375
575 582 - 610575655
479 596 - 413984080
193 318 - 151771703
776 892 - 18290271
41 107 - 825747774
553 573 - 873375857
5 455 - 911993177
88 172 - 106351821
72 542 - 52470650
218 220 - 457699630
346 799 - 563348080
285 625 - 468385321
102 651 - 416150027
548 996 - 509830498
268 429 - 371442537
528 741 - 283630117
278 997 - 943097277
234 533 - 765010508
554 860 - 112088216
309 323 - 190309698
745 904 - 447592929
92 896 - 76951804
362 756 - 164911323
61 132 - 989166230
146 284 - 525856095
727 786 - 573379728
623 919 - 58330013
117 263 - 921232680
466 715 - 337754334
208 718 - 485590771
409 464 - 407559045
497 664 - 304276535
385 617 - 474103885
203 877 - 85743534
47 88 - 478376778
401 755 - 954895362
265 713 - 925324667
244 514 - 545681253
208 667 - 477385511
827 847 - 788599961
246 444 - 614202042
346 590 - 631443481
125 669 - 779574454
9 386 - 679437430
269 565 - 439644906
412 786 - 899851553
359 833 - 782243486
918 992 - 921113551
237 837 - 887474431
562 978 - 266584162
325 991 - 315144387
7 24 - 416936266
197 219 - 376025414
565 843 - 526472939
312 579 - 19215771
210 334 - 264804199
491 932 - 283339577
494 900 - 26950569
160 906 - 307392883
839 884 - 992916848
633 991 - 61078676
777 984 - 274499856
64 716 - 12625261
126 172 - 293848118
297 493 - 523438274
19 890 - 60045862
273 731 - 480151774
35 771 - 666693756
220 637 - 156800609
608 849 - 622202606
13 85 - 9821826
297 457 - 415037724
378 422 - 165127980
49 65 - 209085558
200 489 - 900929573
126 759 - 172176571
30 31 - 74137662
178 883 - 716030139
628 926 - 398871178
489 957 - 508946831
341 716 - 260516914
145 681 - 238033826
208 789 - 803979739
233 296 - 242801621
53 247 - 442914806
224 573 - 757508242
210 778 - 426986017
820 978 - 481520025
171 262 - 116004801
82 445 - 962807266
528 929 - 899377344
820 922 - 971027682
30 632 - 773199353
649 872 - 308916833
597 973 - 853837803
548 759 - 523687734
331 474 - 331430320
122 682 - 656432559
479 862 - 607648553
473 943 - 359996390
437 795 - 263037717
229 667 - 8051706
419 702 - 264417166
86 131 - 146547422
31 776 - 785972493
459 706 - 364779447
308 798 - 635376683
617 631 - 287530438
282 922 - 857205229
224 740 - 834841703
303 352 - 448297891
74 251 - 368606828
78 175 - 351396139
143 843 - 969656358
442 865 - 250074107
551 564 - 793047839
322 338 - 654773966
184 879 - 44784260
390 486 - 316269637
313 632 - 765017959
11 917 - 895172774
499 711 - 267543044
190 208 - 65352691
73 374 - 511382408
461 570 - 167968979
127 547 - 797529853
477 621 - 416988060
291 913 - 869026586
467 871 - 440686113
451 655 - 166152676
40 173 - 979738094
52 957 - 576625023
112 629 - 202890097
675 722 - 706019933
580 726 - 800463399
120 829 - 654369978
565 640 - 774109751
502 655 - 109337047
684 702 - 867082278
3 786 - 100414103
716 999 - 135668568
141 507 - 33731596
269 687 - 715959145
349 456 - 334649062
346 570 - 6119238
211 831 - 395478169
357 771 - 210394682
599 808 - 334233289
11 104 - 584434405
715 806 - 553701779
270 623 - 571684102
68 695 - 5352422
138 766 - 670577098
568 747 - 171990938
80 939 - 555013114
125 173 - 177241009
425 806 - 32924025
551 770 - 826056627
275 615 - 283641791
485 569 - 380684268
662 960 - 567796328
672 862 - 427702767
709 795 - 754114168
210 692 - 747676123
289 743 - 919414775
346 985 - 173959093
53 790 - 705406342
199 233 - 631738982
567 717 - 848281846
292 761 - 474740513
644 878 - 892143151
519 542 - 528212232
91 660 - 533906032
627 684 - 822415191
333 751 - 240597477
264 798 - 632785722
15 532 - 167826000
209 276 - 857502629
152 468 - 140438979
659 818 - 413093427
403 672 - 41765483
756 990 - 263735538
199 666 - 662541809
327 836 - 217128122
165 938 - 260426970
602 879 - 979783939
73 811 - 559541024
50 519 - 378787659
628 920 - 653642803
171 580 - 808428134
607 816 - 102132170
265 440 - 601441168
322 538 - 198699686
503 988 - 361496498
692 787 - 780462841
159 839 - 372139260
33 530 - 180005477
108 786 - 525596085
18 367 - 102326774
378 523 - 1302296
55 894 - 548549102
129 811 - 283001917
278 527 - 272749694
56 282 - 963621833
116 692 - 649164471
114 617 - 865701318
261 689 - 266801788
185 428 - 132869584
255 598 - 223146098
753 938 - 357828045
230 737 - 124882268
363 825 - 213652366
353 716 - 903434628
178 834 - 26781479
20 99 - 14903696
505 991 - 391062969
695 915 - 762100914
174 770 - 894292598
556 643 - 515620938
576 803 - 737057910
629 692 - 221633018
199 789 - 902905033
742 857 - 134654292
127 672 - 21197565
424 550 - 413086081
103 791 - 463493637
214 693 - 751938368
53 257 - 5656482
210 225 - 225606693
509 670 - 88592103
662 700 - 895098519
161 611 - 692739833
274 766 - 182151509
803 917 - 113086473
330 517 - 195512376
658 847 - 306141561
377 990 - 163838578
486 985 - 177995766
100 564 - 278801567
266 410 - 710929003
171 628 - 623590267
564 922 - 727051570
327 364 - 585805679
22 207 - 65457964
254 467 - 587670860
346 383 - 815428348
117 782 - 385906001
549 916 - 626885294
406 718 - 33251711
461 510 - 521138138
597 853 - 786108445
451 786 - 491610185
289 890 - 244915957
85 696 - 521298590
471 793 - 385189662
359 495 - 834196331
362 417 - 815634461
290 891 - 320158997
525 988 - 460002604
442 472 - 135782848
185 770 - 707601417
767 957 - 105034015
228 320 - 123633413
168 296 - 239859039
587 726 - 68710688
259 775 - 282250664
230 665 - 703510029
640 941 - 276221518
253 658 - 219618976
228 773 - 126010742
413 968 - 123113240
280 377 - 794983163
693 726 - 669959167
403 676 - 589227784
76 242 - 273669897
870 945 - 870844076
16 871 - 712486507
432 712 - 243354454
603 764 - 495751236
289 347 - 422887769
16 85 - 958726212
38 752 - 709163478
130 702 - 80247569
127 825 - 524412266
109 356 - 248386146
644 937 - 404115067
73 87 - 433930619
26 830 - 469925315
17 848 - 580445033
389 652 - 112295016
473 642 - 99064787
597 873 - 381777682
28 702 - 219147890
26 285 - 198157848
22 180 - 222565566
318 369 - 907950948
18 836 - 423242391
233 975 - 419515513
524 564 - 318313295
221 821 - 67108647
113 409 - 261299576
219 831 - 21599720
88 593 - 695843838
162 928 - 298969297
279 366 - 791120925
747 909 - 441627259
691 779 - 738413434
514 610 - 710038159
338 346 - 81992058
400 770 - 754604887
476 925 - 73189875
125 346 - 336472115
335 691 - 146399403
495 678 - 304679106
153 921 - 620340637
330 521 - 182464235
746 792 - 979810017
790 952 - 175566233
456 799 - 512766371
420 784 - 806809254
820 900 - 157126231
55 796 - 922598219
73 975 - 755699622
683 866 - 995484774
284 320 - 540679269
306 605 - 773212681
233 803 - 595828652
429 832 - 808127422
216 661 - 154994088
429 769 - 537791654
239 501 - 92416221
199 223 - 845320552
132 828 - 412457797
717 867 - 346540350
304 916 - 459847895
572 669 - 63544950
102 910 - 247157987
432 735 - 177640035
359 788 - 942249290
236 717 - 708692068
651 748 - 267852902
354 946 - 889327799
857 944 - 142902244
689 971 - 668708790
91 288 - 282411624
404 731 - 898213330
495 879 - 146098278
751 914 - 674262131
562 648 - 25440384
138 433 - 817342421
682 747 - 777578712
155 496 - 599559756
708 898 - 39921895
324 420 - 704829463
317 670 - 726673118
292 914 - 209597445
222 822 - 905708447
59 460 - 277678690
98 772 - 858616736
579 793 - 610382450
15 554 - 32715687
99 345 - 435592717
613 802 - 77832982
489 873 - 130121542
169 319 - 714976719
711 871 - 13155025
2 339 - 256620631
120 872 - 960182352
662 852 - 957965843
695 970 - 969995877
729 882 - 279279700
99 744 - 487068073
3 877 - 761119978
126 432 - 555283751
102 696 - 862359574
687 923 - 43761822
454 841 - 997372394
155 863 - 852381868
274 700 - 688040373
66 967 - 472247344
581 650 - 196761264
510 913 - 49621166
87 520 - 413073900
282 312 - 687857441
54 677 - 556895756
932 998 - 938494322
103 343 - 784070102
824 920 - 9229007
260 955 - 949343910
301 743 - 754461275
378 651 - 90781086
465 683 - 493362011
407 514 - 284640494
246 791 - 217088662
753 878 - 244870172
6 378 - 468090358
679 735 - 822725610
409 728 - 254500622
168 266 - 606539518
319 763 - 806414147
836 938 - 438891642
460 528 - 43613949
126 621 - 933270312
33 609 - 328131488
60 207 - 521146028
439 1000 - 636827283
487 671 - 881974051
939 957 - 892611103
197 888 - 775391922
261 323 - 244801127
752 932 - 132370
285 362 - 408992870
830 925 - 633041518
579 753 - 264860214
843 849 - 397628255
634 968 - 328005940
186 345 - 32328379
201 784 - 884633560
60 99 - 402431788
381 926 - 420095652
267 820 - 115027720
570 697 - 392427172
286 684 - 19161924
192 847 - 671418349
7 24 - 908280179
210 341 - 428521500
361 418 - 26138170
102 370 - 862941750
227 327 - 555624380
94 136 - 929009411
446 981 - 986644442
131 919 - 372183916
662 847 - 744473644
429 721 - 566457173
20 235 - 273995072
501 514 - 922922831
498 862 - 334017088
295 353 - 802810794
27 38 - 694041665
154 286 - 469213759
24 801 - 347110854
369 486 - 47829545
640 759 - 608877633
524 898 - 11475095
730 838 - 495574162
74 958 - 975356462
167 321 - 672098504
473 783 - 789538556
267 598 - 289877278
349 751 - 32905123
398 872 - 758396287
32 296 - 126829436
483 829 - 604614033
20 867 - 334982036
208 393 - 119096710
19 298 - 409001960
477 997 - 516851076
198 914 - 330648487
173 399 - 788413224
266 742 - 267019636
99 760 - 381243303
692 886 - 185852763
208 373 - 755931365
157 411 - 198361952
467 643 - 866476906
381 467 - 142215254
310 702 - 953292947
318 788 - 480749787
34 37 - 816112371
299 457 - 970756631
264 418 - 335312257
32 607 - 897040341
447 698 - 560003971
728 754 - 700092635
244 821 - 941893528
75 731 - 643238897
103 108 - 216086111
183 777 - 327191444
723 796 - 332925961
296 584 - 252474840
525 997 - 914283896
515 620 - 159823375
61 149 - 138258716
670 766 - 520870952
97 182 - 218423462
1 891 - 955303464
519 961 - 124601018
626 853 - 269569655
736 971 - 140976686
54 153 - 144797672
469 874 - 473113761
238 821 - 507656450
38 368 - 42757174
805 865 - 373001446
233 236 - 507614474
389 543 - 374193387
123 180 - 661154952
62 966 - 392533638
268 277 - 438023225
242 723 - 757283057
122 139 - 851456810
482 781 - 764060251
661 979 - 594037829
71 668 - 603310772
184 647 - 143794654
685 811 - 526131011
560 751 - 359423105
705 771 - 274611228
247 993 - 962726593
541 630 - 83146740
55 182 - 287700204
240 716 - 971442413
167 559 - 27031601
323 686 - 33468285
386 745 - 632749259
19 865 - 519742906
61 433 - 669517362
695 828 - 317353163
319 470 - 968968109
289 427 - 269603472
191 747 - 776774393
545 753 - 290504029
234 574 - 117657605
15 579 - 634854645
592 727 - 476559050
192 400 - 564429467
57 288 - 282912596
373 937 - 199120546
490 773 - 609044025
144 781 - 743204245
729 956 - 852291618
9 608 - 325592487
241 342 - 630690254
110 785 - 690105595
143 814 - 699491819
875 899 - 525910145
131 502 - 500414377
551 887 - 87444261
324 533 - 462798303
254 420 - 248598621
257 694 - 984924810
46 280 - 519014815
662 820 - 471324515
270 748 - 545024645
28 872 - 470389571
70 687 - 688364689
224 951 - 731551197
13 982 - 541401719
95 270 - 771671578
616 775 - 767259304
381 693 - 726968541
43 111 - 179990914
5 268 - 34168953
779 970 - 195010722
70 393 - 637843392
467 811 - 541903112
439 615 - 878502482
318 539 - 631812120
659 659 - 973793836
8 201 - 542764772
487 632 - 678690987
307 975 - 410034482
573 647 - 530758259
445 725 - 562318647
49 447 - 705356079
113 636 - 423447139
40 504 - 307305987
40 303 - 569629992
338 465 - 885242697
116 636 - 949194039
759 908 - 117067013
384 621 - 154160216
58 528 - 525643006
894 894 - 908691908
521 921 - 96652961
140 483 - 883529973
71 387 - 833919879
409 518 - 594845694
246 396 - 45682095
524 937 - 30965766
129 686 - 555396303
585 623 - 977830439
698 704 - 744222667
159 500 - 464880075
369 786 - 53922096
502 603 - 10716685
413 899 - 454056954
197 670 - 471630003
416 545 - 191300434
55 474 - 969385202
477 729 - 593832335
345 466 - 936698230
150 578 - 312040235
45 367 - 397639994
336 626 - 154139003
640 697 - 644452719
138 930 - 642023982
79 721 - 604142877
282 466 - 998751861
233 980 - 359263931
47 506 - 407565091
107 505 - 407896559
186 800 - 345380742
735 818 - 619892016
286 939 - 967682061
144 674 - 442591672
38 349 - 826427773
400 496 - 589160644
195 383 - 872857283
131 903 - 472547934
537 919 - 688033350
153 319 - 707905822
658 690 - 987930068
229 647 - 869069056
408 668 - 448422602
46 966 - 618157453
715 956 - 165699245
491 956 - 503720837
224 447 - 324039836
15 922 - 244249644
607 693 - 502196525
211 349 - 840820529
494 898 - 177398809
304 877 - 599250154
68 476 - 177254405
6 988 - 347396518
308 789 - 264743521
51 982 - 39213532
420 753 - 881992068
338 517 - 723339625
212 971 - 463799754
906 908 - 844973765
524 574 - 587657349
310 704 - 941934276
206 954 - 177553650
522 883 - 591937101
337 849 - 491469398
531 625 - 561592094
799 889 - 131509586
80 173 - 944828074
308 544 - 310311806
636 716 - 213941284
132 780 - 353964428
353 399 - 86089855
180 560 - 638284246
28 99 - 417897612
548 689 - 135500891
137 784 - 456896422
4 489 - 332559228
681 906 - 923879373
46 155 - 862773620
367 456 - 802929406
576 649 - 595077763
172 656 - 543579652
41 628 - 202604106
402 997 - 737378652
219 968 - 916795289
126 557 - 305024661
233 740 - 169821155
79 403 - 436663931
756 903 - 296418309
242 846 - 240708025
345 488 - 923104108
590 786 - 186973404
141 238 - 924850102
409 558 - 283897721
64 953 - 955530829
616 641 - 191874876
269 705 - 284546118
411 924 - 133938089
504 589 - 409657364
402 666 - 664478037
618 683 - 486014020
520 956 - 787594747
806 883 - 487488588
243 722 - 453061686
408 544 - 218726375
14 889 - 165591667
491 981 - 669666064
515 1000 - 546974796
174 434 - 970134194
794 914 - 210509463
449 631 - 219286907
515 609 - 339409809
201 623 - 944530375
220 456 - 535286265
439 894 - 893128674
404 825 - 565172102
973 979 - 311313467
281 668 - 71398979
55 767 - 761749825
771 951 - 95960720
814 873 - 30009504
775 799 - 442915677
300 513 - 689903896
698 904 - 81724718
128 389 - 903913248
682 782 - 1622319
491 497 - 603520182
31 917 - 590397389
206 950 - 432953180
13 512 - 675501680
376 865 - 268623743
420 648 - 917426265
99 639 - 948929095
257 347 - 80600841
552 769 - 181688756
711 929 - 444192120
150 720 - 241620146
73 874 - 902029332
73 215 - 247589599
626 943 - 735529231
523 624 - 888342604
660 945 - 779325141
420 853 - 951413644
94 856 - 212312971
796 932 - 549268588
143 812 - 586890771
436 574 - 482002153
73 837 - 196147381
388 404 - 992213969
356 399 - 556324367
84 629 - 397131189
244 765 - 298508441
194 397 - 343801716
216 480 - 911198302
191 466 - 551374677
52 548 - 159662910
549 713 - 815108588
333 765 - 744837600
216 543 - 127001411
181 865 - 266122581
122 583 - 405239729
28 715 - 116807606
53 338 - 471765359
551 739 - 695026186
755 767 - 12766090
340 634 - 871026872
205 343 - 570912753
437 789 - 879349896
469 872 - 587158243
525 780 - 246466370
806 808 - 828529321
148 711 - 205917931
628 794 - 523388446
859 941 - 603923363
344 753 - 10857599
928 986 - 43893762
813 982 - 285303864
507 737 - 396844790
432 477 - 522753250
146 203 - 640548398
9 629 - 330310912
681 957 - 776593019
258 515 - 893720978
99 641 - 542185857
630 981 - 467016535
597 962 - 131741487
221 711 - 847854155
291 366 - 252945693
137 754 - 864042850
702 761 - 732895273
301 936 - 664048887
188 677 - 328510677
812 856 - 681567520
785 966 - 53755962
457 591 - 27500857
161 473 - 990382384
303 868 - 652605984
183 846 - 112867694
39 721 - 42459430
173 494 - 502832765
240 881 - 158671983
329 795 - 773108256
68 974 - 760948806
546 976 - 111675587
45 551 - 117870872
150 234 - 428915701
348 934 - 725918434
359 740 - 793914553
795 868 - 857882644
292 400 - 883790536
512 706 - 849482664
39 693 - 736511227
253 967 - 526355980
451 701 - 251807024
317 730 - 214151442
112 655 - 435955859
315 748 - 762012923
71 388 - 204814300
236 928 - 239110562
343 945 - 893098821
307 717 - 806280112
653 800 - 199903381
202 601 - 373162849
274 740 - 417809533
458 530 - 708215538
440 564 - 465405180
201 718 - 111015209
166 849 - 578039028
66 399 - 547454788
77 526 - 336118061
755 902 - 6695338
150 443 - 245427134
38 857 - 162676493
361 963 - 206798425
309 406 - 745998102
334 499 - 270847088
461 618 - 546763169
272 692 - 567056238
47 490 - 281489532
168 599 - 887391526
435 716 - 567518705
65 971 - 839660913
225 714 - 397027214
202 442 - 697785039
82 518 - 60695671
111 557 - 555218005
516 992 - 821722026
630 755 - 418457935
51 530 - 458798619
5 448 - 694973766
250 372 - 577646064
737 761 - 14872659
275 629 - 786778297
734 793 - 648637609
190 321 - 887758822
375 492 - 986039317
154 826 - 190652850
159 497 - 385303069
219 720 - 280989590
350 411 - 718516755
258 855 - 92806851
225 381 - 67952084
415 443 - 93939507
799 816 - 481478351
32 366 - 576761262
29 297 - 728624970
533 828 - 242908033
305 492 - 222552033
908 915 - 771373673
593 672 - 451280587
232 525 - 169427827
162 176 - 552415218
510 722 - 920785026
53 423 - 364978482
220 597 - 245172584
751 834 - 484203107
42 153 - 866182525
103 528 - 483464039
13 205 - 162210546
13 229 - 405971059
704 991 - 614984426
255 689 - 661013500
255 815 - 746191026
513 939 - 757073069
692 874 - 749263390
383 501 - 15549798
110 517 - 586653029
287 506 - 163655402
167 884 - 844817308
206 978 - 65186702
236 867 - 332698557
138 293 - 963837869
134 160 - 395825153
504 663 - 437556202
33 596 - 867125690
528 734 - 812282379
362 521 - 211742492
27 433 - 994736864
348 695 - 853117662
214 594 - 920333750
267 768 - 886807394
53 69 - 31033626
46 145 - 51909866
509 596 - 777618115
336 659 - 721845489
114 825 - 741757650
476 625 - 778828048
460 725 - 750669573
229 267 - 717979094
205 498 - 721690108
267 937 - 900609681
184 902 - 759848501
555 902 - 244664039
684 693 - 492532288
554 778 - 856836777
260 832 - 438617459
469 815 - 396624990
89 553 - 855935999
192 390 - 351392375
280 321 - 497918560
505 937 - 674086469
295 730 - 699574913
75 812 - 273269136
296 697 - 331361670
391 400 - 127376041
224 492 - 399044730
349 703 - 325273831
581 668 - 50943403
