1000 1000
179 671 - 905081629
209 311 - 957232221
125 487 - 467227674
440 500 - 872258731
12 978 - 603923178
372 678 - 758484162
372 571 - 548549899
522 652 - 748041611
55 90 - 782387002
698 754 - 777538769
133 504 - 289151289
773 843 - 113659365
837 917 - 308819231
164 720 - 304879709
767 786 - 708106495
727 826 - 911487257
386 905 - 165232455
746 986 - 381256221
388 590 - 393256620
120 318 - 694523140
56 641 - 277214084
223 597 - 916639879
537 720 - 102461453
109 660 - 242306507
33 63 - 391357885
53 663 - 182161794
406 534 - 625238949
180 288 - 599082204
389 894 - 152525313
207 317 - 642207009
101 437 - 189805650
42 700 - 110191604
145 972 - 59541217
108 913 - 33051806
2 239 - 131339332
212 778 - 889548353
271 959 - 402520591
673 909 - 514326197
161 484 - 639428267
670 989 - 936025159
249 990 - 989913085
462 616 - 421212245
552 889 - 47870859
150 962 - 327851284
445 772 - 788055667
323 346 - 751647451
483 972 - 726107853
415 771 - 330795850
286 516 - 931526630
73 181 - 388115973
611 732 - 859895216
161 951 - 649349418
164 906 - 4313385
246 309 - 338924465
53 806 - 831409222
94 594 - 233089781
184 308 - 470822411
499 591 - 107541236
145 818 - 386289880
540 701 - 808604163
248 706 - 722895041
344 706 - 364513939
187 371 - 27207875
456 958 - 505088699
624 831 - 641443299
165 339 - 768969338
484 746 - 900363127
551 743 - 418524896
134 442 - 175800552
560 929 - 895820025
100 898 - 733927077
115 908 - 147442326
465 735 - 564779553
71 739 - 88963369
218 917 - 278341469
284 697 - 989633972
305 723 - 662259020
219 701 - 232637195
661 743 - 432437147
230 773 - 405431632
588 705 - 342006341
771 878 - 670330424
4 382 - 440472440
382 538 - 79499594
189 713 - 764592292
317 868 - 426454780
92 578 - 992757048
585 918 - 560690541
69 895 - 215310072
443 695 - 528718888
514 605 - 521514880
135 393 - 734028642
124 950 - 917210131
755 940 - 957552501
80 796 - 902192861
117 239 - 700654886
398 401 - 382488346
923 961 - 602593661
463 883 - 848936046
364 764 - 912619810
586 908 - 127327106
147 741 - 718872212
450 628 - 817186683
687 927 - 376674507
65 333 - 65477339
343 786 - 217192960
95 526 - 363147589
190 625 - 93970140
121 305 - 302512157
104 641 - 231607426
159 878 - 40658371
894 977 - 838534587
49 530 - 755369793
148 587 - 165793682
200 681 - 417787490
479 742 - 220286013
113 757 - 310972846
578 975 - 588004063
716 850 - 753443056
10 378 - 192333307
101 955 - 752905683
75 854 - 666425523
757 967 - 351251194
22 370 - 509015428
22 141 - 180961974
871 981 - 240302391
835 886 - 801041817
230 862 - 412507498
106 181 - 124506190
16 292 - 60737434
70 437 - 796038505
674 845 - 661482613
614 841 - 342375475
371 750 - 391211063
752 978 - 286803757
43 293 - 528592997
222 885 - 121899147
181 833 - 153725991
39 894 - 396416884
50 598 - 620993915
194 985 - 281406176
204 713 - 146470856
685 896 - 806578757
468 754 - 223471895
371 808 - 77899797
32 87 - 111516720
118 448 - 650607465
117 249 - 249113989
528 940 - 826088312
108 693 - 685422137
86 108 - 978849392
1 164 - 19204082
350 557 - 538699552
154 258 - 210980267
150 725 - 512175475
222 308 - 333187812
327 497 - 811218080
675 688 - 760554007
306 478 - 733401684
80 506 - 355975796
231 931 - 138246440
356 647 - 458497853
498 909 - 963063716
253 344 - 397274843
533 625 - 473719006
919 955 - 214912172
552 760 - 893571875
90 106 - 740174660
592 674 - 46850232
395 459 - 276784839
372 709 - 126810396
121 291 - 928538082
263 417 - 469566100
306 313 - 16554296
573 899 - 548542970
626 804 - 864503978
293 876 - 816542568
125 335 - 301003104
889 945 - 378671382
94 830 - 880292433
36 579 - 117826214
121 333 - 289338664
613 728 - 314952551
395 661 - 647310629
264 764 - 497427580
122 531 - 170051431
111 818 - 95107979
101 528 - 954841179
25 136 - 100765944
716 845 - 179098999
261 335 - 741470637
33 78 - 576689487
79 821 - 281764268
79 654 - 568098007
54 876 - 910021940
74 940 - 265247186
144 556 - 735971707
103 251 - 262958622
512 773 - 96757248
45 432 - 846848018
415 770 - 211094140
99 864 - 122005701
42 66 - 350474869
365 515 - 403389099
17 708 - 781925862
134 555 - 31163515
337 342 - 87648137
332 698 - 215684320
289 460 - 823241858
331 670 - 237196495
217 758 - 381178449
116 745 - 928497420
105 860 - 76586037
264 912 - 773251852
546 989 - 453686180
163 680 - 91664216
496 822 - 198986316
750 917 - 769024225
310 369 - 702727585
753 979 - 652631702
272 452 - 196547697
2 416 - 216899881
129 277 - 380015978
140 563 - 548436275
528 549 - 467672499
26 52 - 161556385
161 470 - 953327051
470 787 - 918276473
489 847 - 651653127
194 377 - 319218446
272 524 - 215299649
415 598 - 456047397
187 778 - 519818373
704 926 - 587117409
428 789 - 537415633
236 797 - 529326362
219 730 - 33253293
245 456 - 994841846
303 312 - 123771802
149 821 - 26696155
70 891 - 786390079
274 316 - 225395170
168 748 - 627455683
835 972 - 633036103
293 594 - 805810031
200 659 - 987669182
71 557 - 382885697
383 587 - 921277163
16 52 - 513037499
277 905 - 212186406
226 956 - 156455318
613 968 - 716123401
472 733 - 33302190
312 362 - 234867995
933 979 - 635647486
294 354 - 939736370
430 816 - 733986089
830 890 - 550360955
439 454 - 457639192
193 950 - 314624262
80 404 - 410387500
110 489 - 540131268
710 869 - 171842846
275 749 - 474176433
3 82 - 568537478
335 911 - 237070920
112 694 - 229273196
502 635 - 732183464
18 522 - 800713071
312 972 - 536854980
236 782 - 18064113
41 344 - 645257114
946 961 - 321752989
416 651 - 617047497
335 452 - 15448690
64 599 - 350927481
793 997 - 420672963
233 799 - 213820442
247 288 - 512840204
285 853 - 454016568
410 494 - 936830355
696 891 - 955908263
47 66 - 400293
451 768 - 88369571
27 792 - 598642358
73 676 - 654238957
30 290 - 655167496
102 286 - 946071286
347 644 - 208405816
164 364 - 356749798
610 751 - 24966454
62 97 - 277478282
531 932 - 466144302
190 854 - 205428708
193 493 - 375496162
184 365 - 370603244
188 347 - 396320446
599 804 - 198545516
265 711 - 191178026
388 467 - 654423064
967 991 - 106556353
975 989 - 531895307
712 878 - 364343292
687 699 - 485743339
745 919 - 814758466
757 867 - 535143660
40 514 - 133027454
7 346 - 990813672
675 861 - 954658896
526 576 - 534600626
480 584 - 46136487
289 679 - 563877079
70 106 - 929205022
795 814 - 62917491
59 741 - 158728548
168 345 - 830942418
51 699 - 851230771
129 753 - 389174515
17 26 - 931092774
384 428 - 511451805
221 826 - 669230070
739 863 - 376403578
669 995 - 677410483
77 782 - 125655397
818 961 - 922110568
557 604 - 914866324
545 581 - 257262976
184 769 - 114971109
343 793 - 18234251
52 694 - 214096118
299 701 - 995690437
27 911 - 733551237
335 713 - 174930664
215 231 - 727307815
294 303 - 799582580
116 770 - 65591476
173 270 - 307198091
64 210 - 717890356
128 182 - 804316503
120 906 - 706976974
273 344 - 571402513
202 701 - 143654176
198 517 - 785945113
833 958 - 910495456
741 887 - 309655428
612 841 - 235297184
302 789 - 492908557
97 964 - 413765107
147 688 - 330288444
502 814 - 425558814
326 573 - 292274793
170 714 - 280730906
5 558 - 853234981
219 719 - 170553989
561 657 - 444445295
219 684 - 921499983
422 745 - 185288623
780 819 - 786071014
483 620 - 30700036
154 865 - 94833690
422 808 - 270054364
193 572 - 77688553
811 914 - 821005576
729 845 - 213043793
230 293 - 629254725
698 914 - 712473909
865 921 - 779718888
275 913 - 550892430
380 612 - 233750527
183 957 - 179771740
297 978 - 162787474
427 865 - 931178833
282 782 - 38159044
684 953 - 509454295
182 196 - 163969246
677 885 - 817922323
47 326 - 275554056
720 774 - 155143392
591 765 - 908283653
143 864 - 874477834
244 369 - 243614827
110 810 - 457367086
71 360 - 136414067
55 973 - 473147679
331 898 - 543548939
795 985 - 105622465
449 586 - 557837671
199 845 - 271983919
655 743 - 648332556
8 293 - 471939477
57 171 - 866914923
176 497 - 16524598
444 666 - 643392312
107 928 - 294676398
362 754 - 12959126
458 492 - 828728212
158 290 - 311036692
73 326 - 281629301
49 962 - 766958050
24 325 - 518549483
889 997 - 275603490
597 742 - 564986501
195 552 - 288069912
196 556 - 268365610
11 282 - 496221590
12 310 - 212211563
337 936 - 259727520
330 835 - 467877208
586 661 - 828591106
793 831 - 297538903
66 443 - 252103821
255 968 - 198932345
374 377 - 459923632
59 462 - 95993439
101 692 - 348110635
331 337 - 445016502
582 676 - 874073092
447 637 - 253105736
212 608 - 32001166
637 888 - 132144210
518 702 - 288597536
409 719 - 318012162
56 177 - 11681349
504 601 - 623028270
153 241 - 289159830
108 655 - 886440950
38 885 - 550375307
285 522 - 670977920
281 402 - 752343123
40 876 - 259223645
118 205 - 502293097
182 304 - 419877934
179 889 - 488098858
368 894 - 487093516
572 635 - 778221154
7 693 - 210509103
179 541 - 797097925
27 502 - 705294215
4 715 - 907730813
522 531 - 771254974
111 129 - 795711449
308 451 - 853642701
114 511 - 812631553
109 301 - 284573002
460 861 - 901151840
643 678 - 565501827
206 760 - 574540560
647 743 - 254271596
733 878 - 741290208
614 870 - 499919759
354 499 - 27664679
89 358 - 200706879
34 512 - 335996937
807 923 - 630047444
97 399 - 238236961
755 821 - 606396646
852 923 - 687553031
371 734 - 811691453
363 438 - 196274175
146 211 - 303975559
492 838 - 952455703
478 971 - 98608057
240 604 - 228412822
673 945 - 614802334
406 459 - 940343527
650 808 - 289803436
379 559 - 660488968
578 892 - 502306563
472 797 - 988524067
451 713 - 907882272
797 931 - 825477031
15 878 - 701058681
216 276 - 572212599
133 374 - 318202234
596 804 - 284828878
585 701 - 829812778
276 985 - 641478564
857 930 - 19034153
173 862 - 744440579
842 893 - 793905691
19 41 - 506315140
32 669 - 867992113
128 852 - 736178504
78 956 - 914791986
506 858 - 968344683
21 918 - 531080463
124 441 - 23099059
628 897 - 827448958
16 490 - 881521412
253 409 - 831422309
225 520 - 756146735
136 248 - 284777685
415 753 - 288189719
479 971 - 892753793
744 885 - 722970447
277 378 - 497975366
179 999 - 332964330
145 319 - 976147722
361 538 - 975388348
265 609 - 174696855
309 858 - 378012200
723 736 - 429861815
261 882 - 24649363
221 671 - 800019216
698 812 - 846709129
357 764 - 106528908
72 990 - 907429037
81 583 - 525563992
12 938 - 175793771
391 798 - 732439569
80 310 - 244825666
424 580 - 798517851
466 777 - 92829013
28 75 - 810155980
393 776 - 398569985
177 600 - 116455191
143 211 - 930078718
293 497 - 206362979
181 626 - 365590603
658 739 - 709462712
544 711 - 58094288
473 570 - 30849804
95 571 - 409839624
42 414 - 998661418
463 808 - 40535624
245 523 - 461970876
51 740 - 522225930
269 752 - 451566482
518 560 - 219029319
132 847 - 320391470
927 979 - 687853959
18 897 - 616397039
47 131 - 539689302
556 672 - 626608952
273 310 - 538819174
8 186 - 178819188
16 454 - 191491323
515 566 - 209072000
503 626 - 111358754
626 911 - 330643557
337 672 - 422497231
825 999 - 576274293
372 383 - 684669388
21 58 - 388763089
295 618 - 695205525
751 879 - 899898395
425 628 - 905392759
130 912 - 871782393
520 689 - 474873307
422 762 - 889356389
263 825 - 895732226
1 885 - 559997113
265 334 - 49278621
207 871 - 356530949
407 471 - 355800473
277 544 - 572029909
552 621 - 187822599
838 914 - 948993103
436 438 - 303162311
262 743 - 63663568
413 707 - 401836524
109 206 - 540856125
96 615 - 802831574
205 527 - 739438934
305 407 - 157639430
505 755 - 103104921
220 609 - 346435696
372 608 - 75135154
577 603 - 532346042
547 603 - 425536560
73 780 - 845652234
126 363 - 77258223
200 817 - 411382044
107 870 - 31240914
93 592 - 247135768
288 788 - 343553454
515 591 - 632634830
40 483 - 218375725
127 128 - 701463827
459 959 - 743134884
489 712 - 288921180
187 879 - 354394816
231 954 - 179374791
164 812 - 356593142
151 264 - 440416017
268 502 - 633179389
67 370 - 68424589
310 521 - 513273381
27 510 - 38223756
343 882 - 688858087
662 704 - 101314939
226 946 - 678067719
453 614 - 413820551
253 378 - 645272161
692 826 - 93276702
120 135 - 461267873
55 760 - 706272250
137 764 - 692950323
401 955 - 518521637
620 730 - 884056401
518 776 - 997828662
93 259 - 390093762
604 965 - 155850860
341 459 - 305099126
96 350 - 129594591
113 785 - 881705743
251 878 - 616940907
703 757 - 846699961
546 997 - 943693396
241 426 - 947995003
193 521 - 570767211
719 878 - 288757407
69 628 - 28830499
18 474 - 455814507
176 484 - 625180723
140 717 - 434497457
259 282 - 806815610
634 905 - 284425190
331 339 - 152801722
292 912 - 603163521
394 881 - 354259616
563 764 - 967565525
572 996 - 775292189
158 870 - 97532294
486 695 - 756259611
151 215 - 46864239
213 313 - 808942999
323 554 - 566722801
107 505 - 184847696
44 702 - 856197860
510 531 - 586341525
23 952 - 986899690
854 969 - 241585897
22 362 - 132223719
146 921 - 939354949
221 377 - 622346174
25 433 - 700828803
906 999 - 273976275
487 700 - 32382940
862 866 - 529763660
116 974 - 604298544
257 707 - 843392136
431 719 - 913437210
271 406 - 165322575
444 451 - 686949924
18 571 - 155942813
450 507 - 787415959
358 388 - 945372416
515 857 - 92139336
131 803 - 717532924
77 544 - 627791325
748 822 - 252980139
238 849 - 825501177
793 834 - 874190266
729 988 - 614900755
436 889 - 120546048
371 593 - 698389296
133 733 - 955728165
85 552 - 438628203
12 897 - 211638323
61 457 - 913680709
416 828 - 14137399
252 514 - 203364927
44 546 - 976230528
325 532 - 626176642
105 481 - 729640028
196 598 - 699053141
480 803 - 537801372
322 709 - 200996925
334 789 - 277448693
134 221 - 315826180
82 404 - 316882050
618 720 - 480982935
698 947 - 475708339
265 847 - 619197086
272 732 - 94359409
199 572 - 273495595
518 567 - 657738444
393 535 - 17498995
176 484 - 441818219
327 870 - 417197227
245 572 - 410866133
602 965 - 92215113
813 860 - 707492011
513 625 - 190423885
13 457 - 774155436
59 675 - 52597480
378 958 - 833867585
414 611 - 845671532
9 783 - 375703672
397 941 - 985199529
659 738 - 282967243
651 662 - 533053022
21 981 - 354772843
392 681 - 791865082
471 703 - 695158996
448 788 - 450265493
781 871 - 628702149
744 979 - 661757252
349 675 - 62036565
857 898 - 95056191
334 767 - 586540594
356 634 - 484286831
298 464 - 945076748
63 981 - 245065254
160 847 - 393291354
222 608 - 631707829
533 754 - 692536209
37 959 - 845893215
54 626 - 293537151
129 747 - 725370773
370 802 - 265084443
18 77 - 672114481
328 334 - 357865124
194 849 - 715785043
49 686 - 206127913
140 467 - 736186582
517 717 - 965236140
359 762 - 222324040
120 781 - 90690885
366 404 - 477879199
124 326 - 247019475
342 391 - 266032989
252 849 - 904342526
13 315 - 270996355
805 853 - 458991467
336 587 - 320070652
303 355 - 635392249
90 140 - 886503714
535 875 - 873704279
592 908 - 906476636
33 930 - 174850541
684 711 - 665404325
274 876 - 830192350
558 560 - 838663735
25 124 - 198164048
269 368 - 746968752
609 639 - 485403354
618 783 - 174658718
690 963 - 950771871
594 731 - 360880490
574 588 - 855696531
109 667 - 25540219
16 932 - 802519299
446 707 - 506384940
72 650 - 505688337
461 568 - 219364015
593 694 - 735327137
566 837 - 510522957
386 757 - 995744547
279 552 - 692330447
438 888 - 897130079
199 512 - 281945255
405 447 - 895221127
126 553 - 729157366
481 895 - 660808391
221 814 - 438561331
47 344 - 982844443
920 959 - 716841
280 635 - 921476171
404 473 - 885674061
556 622 - 615070691
457 642 - 580825662
148 854 - 894993184
246 548 - 640433842
102 390 - 189480960
301 555 - 607668029
593 978 - 279204137
290 793 - 443420556
243 416 - 484813624
154 903 - 265345106
160 456 - 253746306
610 943 - 105477561
260 281 - 403564750
445 905 - 828863778
274 515 - 315097785
409 784 - 828711692
441 684 - 638194728
73 850 - 481587941
365 377 - 70767570
525 574 - 186892943
494 804 - 16193263
265 822 - 155599001
1 785 - 736405460
428 928 - 358220096
268 896 - 900824070
317 820 - 665875899
739 813 - 761914503
203 448 - 707852960
539 881 - 700848733
548 994 - 94857739
108 260 - 651349742
147 832 - 161298689
50 860 - 932784424
57 944 - 764275535
702 876 - 889032752
197 554 - 918594812
641 669 - 665317111
403 864 - 402092469
554 661 - 305688082
509 609 - 689834802
142 917 - 645666020
524 954 - 494716782
831 923 - 520993176
417 530 - 553664944
257 610 - 287704094
608 982 - 474658690
393 929 - 725510579
403 959 - 794127425
85 138 - 907212278
576 940 - 539039203
683 695 - 376528584
155 323 - 196505969
188 733 - 480096533
129 409 - 958073781
513 905 - 535215917
108 693 - 508683918
291 677 - 932175957
197 332 - 694023372
587 636 - 778343800
274 334 - 519519947
7 197 - 312388609
171 879 - 78178716
201 262 - 177190679
331 509 - 697293429
256 676 - 680820274
234 253 - 104419346
151 709 - 739800702
429 446 - 626508221
145 294 - 540310002
103 626 - 555003439
754 799 - 376321541
791 866 - 116807685
601 745 - 811760429
20 676 - 116859242
142 500 - 466596262
113 388 - 134538076
14 997 - 652630886
263 893 - 665343515
52 367 - 154393572
296 640 - 107938733
855 989 - 801688229
425 547 - 781684893
543 706 - 255038966
740 970 - 842928269
598 609 - 611285674
499 760 - 977420774
19 581 - 403637837
625 968 - 987964289
508 804 - 403036672
510 752 - 277013516
243 570 - 287976887
304 603 - 765728856
373 605 - 280626871
6 842 - 224687890
215 531 - 768400298
226 271 - 399330922
64 796 - 241297105
293 869 - 774299856
530 669 - 277572123
333 686 - 763903383
291 645 - 978659412
153 738 - 399080013
163 572 - 203907704
512 577 - 745505434
11 524 - 487601211
198 717 - 586590699
307 989 - 530182155
609 701 - 182388120
303 957 - 655917397
237 660 - 987312338
854 933 - 659845591
89 962 - 395107187
333 444 - 394308101
391 519 - 408816609
386 417 - 313335740
293 373 - 511503143
206 395 - 497980397
178 456 - 360813978
120 798 - 799043775
3 948 - 739462846
107 927 - 153512708
216 398 - 272277056
344 980 - 717157056
397 891 - 156159817
426 832 - 266411634
235 535 - 781602705
361 984 - 360274376
415 517 - 675807522
102 702 - 697279751
692 832 - 430774049
303 678 - 183172198
594 748 - 522012025
288 614 - 21907245
225 927 - 948625745
160 213 - 555188526
335 514 - 10754895
89 153 - 741165467
96 183 - 27732132
10 421 - 489260687
209 473 - 380620150
26 561 - 204770152
652 685 - 913852752
224 275 - 536923669
442 494 - 186361157
392 526 - 562000572
626 708 - 988564511
175 596 - 128621006
477 885 - 497715500
22 393 - 914897147
254 554 - 481451616
147 719 - 213656186
482 834 - 684706676
34 716 - 830003077
163 760 - 554815269
554 829 - 88876935
12 794 - 513477324
509 940 - 661424534
36 699 - 521806969
161 399 - 386903239
303 706 - 814909782
876 899 - 657947075
146 477 - 96568028
197 969 - 749338199
86 248 - 455174854
118 222 - 498095328
59 525 - 732956583
116 945 - 786729658
155 325 - 803548485
406 725 - 360173297
93 819 - 397914068
124 445 - 763219481
624 906 - 762569406
151 547 - 150469968
117 279 - 792587247
403 883 - 205244334
298 841 - 745149099
247 811 - 894707553
96 673 - 829540280
249 660 - 124505102
269 388 - 818360105
279 302 - 136581089
597 739 - 90122411
303 438 - 422962471
623 828 - 651228993
508 961 - 996460749
622 956 - 92252736
32 287 - 806739425
300 856 - 338932997
49 914 - 433051974
272 1000 - 102726238
673 817 - 656876970
249 752 - 12150200
592 795 - 902762280
464 821 - 635418856
163 589 - 410042774
142 560 - 399649440
445 904 - 448930434
165 261 - 860594810
326 383 - 842978160
175 767 - 412211902
283 478 - 737228912
452 550 - 317002181
436 714 - 983592709
197 882 - 143786897
675 823 - 310752285
640 729 - 864231103
725 953 - 353369395
379 720 - 789594436
484 893 - 827666504
273 370 - 494274694
328 677 - 910432357
145 613 - 822255938
542 837 - 777439567
112 668 - 917534312
500 529 - 66910432
48 624 - 740377270
142 610 - 512031217
357 553 - 932897543
473 946 - 889911249
517 844 - 449256576
200 827 - 597277730
28 233 - 17878775
739 841 - 882549159
537 841 - 331069252
811 855 - 724694011
363 853 - 291091676
620 754 - 661357024
290 814 - 907810022
222 991 - 693382482
77 737 - 486834664
51 203 - 519947365
701 988 - 203730339
454 625 - 946484179
154 953 - 423331118
605 979 - 909904579
356 909 - 970467739
408 612 - 525274340
242 993 - 315906822
226 657 - 77786791
