1000 1000
72 189 * 562285033
256 342 * 165235618
417 906 * 474066554
728 938 * 596512587
10 416 * 989153299
939 984 * 398431290
108 759 * 716321560
387 499 * 965691484
10 922 * 518436742
521 881 * 602185588
176 370 * 735941858
344 995 * 978740114
84 258 * 635312475
165 236 * 558320778
368 387 * 777399534
519 938 * 248736296
166 657 * 142674412
199 280 * 662498689
343 901 * 358797773
482 854 * 174210372
160 867 * 263831
653 704 * 856451886
102 196 * 443121390
200 576 * 289974054
505 792 * 731963392
643 954 * 874527363
178 340 * 46954316
575 798 * 722246677
103 692 * 963623436
202 807 * 711990884
397 447 * 465971252
543 768 * 218705977
493 639 * 260419773
113 824 * 599075384
187 428 * 763115518
522 963 * 929120878
210 779 * 965552705
265 489 * 539995043
380 950 * 647835736
317 786 * 183827518
519 580 * 415331565
907 980 * 971218268
18 276 * 105912607
134 782 * 808056325
128 951 * 577449688
322 344 * 951602497
68 147 * 588416434
68 640 * 881414619
308 818 * 395051361
276 684 * 784603311
439 937 * 622529888
534 677 * 368017846
381 566 * 950983035
412 450 * 237480745
730 850 * 913976719
239 702 * 404627921
3 546 * 365734892
50 505 * 612808672
644 775 * 470660174
286 541 * 132500547
843 974 * 391665328
255 819 * 99864622
137 222 * 916215911
15 168 * 569916977
463 702 * 963599436
772 997 * 207389685
314 452 * 281299718
33 816 * 720593716
34 629 * 510064762
37 496 * 226090775
503 665 * 212682111
471 533 * 733190065
653 855 * 38158403
345 807 * 207982573
293 998 * 632206489
452 882 * 35744465
410 599 * 249622457
246 810 * 793776578
653 718 * 56707857
851 855 * 214117521
15 214 * 168874476
359 550 * 914932105
1 506 * 711975343
591 709 * 182846609
31 593 * 198402673
102 129 * 591391621
579 929 * 681049731
172 347 * 864141046
258 441 * 385134143
469 652 * 981142385
11 762 * 353244092
333 911 * 302179657
218 471 * 304732705
142 472 * 402502835
55 600 * 354475321
90 374 * 124811876
379 410 * 678758997
145 264 * 416706443
122 422 * 661913630
342 630 * 158956212
137 536 * 44245636
311 473 * 39910085
397 995 * 251227717
5 725 * 313431210
433 442 * 585263505
102 806 * 753479994
137 199 * 674375345
140 401 * 398292459
574 890 * 545439567
3 857 * 775589416
53 932 * 529204443
84 634 * 482134744
18 481 * 326260373
52 433 * 304530606
692 779 * 430938484
179 335 * 547360954
616 962 * 127401398
495 530 * 505282859
187 449 * 644468124
36 501 * 232952763
19 491 * 130950936
529 832 * 350613141
466 642 * 582888614
417 500 * 510869700
321 415 * 679369561
216 361 * 409686038
345 733 * 630220167
334 821 * 860773826
137 217 * 101796627
455 737 * 189101111
682 698 * 646110458
99 217 * 386555686
341 613 * 657940635
16 931 * 558330716
816 900 * 108991409
555 825 * 151995097
421 895 * 606656473
721 776 * 338560477
269 931 * 411334284
84 845 * 651956249
220 396 * 165178397
59 249 * 474847387
649 780 * 170632844
367 588 * 146249745
196 495 * 849363098
286 685 * 923030273
176 358 * 414243173
611 904 * 188300028
36 379 * 799376273
50 623 * 879254535
404 972 * 362844524
68 765 * 370194191
114 703 * 873668263
350 764 * 676014011
327 991 * 238562241
87 251 * 859048007
138 912 * 156778381
390 430 * 455755211
206 263 * 613145898
187 883 * 358840810
745 815 * 872166120
177 848 * 646741487
179 673 * 708547680
273 789 * 386030348
533 620 * 429220122
455 458 * 399893882
603 791 * 198933292
617 724 * 425399253
728 890 * 127203097
172 533 * 203406013
750 866 * 753655747
207 838 * 440131888
2 625 * 509508990
68 994 * 780854999
166 396 * 211798639
542 880 * 239372588
482 679 * 746678908
271 956 * 144737579
847 940 * 310947769
362 965 * 959965135
326 355 * 736632125
678 905 * 222566546
23 486 * 363525250
477 569 * 300016241
28 616 * 494555077
237 653 * 925125393
270 960 * 476489982
302 956 * 783556232
35 243 * 556731340
208 969 * 327659188
302 494 * 988079943
243 258 * 347704714
345 706 * 221253326
137 662 * 379622019
364 893 * 608906655
308 436 * 153109830
60 380 * 320026894
682 788 * 350244873
217 325 * 57719250
471 731 * 307846576
280 335 * 446979015
606 842 * 764874104
275 595 * 795516486
552 724 * 950352941
408 423 * 820323143
306 985 * 391782505
28 216 * 47149265
766 969 * 748901448
140 194 * 48376635
218 331 * 595700858
94 532 * 865789119
293 994 * 760492786
86 278 * 613705829
99 537 * 94268119
129 554 * 376153029
573 667 * 161411566
374 1000 * 118875766
89 832 * 101964567
241 878 * 784617006
257 928 * 640199291
33 36 * 549267844
241 746 * 983677708
915 936 * 465399833
720 736 * 840715287
563 579 * 940892838
715 874 * 956837150
365 717 * 25447262
556 697 * 475873767
715 837 * 128312820
228 711 * 633553497
334 476 * 72363131
351 795 * 511422612
416 889 * 581634713
318 963 * 253727538
840 951 * 507928132
211 638 * 100375020
361 882 * 636077236
81 477 * 167000156
197 457 * 214916723
346 361 * 651612731
752 766 * 261149310
97 655 * 324635222
687 711 * 549285972
166 785 * 955369505
344 754 * 925432189
557 693 * 273052968
69 908 * 32645714
115 909 * 111425448
380 902 * 665946113
685 883 * 493854476
90 285 * 580945540
54 774 * 514068059
227 861 * 948792034
12 793 * 715767152
195 925 * 216104652
227 613 * 223790916
494 930 * 42070423
345 367 * 380992292
747 997 * 879176500
147 907 * 68325722
285 777 * 369169911
460 707 * 293108933
28 885 * 630774659
804 854 * 408852655
485 889 * 680884687
401 756 * 46468633
180 450 * 887747999
446 617 * 171264470
239 856 * 443169559
340 655 * 704074662
296 654 * 190262513
551 695 * 225177931
61 573 * 528391581
490 874 * 63649744
49 358 * 524573737
61 529 * 430709511
78 760 * 449217050
140 248 * 613522468
374 878 * 614798929
303 785 * 172191207
323 888 * 884757640
18 358 * 964624248
61 579 * 25003967
28 376 * 856546968
489 800 * 618356996
419 608 * 18504856
334 883 * 256688282
95 510 * 583058093
466 700 * 40437216
652 721 * 839425355
38 396 * 859170681
144 398 * 833518667
341 938 * 509594452
385 862 * 20777600
688 747 * 787879003
445 826 * 954347687
483 644 * 757642610
706 897 * 55617142
433 1000 * 592128911
32 138 * 724904149
673 970 * 448613753
724 983 * 760038637
146 866 * 599456167
419 706 * 598146781
153 585 * 796169849
280 499 * 243243225
73 638 * 608354385
128 194 * 751614786
166 448 * 517037573
326 438 * 818690832
66 533 * 205670783
473 823 * 831695926
758 791 * 83610523
81 684 * 473709494
280 285 * 411081843
891 958 * 134092827
99 247 * 678985552
478 869 * 425937707
509 848 * 798973107
635 780 * 257506783
62 264 * 943947111
472 547 * 705738293
140 769 * 481551885
818 965 * 666411629
122 947 * 930322872
784 979 * 141927089
68 428 * 837539519
114 658 * 439457741
51 568 * 263545871
28 899 * 263218443
528 732 * 122675302
100 795 * 930883313
50 259 * 65533947
59 242 * 25842567
391 399 * 589531366
890 911 * 307425708
458 534 * 498307094
39 328 * 860201641
368 839 * 504402531
415 422 * 63045699
590 591 * 723409419
178 203 * 135433820
480 835 * 793604553
336 542 * 118226208
704 878 * 575873830
235 896 * 911349137
108 611 * 32615053
329 744 * 749536654
852 977 * 712245656
86 701 * 408831220
482 684 * 828228685
94 208 * 650705711
308 540 * 597467103
622 939 * 95919923
265 324 * 336629913
79 638 * 313595695
283 860 * 456320199
247 682 * 968692451
60 122 * 216407872
312 667 * 220260863
644 827 * 641240019
560 772 * 700813272
163 372 * 554706467
67 614 * 593995113
580 852 * 192734042
34 869 * 325374774
154 245 * 446629089
103 484 * 370983821
408 968 * 644205650
505 761 * 783264621
832 888 * 22993254
300 683 * 549812738
411 543 * 403224231
588 628 * 679821529
361 973 * 801213102
491 860 * 595810030
416 873 * 423793616
139 235 * 475330449
522 661 * 855535395
103 943 * 133746567
365 560 * 117784815
874 962 * 109750740
137 639 * 541475226
278 598 * 22041234
76 650 * 283891949
599 621 * 891144456
171 373 * 241325043
426 949 * 581104274
39 309 * 157203594
370 883 * 850901087
171 353 * 319031552
64 424 * 513693955
730 972 * 259421421
238 485 * 961568398
138 964 * 760399766
780 793 * 230665472
478 899 * 861228535
512 577 * 864270810
266 554 * 488367189
155 905 * 745425298
481 943 * 944584946
365 976 * 820133267
475 504 * 924268272
9 902 * 222540914
181 548 * 859084804
244 880 * 496878
361 604 * 400376652
130 699 * 613802034
207 326 * 374509222
485 795 * 63617027
368 404 * 680533643
671 897 * 71665555
235 274 * 602780039
110 371 * 943429508
244 488 * 17502890
63 584 * 195425023
754 853 * 35350313
59 169 * 329377546
217 867 * 13360427
14 490 * 820221590
665 990 * 788268447
199 586 * 960753220
81 176 * 722287501
660 731 * 828406746
191 213 * 409544445
803 930 * 946777575
51 674 * 43736006
548 965 * 103725240
614 631 * 19359754
331 795 * 385224800
197 750 * 387863495
566 816 * 718007536
356 770 * 389852437
343 741 * 423229926
117 260 * 760103534
282 678 * 118564603
588 672 * 575778154
170 823 * 156591155
102 688 * 466281114
156 181 * 115097645
396 681 * 834616289
687 895 * 455103102
872 972 * 712416774
764 813 * 595881911
312 985 * 18089647
494 522 * 121229247
377 992 * 267520554
506 913 * 144396
460 768 * 672057401
427 816 * 187006477
39 983 * 316848148
473 670 * 415837600
167 470 * 20408190
158 645 * 920511626
247 500 * 887730941
702 887 * 235639023
362 573 * 987578972
218 795 * 799167653
344 827 * 765476103
598 926 * 95249570
122 973 * 508704323
301 786 * 853599421
181 551 * 76379592
173 211 * 59675536
423 886 * 297393686
495 612 * 933682561
553 641 * 788778931
100 586 * 844024788
49 410 * 719875522
263 564 * 908181921
130 934 * 478065948
393 758 * 43062536
570 981 * 454534154
496 577 * 8794439
283 828 * 250531946
288 687 * 770924491
788 879 * 215497717
221 889 * 466943071
509 781 * 496131984
427 740 * 339463211
22 368 * 289040827
126 544 * 458207975
256 516 * 457112887
499 649 * 840854829
729 784 * 120285810
518 615 * 747808513
260 908 * 744056338
709 928 * 839103854
570 964 * 970611884
682 777 * 722899382
489 795 * 191558497
275 883 * 434933729
640 936 * 525449901
354 743 * 913820942
288 754 * 111696410
399 974 * 936700714
74 266 * 761512040
335 784 * 304276207
340 490 * 111563318
107 477 * 972973141
577 911 * 137463469
405 815 * 484692764
286 592 * 843140395
189 816 * 64164451
71 381 * 673320405
656 924 * 807284031
199 859 * 983187559
598 733 * 433918708
392 617 * 570771012
275 980 * 721228150
466 879 * 293835550
138 595 * 68431408
201 449 * 728979035
2 542 * 948536091
307 622 * 474536013
184 205 * 322949426
539 742 * 49120729
503 753 * 327931831
402 608 * 552210166
320 362 * 638621322
264 629 * 212113301
240 810 * 118738634
15 982 * 74686044
549 945 * 321458204
510 845 * 177259566
302 801 * 742137629
604 642 * 513716896
304 650 * 881978820
314 329 * 463298657
165 706 * 214131802
475 867 * 344626398
440 807 * 462388542
620 879 * 13100702
542 843 * 538577936
181 591 * 864418090
609 960 * 621979
248 326 * 408663383
20 425 * 809667163
104 598 * 232684768
429 699 * 256707336
190 618 * 247653892
423 434 * 751127159
484 806 * 654406689
427 514 * 297018878
328 803 * 641432301
101 674 * 22672753
685 953 * 497812115
498 758 * 76331146
167 812 * 520746642
698 940 * 378874184
791 995 * 188315650
420 809 * 399879641
210 954 * 908122305
263 374 * 753945483
229 587 * 473887378
505 859 * 755216382
793 989 * 563243536
168 757 * 52336077
513 527 * 446862688
275 790 * 770499589
442 727 * 501243002
34 566 * 811923620
249 828 * 881489962
47 139 * 243873136
304 619 * 518484962
846 933 * 261856276
417 849 * 663004504
371 654 * 907646748
176 827 * 941925808
166 571 * 591727176
568 712 * 227452938
161 647 * 717146881
699 995 * 681481164
239 788 * 377235402
332 695 * 589097882
190 967 * 331582490
72 493 * 961041778
552 935 * 912316566
563 631 * 301943232
308 803 * 570620116
348 867 * 596595525
703 862 * 644172816
548 905 * 676342121
136 346 * 790644420
128 990 * 717526034
438 541 * 527402857
3 321 * 645409942
346 546 * 46893539
224 834 * 992532934
446 901 * 635346805
545 940 * 767941264
284 334 * 947094414
22 353 * 798862043
430 882 * 776064198
933 980 * 409614717
3 438 * 949267943
586 623 * 918386897
498 947 * 760497432
138 255 * 363612016
749 993 * 229193307
225 651 * 135904576
150 850 * 763915391
398 874 * 845342466
283 892 * 828771866
563 690 * 966530736
515 669 * 45238387
222 277 * 588973800
38 613 * 501164599
296 828 * 120790170
567 686 * 78794993
344 946 * 78368714
59 248 * 841437834
137 491 * 832668427
857 884 * 907918114
730 927 * 555288841
6 109 * 391989457
473 868 * 72354069
146 474 * 313171813
311 904 * 730986997
737 770 * 316668495
577 942 * 336388576
170 942 * 685244515
424 607 * 167865020
16 151 * 236165050
596 960 * 561453414
17 443 * 214764010
111 865 * 846145559
148 271 * 5778955
544 909 * 890244
346 426 * 232066499
86 571 * 976871486
157 765 * 423769601
513 983 * 170669259
394 654 * 477820753
350 519 * 377988186
294 775 * 690444046
473 966 * 482466440
506 884 * 904740209
461 508 * 567315002
113 298 * 361892175
166 719 * 253032437
41 444 * 639959389
447 925 * 554572508
129 409 * 143322704
192 771 * 464355815
166 236 * 46144770
332 803 * 709280045
173 499 * 218268722
652 861 * 260485761
587 715 * 129997671
46 790 * 372396283
403 811 * 420156979
138 478 * 315802363
296 640 * 379197052
285 718 * 444940198
65 495 * 56866788
52 380 * 703328803
202 803 * 877073387
150 543 * 889414286
341 739 * 516416036
182 871 * 507730733
280 322 * 372744660
332 899 * 323268843
671 963 * 439186573
231 733 * 525171849
78 376 * 904078300
275 317 * 515155584
368 975 * 745317310
350 628 * 513259839
94 944 * 462217951
444 579 * 718493567
544 778 * 993341169
71 533 * 969360884
116 969 * 555130402
77 491 * 283707936
881 943 * 459167709
742 988 * 147068617
441 662 * 280080023
62 712 * 359475865
158 970 * 743533970
78 882 * 758876239
346 813 * 195117502
38 882 * 814300819
419 700 * 780918945
710 810 * 156005863
328 742 * 277954725
176 219 * 435260878
611 896 * 335137552
304 993 * 677251350
102 269 * 739699728
784 809 * 979145854
343 925 * 118370916
404 684 * 81533124
600 820 * 108196955
108 474 * 623189959
54 103 * 949792696
118 456 * 475413732
372 866 * 174198965
172 737 * 202415196
642 733 * 695210453
294 321 * 733200410
54 393 * 902697621
64 328 * 582373502
45 51 * 583442859
166 309 * 820154768
59 487 * 613095089
55 853 * 165497885
462 900 * 668701301
577 819 * 45569869
718 812 * 315926941
262 866 * 453055119
682 717 * 488800634
4 490 * 493293932
564 830 * 286806317
82 681 * 726730866
231 304 * 377928476
122 522 * 413053666
172 653 * 984795904
141 675 * 35906903
638 949 * 263647786
264 440 * 279851939
560 916 * 765063038
809 996 * 159542942
488 667 * 796841061
7 124 * 699118786
78 300 * 916859637
340 470 * 87854773
290 542 * 756877946
152 532 * 179442805
126 862 * 998690428
608 727 * 199701857
593 810 * 960575174
635 835 * 413102573
54 343 * 224216739
339 468 * 26264470
412 626 * 384477026
694 770 * 842910588
32 447 * 469068967
64 68 * 941332971
697 984 * 925037110
132 838 * 926085843
463 761 * 353474955
225 714 * 854576220
95 608 * 300066612
524 556 * 67157621
168 302 * 313863304
116 987 * 873814532
227 892 * 959061105
85 829 * 584325894
52 931 * 664439273
206 219 * 61564911
73 395 * 718346157
250 840 * 949770066
169 918 * 190390933
257 376 * 155835285
193 527 * 106565373
31 575 * 862718746
3 306 * 212536878
307 470 * 56827523
287 360 * 523726171
468 567 * 468350439
159 697 * 382422835
235 760 * 655863731
142 210 * 941819906
86 627 * 530466601
226 320 * 208830776
326 497 * 661681112
777 823 * 493282689
335 934 * 77833169
293 358 * 183527240
384 677 * 380485475
52 130 * 566248457
863 949 * 319363027
107 757 * 375287178
21 683 * 969973711
269 792 * 580180970
315 980 * 682252959
341 688 * 534111400
15 416 * 954875777
316 327 * 522305886
783 935 * 867016647
52 835 * 138205660
378 652 * 93278631
208 686 * 215776812
241 408 * 656329703
641 941 * 265225524
402 452 * 659589835
173 676 * 76467113
819 901 * 29104537
168 951 * 15742075
24 866 * 906958300
433 653 * 872597905
200 446 * 303283904
591 983 * 712088321
71 491 * 518946705
39 960 * 403488169
71 428 * 911285675
516 769 * 196163721
523 805 * 506655589
723 856 * 840334985
935 983 * 20713757
101 752 * 579136818
337 561 * 531344781
25 859 * 343901242
286 754 * 623073924
36 525 * 187219074
281 731 * 899332566
208 743 * 242792629
448 469 * 129630822
16 249 * 480409130
304 478 * 89525310
254 899 * 667835546
449 548 * 907591003
740 988 * 287089676
654 931 * 652890502
197 492 * 965347644
96 161 * 16241261
349 424 * 350136909
426 971 * 870606171
171 526 * 467840569
236 278 * 282884638
449 770 * 159872310
26 590 * 626709615
370 722 * 187451003
302 914 * 176625735
283 654 * 515606879
149 902 * 599380385
285 611 * 534688525
172 900 * 943373641
626 650 * 804596377
315 659 * 331409680
17 494 * 136898936
696 967 * 924611305
629 833 * 221134348
388 906 * 189104716
42 511 * 596043717
198 880 * 696742927
398 903 * 158572345
106 749 * 219039479
822 926 * 490917248
605 862 * 64448126
796 951 * 821570978
292 551 * 78681035
761 985 * 777638751
762 808 * 275962221
86 650 * 579395145
43 252 * 787807446
423 968 * 365159547
409 934 * 636334277
461 503 * 6517311
157 843 * 56321294
14 196 * 196474594
84 622 * 684564074
624 686 * 657192663
97 693 * 243965190
399 401 * 335461951
47 394 * 576362904
122 527 * 658773893
854 974 * 328707707
602 884 * 668788320
60 918 * 393659646
307 946 * 812859880
67 521 * 442827427
40 350 * 662632607
139 345 * 462266648
610 715 * 542217123
526 644 * 76468603
775 838 * 693421101
181 436 * 986487045
177 239 * 619181979
315 496 * 34396674
7 218 * 350757678
87 582 * 287388545
386 675 * 689857548
162 589 * 566254758
456 753 * 38360583
236 973 * 232807541
337 365 * 475031662
741 997 * 365165846
749 931 * 390643619
94 797 * 404815284
70 248 * 715326097
232 487 * 646475974
364 748 * 712017671
98 315 * 895285313
641 790 * 781077557
849 965 * 56480833
210 536 * 735992011
66 700 * 618582382
391 670 * 755158591
123 805 * 922853163
258 373 * 288799126
785 833 * 93716569
294 802 * 345547373
708 721 * 244758677
688 728 * 352930315
98 967 * 553022234
120 1000 * 610570025
432 646 * 918174078
620 781 * 729544317
677 679 * 576267361
144 562 * 221969600
696 895 * 225716783
258 954 * 612709164
197 758 * 748052630
94 312 * 882429662
535 547 * 959333424
488 546 * 473190635
644 836 * 890307639
861 997 * 740580186
219 580 * 674645134
139 661 * 970219243
297 900 * 11174828
530 942 * 166471029
199 432 * 563206785
726 929 * 169604690
320 936 * 979856889
19 368 * 772021873
376 754 * 902701045
320 361 * 577924437
57 647 * 713837797
252 746 * 434821004
660 851 * 944366154
98 249 * 895357191
57 495 * 761646161
471 906 * 14231431
169 632 * 877166815
141 619 * 151505506
476 567 * 49555031
241 655 * 466465819
111 435 * 741436774
6 219 * 735784130
169 204 * 557832914
27 968 * 912377594
592 705 * 511536692
184 568 * 949390652
881 911 * 318681337
223 237 * 330428618
76 307 * 896052641
427 785 * 376049387
310 409 * 69606651
263 312 * 834985392
476 589 * 214577380
815 866 * 602327829
745 796 * 19029370
456 973 * 923725937
420 496 * 273401195
538 724 * 29514604
13 85 * 578308243
35 742 * 905868194
28 117 * 36935180
407 993 * 530612234
528 687 * 559346448
208 612 * 987915206
577 701 * 798440319
284 667 * 950853636
817 825 * 766035459
144 461 * 12060776
297 592 * 469354
378 391 * 542959700
912 950 * 831498850
103 901 * 579431664
481 598 * 501100601
346 411 * 445080754
69 672 * 398259527
609 971 * 566265079
461 714 * 407981006
117 245 * 323920399
158 507 * 592297752
719 720 * 645441873
170 604 * 66134291
227 411 * 958084425
404 899 * 966344026
186 436 * 168354192
395 640 * 199293418
331 833 * 300451421
666 932 * 730132268
81 855 * 684350279
465 604 * 288711345
659 859 * 699986696
541 744 * 551897621
133 999 * 686504345
460 950 * 796974346
474 847 * 822904128
627 691 * 729234545
665 805 * 80423997
698 930 * 372142292
228 356 * 590837489
302 931 * 227215813
3 609 * 740749893
95 527 * 179038519
371 562 * 711341214
199 240 * 953619895
170 417 * 763444390
474 607 * 320547014
252 593 * 818316987
641 848 * 23679213
949 965 * 400981928
320 725 * 973788769
688 768 * 93616748
