1527
671256934 35603739
358350215 231786879
744084465 913868289
99415325 51509224
759099357 720621546
218433472 16491171
725256000 439609358
911369828 573840364
446064773 699139118
768211634 101544237
360695162 923274601
142366589 578443917
92477582 452007713
431307993 295971418
712100510 148301186
738754368 305914167
29200354 875594581
793895617 316028423
511731904 139563231
454400067 327598833
768792848 301595826
303203456 289437217
496196351 494388752
583355896 709926777
454681958 788892822
832431480 616098318
840834258 980456958
909893118 897795069
661559944 602753693
594146171 212900480
951666094 310618
653609227 421566080
932015382 706956111
274627802 144725160
344887946 820859151
189009743 775977507
860080514 187705446
188286251 827387581
529614327 295285725
429277963 126493397
480079605 991739456
325452372 369949928
610016840 507038780
158356560 307551308
13867783 521711833
215894701 12078213
516586737 259114081
165143017 408360920
182888782 754816110
180348540 514371784
987152818 238242859
369608923 616942011
634539985 438778673
902322219 394781358
119752792 32974312
958884615 599858652
89569634 818033465
369478621 613123128
275025663 534371479
793545750 601641490
215328711 516537120
279121054 542274383
165954453 204713771
680059546 457974301
51523082 17142435
651608583 871404745
960778353 927397846
829853064 787767526
868170796 543707564
400562335 822841581
274549943 972150379
618443566 682255921
410377004 251719240
307579457 383775764
369366127 300959224
259244027 828218356
732745972 396165735
520402653 743009772
683023114 534625938
674922614 833095554
218174758 636220429
209429376 998156272
129353970 929796386
923766676 75969156
718229510 699323112
580498863 194059201
500219108 676871612
971429766 989761298
763117300 956505630
370042988 377841644
619374939 495077525
17987704 879497794
929028420 24163946
168436226 793381192
656324272 16291220
604544521 709491235
339090310 257462133
453583981 226991529
596364124 900229138
712143908 996751427
911088152 848605906
301293394 636620421
691073825 529088290
608726368 701725772
997508836 531575123
649786003 968685415
866811494 650263300
753296180 629416380
393183275 516722293
504656175 454092408
495338 231253264
815546494 704713744
559204324 770190820
634918341 473325688
337150002 422471470
102608584 961664127
663353202 852392178
707880151 108562493
625179208 814751780
265147427 708239072
619612723 524155835
982840395 995784910
19681915 450421383
770540242 575072243
158257163 734052462
688016188 50347431
784359149 84870274
336154916 436201507
230546054 867469150
680842394 749351500
833101724 471705203
591673185 301517400
720379746 608716050
12830199 565073306
46282571 775160432
46382854 952346946
597649678 632214615
268819996 730172008
23950781 864500842
399234774 549588387
497703901 62831001
274866687 569045733
896358273 112665979
716260329 829990059
467555945 261627727
20332408 629871447
282342524 255846954
693119819 191135626
893911385 834575191
188096417 735194746
527699140 981586459
385096491 229639146
258993218 449326322
579896104 914776227
635814248 131290899
27028501 204507832
40107346 695518891
662597488 689993775
107067787 998985909
212108885 53985337
435759568 706978480
846062968 35287947
621352846 106925888
69114918 616509468
564805646 661577567
530650747 401242883
790685159 268812178
497683451 131101887
117320643 661217922
634348203 422866386
976369625 45728129
999020557 880855182
543167782 564933755
35186997 227304772
681017693 947085433
690686825 320828719
583045749 935508169
317703299 975503185
2702932 630082038
682409136 587934674
426798538 618336362
520741738 501367711
644929923 76388326
808241471 506086890
184725513 16885531
241148671 631677414
386945028 578762497
846599105 172869416
338850922 333713906
121481392 882910452
211153350 573098114
30134042 303859057
784167137 278002825
344085706 967645642
161707205 147248188
119077774 275173184
20494188 121951048
323487320 764783613
361785659 792035980
64185847 752687302
277056292 17646771
633249864 507605542
930165677 389298566
660017420 808175133
922198592 96721059
429064185 812437628
465818074 645251511
460022329 322906111
36369347 572412383
182095190 680986895
367589989 338154923
544119608 697834178
216861644 997874083
886636560 272399652
883272454 325243216
1147600 107097706
594540138 42637427
787793826 116689763
11449857 67253959
743663481 198241753
358764293 324595482
860851755 958950559
576662148 346879693
270169613 396396888
167830308 509712778
52686636 523206450
864042825 409797634
168970791 835665622
459481459 659039073
727127215 560855860
889957232 821105733
446654033 928607569
204566224 297840288
887787949 929663052
852031709 619020938
471039870 261900381
45249924 200652272
937676825 886580114
610538295 386985944
21553725 101980421
143793952 33645200
574010290 778343346
893591523 153492217
912221885 870305764
889707025 229441935
383909094 412735724
885341795 688709111
444687749 248250821
675843080 680434442
723118003 413087445
566250430 659827496
449956297 497490838
350112730 220748024
459709463 234624224
36781063 382861639
913191000 253460163
670165938 300374919
889267467 757123250
879536853 726885543
481726133 986031754
700879619 440471811
597745272 475556812
343553408 480101342
122641915 245038034
470404248 728768320
906699785 711403786
486874190 908964971
433759266 687224945
516048232 326681656
613842837 845162779
348016883 966878983
540844819 432266841
18987775 919481533
217650538 841446977
539029311 209203862
342061553 809226545
278868933 839516151
238659147 833236012
365817582 683589926
86146676 49184212
697150559 414418111
769310669 827927463
701434894 430641207
374305251 449956915
531539470 571747644
470556834 905679306
617686480 897253320
541482640 321996155
41992217 731015017
167013057 742303181
500012422 819003453
414495983 601778804
593780899 642986006
422446993 609521319
885574237 867113446
34552386 561394578
451185040 965408804
393542156 50949572
572096419 714019583
781280896 359317924
815770006 243647168
384268283 752297804
787030846 865517515
26113018 407283191
937363400 470597238
91725014 355941600
607756338 846713745
77804363 275147155
591845684 740950517
20715472 710720240
911139268 866566756
941922529 774904442
187523124 140112149
566055483 958885674
596294842 401082377
24784328 277189289
860952390 357514705
796027996 565275444
149465784 681832112
32059126 12482400
543229016 124578031
134163376 892912307
30583562 548434364
106911110 206028857
48858872 605350199
114279374 717241008
904367586 881669761
624075807 674988305
225391592 260978756
679705712 738919602
827721636 680154170
264909937 882515470
97264078 214213710
482396929 556060084
835438889 120260006
835497291 346361146
546339595 939836754
532908004 202559179
88186052 15979672
149114037 245758011
665985799 845284408
717593139 318770978
447452239 923493527
998472150 222437397
26234379 688807130
758040932 599218384
373948330 773171946
200653798 975053975
588566980 226064305
310193542 853715756
267873171 907036324
628762031 755494130
838042473 310896622
714758047 202613284
840565322 726189688
670771101 413045501
523930854 174417447
29036850 903973322
867195085 355457902
787505779 641480146
253719290 790285149
796788339 256098322
586892088 893034037
166447571 991522018
108907721 642134169
433061912 127858436
255328374 166534125
326097188 357489897
630014895 575792870
523135431 876253714
587220694 404880119
372360967 973103383
700200315 373392862
481117472 9661197
877419592 406869072
957348058 453787754
544280001 475112001
743796141 965848875
519511585 929254183
462966589 730463105
940288879 886986819
974483485 333918272
248472104 266165276
989924972 62791564
299667222 966376396
511085494 946211091
787740666 358140021
726999098 196388888
470644784 755359399
396307427 763374362
743800106 973556056
349359929 663828986
655415108 78929090
336775078 197504317
721166830 821037470
33628916 784359797
906296238 453994157
18165199 83948548
908852586 357064241
275653838 464859374
824360958 35239866
636156227 235753079
149227260 349482317
179875358 742038371
796288196 199531007
561929764 533797538
539754284 619985259
497205364 670135007
874664803 156483289
410601483 584137107
597956092 233429963
611993246 58106368
706815543 150661058
301534956 251347269
286702199 416314003
836402616 759018903
802544973 675627367
359698245 773543253
184513278 901582040
947191486 75281652
566960759 343954210
856912728 100030104
987823755 968928440
889080428 488873917
407992465 447618742
621356047 351436852
951356446 12438434
790644339 41928389
486957832 77477985
434497108 309960841
591235831 800755507
446839183 609404767
945775485 107619751
855131531 782653278
76101020 28292648
487634234 405315886
520202307 53599321
45539139 21242932
377711661 624700077
32104558 734469356
402846570 81253882
375846647 999374008
862119062 538749199
110524010 494705496
926373416 784176431
517159744 804101471
776549527 696565717
129614566 2268811
485388826 399234593
962973722 41327616
367332775 469847338
440535523 417084640
80421879 449737884
376692891 630727171
740636281 964339528
416410977 388576455
180223039 561122520
24784181 208932667
625997329 208454098
75819158 652742552
500403233 510966782
908710596 519107231
389213429 468021063
727009147 390968675
451683431 1866412
673289587 242634521
162664707 597348071
6796202 147378017
92462867 884457368
977853186 703323309
966959872 177196950
133371396 365937964
767159687 979877374
134704161 377991082
296696857 457337234
532542231 914882365
970889677 88702614
337266200 602824308
71807393 151453124
883986683 253612631
263757713 681630875
880048397 605289552
785153392 815851714
343084846 576291485
280678548 975080953
88890206 605854492
236883957 324039025
804311029 450310075
368732956 324517733
860179746 857245037
18236323 558333200
861706372 384660446
760307123 347000195
680832598 396307552
52594201 372935115
154045081 556441027
588791245 891727239
42103641 424486988
253359628 729806731
611392161 299024239
935256035 878918920
755768967 567140566
792179649 341646717
75016906 527541357
435268472 252892450
941932824 310409326
238571344 876591613
65921851 463714356
663634886 966321429
510532710 758968879
480034719 930470343
903845760 354028670
167845223 771220187
533933018 939671764
515663339 192226217
628289754 887665042
599712580 830028887
496284974 105446428
626627040 654465892
546632200 22321763
195505917 16369623
127203274 365894039
782252854 726799530
138876188 102067962
50061964 494831113
595255964 786899520
233669498 321436943
904206009 684780884
912987664 103691713
957221553 507692321
211518321 229362003
415283804 794812294
699750900 247816901
267012127 758453414
979717605 891498768
65823750 305532696
520571828 399705670
845134842 686098428
957891229 79312443
681393356 501519081
986238594 307672769
722474443 640466494
242155704 828173034
968236897 562129695
301028533 508384472
599137335 713801461
438194551 740745206
192763451 100767509
799506992 201553931
891500091 657442324
582178137 149192046
666904224 347948981
797376282 947582327
805667025 365491640
639512126 456374034
75726737 79383280
114531787 702238587
303373753 881466483
76712881 261993878
966758574 710500736
786065354 367675326
535282872 665122165
158559796 430944661
957196516 987292407
920826370 568165804
487938596 436473383
291363628 106157508
849316519 620795552
998575795 441351757
208125506 323173147
33282593 467464207
475529054 76516109
673727035 962600872
640496965 428490461
858506271 691635868
446558662 743347107
465044994 599131270
663760017 69677001
305397278 105209775
640001629 457345336
18057403 56770171
996539659 248460482
955979159 127282812
928308134 862439331
289189654 381852700
449946820 732527531
549883615 377731528
945230766 245793282
437392890 849237175
127383200 276432564
8812981 654711170
758052849 363784483
397129219 746991612
859914227 791215170
887868700 274694917
458679123 6754195
694395086 257409018
819581096 850805257
514666482 967626376
193204720 324755793
608177549 339384541
677510436 286544440
301575282 233635693
708973653 181195147
326008847 585962175
11984624 570427374
238282299 207289490
402261886 185662501
505674109 54952023
872172979 60214203
500000844 178002502
345072887 274462515
520233064 253065690
822089429 643628805
567440573 707451452
15869039 91662897
287152301 1924988
281167253 357311764
838706688 292802341
216348195 790680940
759600145 36488207
359115367 124112982
994123378 676613723
891652642 337192375
559947960 35241574
251299942 584818427
442734129 876628163
707817469 865389206
53371568 126486679
143774293 525853402
195522547 698194161
489203961 86610013
509162668 492807094
75821261 826890703
589089073 118023173
823484743 43338791
990728225 580450928
846591862 721822687
519572036 870755144
797457918 38345653
22731761 283938498
241067192 719492244
495230252 355898328
312789471 441894146
714688238 793209712
792191300 776880079
122830059 568403136
373827946 982247716
638145139 529278793
515490938 625797860
834970568 94276770
120911839 950416665
99556079 916313356
535827086 957819872
933599121 696761503
51268742 488309381
266993855 911705980
552783933 577668479
520385605 903602127
698142253 243888108
976354519 17852787
787470433 271132913
666072328 441530618
404231340 392169197
990816945 625208642
447509146 267189834
956001854 136263942
542124630 452764804
695954809 238983222
183944233 78841780
153742023 767869555
384099747 669040208
274421687 329054157
681687822 385594549
523625180 801346409
163165858 985924429
129581622 958791833
461749279 914814036
351138581 614687708
185475808 290655421
546153797 771427233
786739045 16725855
343165055 396553197
529396831 938421871
988968533 499591159
54579925 832639484
995802496 640324486
493699897 532296893
60027032 98169721
982088680 349361777
584271218 233637083
873521051 699443647
567268530 141887850
650369224 251835624
930988118 711178022
680577823 713469632
830171841 436927793
152657302 724498410
66603546 510123356
465924666 567072550
524279816 88513674
317203456 910368561
922904375 23705075
415183534 995242231
873983291 185255283
902977166 315829015
560165280 671886370
835131595 935125190
751692087 203725575
721984893 493420455
449427976 643015996
150730997 42257613
134222332 604467969
928512996 729926731
398287007 506288804
349105520 444125496
713208938 752747070
945523086 298182911
859446814 837097024
618946816 477627256
277866074 717586611
502389634 334951715
396180779 571337653
218942683 440048234
53237257 659195919
124384577 208627924
819227404 915136964
550415161 659791710
836347449 450289710
849462954 951121049
349321008 151852135
594986803 386706539
780768299 966893488
166476598 305351168
186609958 181544461
336610470 252326022
379776858 709007942
967251043 430552095
534477676 247757112
918901241 46383754
193824041 455170855
522941706 640674493
380309866 812192759
461008792 186378996
61119372 350074799
721959992 379316750
977324377 926833083
44133962 275503500
414056538 418883948
423282928 61678068
514939297 675198442
776622041 308853599
131166656 139889106
382075569 18449215
748385885 669272625
870281682 850834558
850298043 227430272
782572321 39324976
271811834 380836721
473073477 977263608
195168181 739927477
924459847 286158935
710036645 487989453
891369894 740761300
91642764 531352808
834169201 21920880
539446961 615775404
317264269 527707361
693850646 489856245
935022894 637322450
634031031 677526746
520162676 508650575
521555029 481548671
12576021 191606421
675832144 603054863
830242751 173308802
999776984 638219518
848667854 916020806
776459002 404031724
779757176 827601407
799798776 455809952
453903724 119479662
450174408 45169388
892776343 191196497
194755650 889672187
761407380 10229929
497782915 599243228
462953791 920347747
286229412 502863499
266997548 417204232
696289395 986026903
124481205 220313327
433586345 472796843
239381805 859876573
813397649 712477660
826017221 86806202
604232968 160543333
693582903 619326908
201571462 515024116
819226044 484293615
635346209 654515326
449638001 261749004
129462090 323095868
148804339 96730251
931605499 270334316
463464394 239678258
986541687 908913466
970416447 464309884
737696829 49861113
919059782 501332117
96920228 834703567
418154417 976693676
501702865 497763253
379468970 824262063
981004191 469451950
872157954 70343521
133952433 163854729
584347773 990457063
883828133 811152219
3365428 994840479
908792835 463941414
519594137 550499985
931874693 26007053
694724557 235444213
219239736 542952401
209374240 174347437
765809959 475353038
786481785 255038195
231560799 358562674
874204392 80063469
194306886 597299493
41185257 872276181
879172363 988492490
528826926 275439284
290785583 703583577
23370854 466326948
180596008 15364301
685298602 751660206
780026969 401276307
720441249 122663909
820701454 106399777
811817288 200446595
245628194 530716085
113537414 43275504
610693831 112755614
960988787 786600175
219014226 772156693
505613228 165743986
260167862 980299379
40503538 418391289
324149941 123391119
724316559 443798434
462529549 853888165
248517550 902716093
816444294 549846040
469411440 137147056
488340983 639433873
343999594 108775125
820655721 463106849
390491950 115037864
601023460 328757954
364150207 716097621
271851793 394154646
437196894 770169739
400480910 992533810
556831564 627757067
497025628 775506571
943099763 166773924
323863239 354967425
482436335 334582477
874946544 575728188
917531913 414292377
557004996 323037301
446659216 964061902
40134568 819462678
58094079 827900831
396077046 230426049
804441871 402496859
239542052 924615174
563413825 544166695
926499148 297400755
930778247 111974839
904174877 675643605
498114033 171963727
943443765 912618081
900116573 626068758
300473890 915514914
734338551 253445222
985642001 855969887
287720339 667970206
53256709 562635866
229067380 927250867
642457230 419187009
468690951 809082761
149786660 710361039
483520055 49858344
74283392 429807073
546224110 703742463
294221354 670979625
726152126 889867526
440590428 490674054
190982815 47920675
193755918 773330620
638952018 608566230
769530492 964334935
843686636 99838458
190731582 888853416
287065804 316079654
237496553 308768087
321797228 402113810
524022093 114334772
163461134 385344569
734011022 7408814
77249235 670079499
210131313 33753269
473715602 514982451
37258111 346947291
485226914 409350167
711764209 857912783
403141461 302919093
597774395 521102639
608516227 208856726
557440627 796580584
353553126 638082967
829347568 213461616
962700080 354102562
150660535 72095622
580241137 813733
181254898 101889395
72389090 893866231
547352768 173278565
19245891 470326182
867974367 531841833
904677848 775164853
768017523 498062722
878167747 605429993
375347498 968165005
278795044 74086245
273992413 961714612
403629958 229107212
431040288 380808526
511468691 469640237
114561508 957191174
330928627 74669030
817049897 970522187
224999318 504378314
470371208 743881021
714263555 377038004
768206504 98837511
200021373 579156252
364128502 735187382
677931258 46441923
971498684 666909233
601309453 153799519
368045591 203824536
802089278 215673121
970947380 705179954
240948436 296418903
955401378 909452188
620355805 341365190
727108932 696262507
320818858 756418434
799285865 363578352
148465995 85322410
916508246 283182698
268509577 272762966
260592202 926634441
614278525 768555235
412434312 899578298
388216696 964210901
567246049 604105738
655450296 421662116
595580315 694704579
559684627 500101165
464393431 768529444
927009645 143099731
814241155 272054901
676404031 220667463
611081340 392191203
874204754 997897581
391727970 790097385
576122682 724386833
457740324 697703857
278086667 331230456
170269726 733687737
319034607 234766128
292660898 439757019
432605646 593477535
284494908 483282053
405443688 357668284
223084452 769722563
13378236 691794197
198198566 985268564
74959194 542407179
620211522 121735762
800057799 176452333
102752555 688986247
162612388 625209644
943168842 526164278
283331576 121676557
886883770 368420789
826794749 211553839
856102855 979824830
585898898 882754987
562178746 407035830
778194102 114652318
561166594 653773460
184454402 740685116
909674829 850165118
424811701 971589506
968748826 828344006
753341569 330668649
420486427 922400819
333578945 909907800
978609787 378674935
534192711 16227457
538244147 393914243
998603032 615039098
266450356 553196877
65789694 819002894
846999674 196808792
714213173 961454324
866382386 707778080
32380568 565533326
678509246 58306635
380350398 548105565
99240879 685079151
664051830 127696580
627885417 261196593
516876544 23844531
129665705 255623621
413874137 274113305
162695306 116781844
956056572 398545959
78764815 824080660
669913870 612616396
925462023 157181733
688631884 275066862
639507170 494764160
855030872 910774474
644542772 217551169
150063035 945824429
834364680 168564873
305705605 953923212
579195495 644869004
809292313 498784408
513919891 731601573
370655847 49096146
893671964 809447743
184876302 813902186
344505583 1738276
138003262 561178976
273853433 786896118
463935215 97771130
542571177 781705224
489660257 126492047
883686903 146063915
504899368 576200060
533563595 391657395
772227256 1002953
626192259 618437597
669735476 91745740
160223850 285765762
400926264 906284478
769156493 826957435
616976668 840277705
358401389 697557297
229141111 538684853
46636071 929794615
603410993 107694877
906023146 773403420
802474188 66546254
236850852 256042401
451589143 544379471
236257770 466410949
469070871 469653627
520441357 770392561
102082644 178665155
571354986 946864191
655136523 242536296
493384860 873316439
304471581 683485572
23322764 243461499
414893267 195455658
234634990 740609261
400421883 13728269
339734636 977906988
204549333 358302841
963623934 469296424
24434338 179739587
564999728 455547868
594375260 586102892
625438037 295435372
653194035 133910064
976943088 121691783
643589635 276444294
55133288 302828745
68499405 839628902
240042334 574220327
643591002 745181732
593777207 19222834
527351463 705227952
187514055 502560405
913467238 829795735
419302670 716538389
362614909 356168717
147321012 681283074
243885484 593648040
524835250 537787790
192003496 350783605
512390364 546449716
528415861 830615640
13905440 906436313
813037140 134152825
389398989 21701772
200511521 427526448
619142757 260709338
905965336 286877336
500144532 981189279
412907601 398506834
476560504 53820352
21271413 553032682
147312081 206924127
848816997 686348374
157160443 983617862
565304137 228394295
104610890 532515307
720093814 862932846
202989843 691241468
777504508 157935090
338095559 272651347
344271531 203113910
421677882 512532007
137666487 352996377
93851124 882782929
68397142 161133186
846485954 909593064
778008498 720165136
140595153 377691650
146878183 71981105
263279360 350243293
572476142 524974112
586186798 306316680
647090888 358719358
382383622 202552752
671704049 317325444
62930004 35739725
365096817 152871445
520633915 335672170
217065405 300931518
904761203 450258622
36276344 359446533
784755225 559167004
616668104 125557336
510498523 213731177
771324648 847030957
105690392 483495755
736347522 678888667
9515105 948948600
80243737 623394792
675501627 43824858
427527505 815117712
25700100 78585811
352300142 339299671
764589236 702133381
955874993 107242613
447857360 913893126
549900722 986684028
707675768 103882831
115395773 966306371
110706927 35877782
200345770 722548563
740979178 987429353
755996486 573207894
573567313 822709103
702492197 787523588
218756060 610798735
323173484 537212927
628106816 220166910
907053133 557444951
987805627 596162357
811536481 410154348
767551577 798426133
514965932 943100600
548442959 191957855
788367786 33602876
78177841 274834726
981384449 102956231
596119478 765972123
560409781 921512244
623722920 727921746
441264894 607353541
746567654 256777497
133469095 529451715
44229875 526804893
898600596 312412157
665613634 400706971
276000893 423911606
942750968 546108065
16312797 557134527
928069658 740299260
345380145 434728361
113016259 401356756
867029380 124253533
952802487 260257571
734132062 431020894
846407270 847253698
290332026 850163135
900700918 557210992
927435683 616655326
721029614 357075513
198083356 447607690
501945384 142385784
86259428 601591513
871680688 278398367
810681351 918430915
451551277 864279161
715010370 712457919
462975230 314286988
804870918 689432196
982884559 854953740
381213319 21258977
979288602 457034438
359631662 249689981
321461184 589702570
731622517 58256144
490658469 438948367
51104277 762802441
649251396 396934723
731704851 529876311
423922913 983051717
987078467 479789807
508507307 248508508
557321011 107377434
855242389 961771090
362048702 303635521
347980148 371340480
449947989 864233729
79605406 391097179
211505999 899042757
755256849 499644991
436438273 377988781
871980887 144796791
573355524 459544320
869168359 229710106
660641122 896943650
903910118 944533869
786887528 36275981
984414651 861703715
387226415 457259205
321816754 166880154
264766986 764256086
468141815 366246268
541274154 266360415
65684357 454725467
957793837 170614086
378737520 514929203
60916466 108954559
14833464 488973605
126461309 568292129
661944526 83578315
361427653 334753318
774369035 739625031
501190117 265402557
568148252 335259617
71469963 803230578
381338725 419435387
949053938 138068068
692838369 435001189
945306758 714206782
343869148 127161325
23158380 642320319
396708733 849077456
840000362 653418408
100699340 544199338
323824182 21193029
946809560 286786547
207551105 909468137
831538002 64129030
258452510 729980787
268274013 722710560
731188985 634124550
36534264 781310726
101654225 133582493
234204319 826623828
515951336 125428628
591053305 285000322
25056563 310530863
996255804 927801738
593769849 91780369
442472726 654049466
630763695 842712550
56010115 373062256
829263060 659804868
447460566 753212317
565397586 269090319
174879925 383954176
864793151 94771253
116797886 66632315
23293634 619098355
225417641 667397556
396024119 500195999
911749175 816176094
4368526 365502368
693804867 885418447
958107359 682716766
32726881 835196185
907880723 623686648
901456376 890591044
498179910 104297761
933776409 143931601
870562064 79327285
148163775 553190012
339335705 682959040
330494445 758838672
155053572 464427658
452358056 437623104
290688566 424546367
522683872 864824002
622685261 969381274
946012761 46744978
110153813 543279492
170463569 839783781
339995357 455135497
749165968 585544972
537624897 215884178
117956222 670777598
605818204 973850835
622414427 475032768
983991372 917216737
426847368 797654245
465711149 618365216
425303909 126226310
667126915 566132079
210867691 972178515
555369568 971854187
652946740 730588287
832027908 357056621
980833560 553957885
263670153 258556757
84216706 608897904
955296459 586137625
821795991 491696089
8681221 982993892
301875024 43830212
641995868 86656186
803665993 153984187
375038470 541387337
593343440 340484172
635407533 264089520
387358098 99005778
679814122 127535129
775762161 4145214
307012763 685659959
681434339 836081002
278224840 437171848
728809494 925349720
551511134 472165119
431366497 684132456
958172876 26860507
375549992 493770606
820408208 788634795
974660558 795735950
337714255 984562211
953673058 506962941
203897587 947843998
924740238 747738505
140857152 634234786
348495370 688729129
438199587 4465258
847382023 992228589
312723659 998894095
99388936 134844946
223992657 988746067
753435256 151869926
986871059 801692042
87161859 763490980
394549917 844098965
358447005 657492831
413913937 394887292
404585852 731453552
346928858 234779084
964453645 800581312
615573036 98558971
388878037 963095124
52884013 834651097
135064719 167601399
689169502 143262346
845438386 229324179
233913188 624517745
479326678 524925909
580608441 465652721
176208882 887051731
980836214 994988177
199553438 91250951
386761201 601106643
133311794 411723224
806602581 813708100
852151057 167790117
112097681 294475927
8741979 429650261
314875322 39579380
433215161 298118357
319125455 53900891
972447329 35429110
975096573 913525638
54093407 942531579
814603199 416253288
906915554 606587191
841399375 801006699
865637146 131937897
686473171 801480070
998894178 363340075
367953523 893454063
560032352 883804344
215084499 39351585
105236156 270828372
750963795 789450692
549287889 168697264
272058649 782369599
611622100 613864700
494739512 698691718
720333909 961864280
335130515 379094939
596570586 463099465
843146698 49676710
710445003 692945369
859208645 860364313
526588202 252215941
956725780 388901685
217076234 15418358
411950698 167632512
498671628 595092925
922905920 84850871
415381754 967920149
21887296 259224472
656222248 151928487
93527287 357987910
951545440 484386611
118691488 799576005
516119 89294035
290379870 51015533
419610479 292320737
662732607 421193373
290226746 615801788
562273852 543927941
295299023 36356033
121644916 779667621
753127275 607399374
622364712 851020198
775063525 395189049
257201417 552706007
34528282 500539049
197254430 501483839
114752960 221574529
962682722 560214141
529443084 522187708
477441697 796328314
722985282 437609877
818945265 617964013
837212049 347835562
369146101 667501304
977542812 27058348
904478900 965500178
315478256 523266148
71479774 311198273
12174954 56521732
129185594 36230505
856394833 135849738
684027301 155593883
682740058 683847352
222047967 63959550
340266214 842556627
29056989 120734637
967240144 751522172
266793446 991235394
659809461 205834276
869002101 464750928
513958647 176991374
924086014 700916278
158652416 728207535
239390300 825824048
775063703 114427438
557598224 268936660
556148321 805385154
380896249 276287306
625171036 307442571
564004391 921794858
784062484 478353067
296200853 777770152
834967980 656031581
927064679 513165546
982028310 783531245
817734453 347299708
813923439 127294719
275217070 496524165
270125156 463850768
981975175 22327688
796662166 29023147
306735548 307182265
803833358 580103200
342959301 234289030
235237448 821454954
276292046 196242906
695012206 622195256
592649460 307756279
636716876 130934610
771574294 469056471
553854810 921573721
52010389 309204230
709540778 793449881
522031764 543026797
193047190 376830656
690704218 852508980
904831632 825503902
730537272 401312129
546205749 401874465
399877366 522585659
738996227 924087726
974272257 259182060
950484050 953245425
300854057 336986490
636418598 616794847
990198871 542666608
420146819 510861415
801357343 8212896
604011069 538014750
