1595
634835562 364139021
368191763 451207872
540605816 813408159
554556790 73564158
804729657 334130125
466942172 725032359
383043191 858876074
822359101 341826526
19319322 809976519
895994357 492459457
531715166 348044259
628845256 551477376
157943264 918962754
416696331 65579248
444687201 139496058
427919215 980610959
102644792 882135081
23506043 950503126
905100355 73243426
695113511 39872505
373802508 591075507
846388648 994150836
149038891 991962918
19435911 614539494
831327707 767246164
39637466 516466311
790051121 678369823
952545594 971914621
194090085 172031094
386743124 222401690
860181856 491420396
853289239 862368571
141334513 286699955
23878955 341679548
577302105 285426077
279666039 920408143
307673122 403287770
362973479 853683142
20394706 774637952
870808457 149004230
929330514 300178552
734465831 911257142
890955948 112179726
5176843 132844667
60895798 615913340
77368679 581834411
100236916 112784387
499864001 390290079
927777053 648492369
723346269 438713482
42205907 452503673
730175253 202800120
392493413 710277711
925448937 601723411
448793505 797546026
209449479 618440772
922274787 688121499
747709643 760736513
492751239 657829398
770542925 820261546
114180848 463881426
910926249 847916959
697971616 505389748
840584791 939043304
372200199 81653053
38090796 294500032
568029258 430736243
327575484 730730444
343819567 755952018
582228042 621895562
492701333 59820403
418940129 952674838
873852472 606901166
864292499 785263664
482396120 999139050
234557756 777187534
544982433 791844746
29807289 227988210
139087493 379754477
758318966 854821751
38118404 461423869
317681191 279646033
712782084 421715020
457296138 524171669
546736166 747101771
456160582 197001517
112070160 323242560
93358213 283485134
504531976 32955532
2960564 305908684
298807209 664187450
440438254 938494819
766822487 937410533
4040058 658263628
635400748 137939306
100102434 418527195
374523081 926741350
26271095 697612192
853460460 910192540
782360718 700439206
818680086 607732262
475919613 96236581
274921965 934352415
126843838 362686852
80742398 992907509
124618417 454249753
920492117 403576781
224956559 260721769
733116001 242104660
398370532 258026567
125024027 646884903
518346248 832007455
596547442 715601526
246181972 118742726
296428834 245493796
658420445 75602664
973352196 253007809
755404907 621713195
681172804 934219303
616798233 413624410
294792636 805653333
579052305 79121783
518349827 228184211
303176550 793119283
423180086 668562944
981205544 54420249
784652911 845525994
933039443 119531744
653524426 63806237
717653838 342391530
244948049 676616007
258566540 99968899
360413207 504374857
20852328 290175701
949958451 269267017
376056506 613959481
935428639 571527976
984534263 27505507
347513126 698520363
832174491 6123596
927721959 500586393
742466144 1609154
901352956 911255654
14361602 860855018
871371330 456602169
487531161 20520466
916548867 226502783
19942115 78941887
383570022 328023752
5506950 769355637
293456683 115756605
973936379 641921017
769435916 292628691
178565103 791880036
918035938 141687795
204486566 171727297
697550646 747220871
406997179 282790654
402671280 355065555
416747579 688963718
332559055 511347948
893867824 950545468
330995614 920243074
323981406 62698491
191578864 365830198
444167086 897258048
714255220 917136021
669200097 387711831
432567394 864926835
175599349 70718623
453282464 683178422
675548327 179264269
386723925 510021172
812209054 374296959
399478757 63848153
966259913 24068499
397376985 769809224
813415526 680543246
267787944 795059490
886038549 46764869
404743676 920643623
488259158 505210619
583546468 370899009
737047000 78274144
625200411 879686356
72124731 145981239
800385667 908595367
812412632 341517220
607512756 889655791
55570920 826804049
398151579 619648206
451272411 748257178
119783223 262424456
681532457 31142167
114396288 290192749
825928067 313664798
682237834 360049844
87838930 882347926
56215447 759878386
351758967 574271897
767202620 362497764
568899131 927956217
599157830 70281472
628042360 520910819
62519059 763910765
265029686 310943852
340816028 213277989
502032023 419638207
462692500 894655596
245622192 957359997
978077271 168602277
938706810 16265351
62735954 320447374
90642154 528124933
432871240 948713088
939693660 82765773
774486616 827581644
619174308 752267869
384494542 608993659
529446945 725083164
4951116 595150956
253715631 362436996
749567279 982086587
681734951 592138717
589431864 205604207
494553045 800762375
712990086 953676505
714289723 116820945
512004105 608376933
553889964 48882471
960730715 802899274
535139329 500578122
496851006 857211587
342309901 98979582
846184362 600491354
816681332 821594001
150958681 71238714
981034644 583827591
113881673 324845824
650735715 437902824
699918608 920628592
128470108 295373690
436978660 881781347
49917172 347057427
189275605 999865165
478894033 895337614
209200973 202649395
530900700 645712565
244898271 658115065
983157185 556784825
196005878 11806996
916382561 613011050
441753531 620692152
30718673 768423011
262428061 180099951
754933450 432889245
71821619 42942862
972853746 943011232
808579880 529650517
4843143 81710637
731306510 926650231
809657533 471418378
615406390 479312189
476881716 529272999
604864864 120712934
244087087 257691389
726567451 150891774
726119472 573471546
645881443 86447630
546224974 601411313
873426835 506616585
197507375 699003293
403910356 828183564
297755498 147953790
19482991 61303155
946536616 294415476
125528283 386724365
874517017 412447950
628251110 953982996
48252246 416868709
247548582 710780608
286907397 618395920
136463970 121557801
928211165 735310632
919001455 679660671
124668057 623062999
862999184 84964273
999291958 268269878
69102546 638840426
620579871 992174280
230817200 979700945
750560114 650050220
717168042 182055546
60850511 985779087
653155352 424029468
101659802 287144345
834637643 5503421
817462423 467967604
91558044 104533117
349477389 926187404
752115212 691025658
463362581 470383302
973637009 306771414
202361613 327185539
49007677 684667418
293607217 276627106
674927480 501101697
95465309 56211565
450326994 694312523
94402385 205266878
904685483 563922557
535601175 489758244
941666446 996273109
995334298 125300183
456570736 7772320
485423866 104437302
569406317 777598016
644704510 308391361
697964545 752853318
775063794 12843093
109984805 186517163
222534939 920112942
554485584 471820927
501291897 457250823
204683164 14064190
478618874 763370410
431631603 565979445
317582753 990566892
782298575 963671122
468419865 312076675
594444547 592895730
291684438 605330256
710887591 898271753
805394333 702549803
591286347 953259265
439083751 688946914
500512740 683055431
859109262 984132317
14274792 582577017
81782114 406491594
992746076 980521705
338063866 592872748
656552677 462232581
790300261 90570689
471376252 531889099
703581425 330006326
251874238 64979446
170865709 221684630
643982217 458679152
144693122 863783100
450775964 211858803
670716881 213110299
189157433 359088090
720669316 278077441
217892543 816036113
738226559 141946492
592675513 36078571
830042761 991030413
892156579 395628614
865177368 388302437
78888834 616989134
706183010 729443694
618005389 393819001
847973350 253723371
364073374 5536710
994101380 504673125
106158113 704575045
79418038 767407901
762138881 785527999
302707246 119138280
252854726 803027932
292502969 826337275
57849355 130808903
633517974 957161354
633682172 745244168
151163404 704741548
401427121 473348927
81641949 566398801
168854556 610845284
857417974 9052596
284833639 35942246
107206752 504339056
178155625 214872399
846848409 412130050
281324763 508079041
929610487 136088241
755722739 13225200
485233578 9000821
946488578 404096455
341710115 352970085
678367593 777412443
672130470 331680760
908197423 224508345
491884469 526930645
214076540 871652370
166994061 643745880
772676514 808530175
704894707 976771671
436354663 848624915
918696873 685841000
562237488 433269404
210397103 53450267
518860708 581220967
935401530 121228380
587443167 556489562
411186718 188518913
376466081 208513620
436953543 808713398
501284404 232488998
684972593 2569733
527105762 682210478
218404777 877593465
676164002 142859371
674166604 721537410
972084863 770241669
667279580 140613318
38866510 653914142
848591184 284913330
55202188 796229333
846021512 983014553
28971110 913327137
253342337 9965618
166971966 994987344
488848933 360474232
289439945 152439812
349102208 795686
571165753 68439259
730857522 554218514
690973976 341045985
39192740 928185254
983868016 901269762
169890682 452896952
754240017 618419237
219964760 172824789
468398996 873948151
150564647 815146476
929391621 743182116
804471852 509330553
961552179 287349176
736719366 182999005
42359682 534764410
676056927 993372459
377133150 601307489
292406380 312871097
696301975 305068484
659708040 63054392
339979406 772061659
847707518 391004957
541306614 753838251
101591627 565362907
546989853 226648973
476591827 809996965
579649088 935495530
512519877 386967720
125906446 455868141
634461147 680704794
610719774 216966264
155345830 700487242
665594099 382231555
479997287 102612531
373946930 745192007
693072808 229256297
732328482 650547194
609556653 62757305
590207591 906769885
371683845 609239065
10426164 998391198
392613632 451141352
256986010 654080697
198571884 664322880
82081711 271506127
876167914 641982045
433155896 713508375
756349801 124545276
764870488 270979662
215006400 734808621
470479786 733510320
446558579 370543887
254868823 34873449
551506395 810942873
340658670 840006913
38602255 652863762
511144086 558719141
304642042 27699865
443741935 608788400
306199240 384482166
818147679 724648530
124733796 315552048
876626680 444229409
278373308 927678461
930605477 271167616
230183777 551664565
699306541 715476442
194849371 309658533
444426760 599813886
894431744 418932867
352448635 878737213
460791131 504906791
732927064 315525265
674661508 325014468
175764387 130330842
552005240 393790113
80034413 693833176
595181463 797065577
579328213 252438572
703612171 738118967
868487823 726531658
696864597 29712261
125667473 310230585
558684480 180092960
850747450 314523534
755905580 715797690
787038897 65428355
368818483 370792089
723559447 896042251
619031660 764354338
778491383 957540843
967279551 47756578
238403049 29957312
226920416 951795407
424098943 577845867
899243018 417714284
438744708 518389036
934232260 552298032
395161464 159453691
663474321 246463316
74582528 392505285
931334067 939176241
648755612 752799553
819075659 168994891
227199631 9401753
649183969 747482178
996340641 856819820
269330698 765800005
104654342 440182205
912278389 993024638
511072852 776295070
33335772 179014277
61748915 84274201
473327912 710825182
458464967 858582439
838513016 822582048
430601725 827102945
94447831 883135658
291748820 547481956
812199695 663694653
992234761 953846091
598200061 221816334
669536910 690356791
970357943 920024827
735221476 54445272
685918116 370140339
769048469 110822743
748063529 750262427
847412959 898563613
440108891 436718854
709404538 369454682
345388512 832356716
992821207 462256658
898010848 465094831
353434313 697014587
300470398 510793390
227090979 666945550
556799823 103317716
501641806 216931572
929308656 44431786
230232444 790491152
163471953 232293579
992985327 4514907
171605073 804129226
647822920 320423904
930448283 405249921
50391061 760985661
364055758 903423074
928439156 251747971
655896154 58767967
151741121 210160228
584581823 97550214
358299063 101700018
869940899 134496335
497538254 654000597
610050769 559767532
709385852 782679488
752870964 492490795
288677443 392352673
980312826 356944214
668377665 166913425
368762511 942495428
689039557 733428454
986155630 434963848
432019144 827753251
724217301 409685100
833088993 655873435
525799960 306398286
797661836 240553751
758138231 440187168
269187878 69580581
514560648 191955140
25307473 72099286
245734048 138865384
387086409 352170272
468109962 986719845
139956334 702768000
59952990 629535719
370363788 427697365
976558093 679446924
368927623 676286836
219188163 971055506
61566197 207258452
603368106 527736728
507789465 319595885
263033951 227425243
67921147 346445651
814560027 220951225
574912095 160305945
296880483 289851645
169667788 987809710
340396770 247816803
63286159 250001975
462254294 82771385
128379450 684154899
898876524 522402915
303649365 181284623
384671498 23578716
602552175 234129377
467810191 645670204
702432107 832788136
895171210 164381695
181572558 704799492
305598725 989556452
680986965 953339541
422513716 108322974
444818840 303071272
517043973 234179137
899956238 980470934
12531005 399279114
393279940 451468401
253134550 29483881
193887749 248610279
218153376 862845686
409431567 912686034
566756452 935681495
99133349 407453101
36474486 995851231
170172322 840852868
95157859 429245228
384025092 196128950
499975821 511046196
186148058 567098860
139741863 80361120
699078164 415100336
575334539 398968336
528915583 586628553
317229245 197356814
171710646 877810804
796320345 165232841
156019668 11279942
692632888 739629884
831168519 616623265
425983737 268744176
598664363 908545279
395185495 211483011
705125345 741620740
541188647 584245098
845205218 462244396
821545173 278199480
129596014 971037631
349368841 262843687
934714789 489989581
324163660 965786983
49275073 45541420
746285672 708386495
929188188 49918008
422152398 77532985
701718322 890385294
374213065 104480152
522759951 938365502
873583096 547678907
73958639 160082117
977526372 892965572
927361824 500806450
121190545 902384618
449859237 298114115
434326296 875148653
604640185 236764109
736597126 559231928
530477348 821192046
360896562 991226112
529648372 377470122
119009169 492621777
581775126 970546627
766798134 553940791
170821142 616710896
49828497 644611895
837574488 691356400
50148755 681768484
945394825 293715759
63104950 215855456
433381576 47840774
182693474 404481741
894210210 709103174
162193331 154892653
824240669 96578241
319521181 464371497
218318837 923857895
319635512 576056444
433772156 46547529
228920644 145309877
414021405 526622464
107190975 3155988
46997408 369761032
873250319 694126633
465904346 647955817
279569920 123705045
259434556 513032685
649306782 784993252
666137016 831256966
759695638 303677690
945214896 855155435
457727927 499048
813419274 318183263
918767243 936863024
754473083 369813595
317660180 922664298
167201553 79918440
67944528 914394782
841339591 802230212
550425693 373084559
993579981 865385018
793623248 692589942
906012710 328456182
766053998 889164046
199826787 3404768
556764264 546265616
339479075 411813458
387280097 709893217
190532034 241638003
596315441 827711798
644430902 915720175
771193983 97403673
299463382 764847340
876383468 400002211
559489078 197681213
930983295 751179988
67503453 569045153
732130824 709727344
884863338 832503913
868300375 409456538
441416275 24142022
576381853 869658393
552698300 885187553
868340348 378488321
732029220 625806211
840251320 301299571
669331366 141534510
518123053 505793771
925651166 862484450
201561716 823879907
482913083 604317382
385712430 947437845
732581788 6749565
88242210 430039767
539218550 437809974
563507281 114724379
558267641 13201762
266834279 74627807
76545929 319430294
758331063 632213498
179532072 379582484
412166121 836832344
303227008 219368758
106201844 527836798
772260180 114022983
538229054 257460890
779033302 55739862
308243614 115827474
996202614 920903863
926700052 935711337
677213697 526152102
39709934 217448637
605063101 762539988
668461891 701972432
20731461 464623530
438200246 618580537
850930239 584366772
862690315 312536607
423053835 697571570
926662793 928336216
905120391 614944788
127856681 257962737
192513111 657281180
755224763 480209875
97438293 704768352
259434960 536072877
195094009 867186052
347446323 144034927
312837599 205434469
420849301 967934937
624275374 508283375
587719560 990392079
162518849 887916398
829471739 972599043
601523958 166229330
595133033 4573910
167106516 773009623
718805292 616896396
275066942 502566473
96877674 762986827
38828647 626848902
511550361 420951017
282876116 312708320
13911346 427756991
848448774 99199253
553658122 46628334
676735239 27391040
16571659 543984306
555712592 796117164
218803663 989660096
56847050 460441015
206124698 258335200
173346188 458567524
704929376 650055054
455777649 320380521
167299603 775055136
533973111 35822158
299056332 217634178
490466489 100606403
575792886 364041680
435798131 34101699
236265048 505399052
842248636 559093927
881697009 845448239
260426300 811960256
773863251 977829186
769901011 764210645
269907247 838332695
347329367 694616776
497535029 512553243
509929424 70616667
380910494 523015466
896301537 310350537
752910039 54328084
321579830 840467871
145648698 904665803
525680260 672171233
435262090 175214337
273983326 490133810
847517568 167024532
790124450 697348953
948379936 677099029
445521839 154490494
396457520 137959630
573243285 286400688
12606565 751111818
166552353 413162539
939260679 796187810
972816040 812946106
934497865 70684358
840835352 810083764
574372017 497669051
141260711 459429255
657460800 669806709
601842926 621093524
622770541 847810488
262758702 709687937
516312992 898933533
968527386 190343885
95458459 488908612
441577112 167101534
977470909 125262235
37942438 522142532
188988387 736949693
414691902 225102749
62618480 867252326
134137325 632964459
493610932 604050452
543163728 441731051
601168296 142014164
771546964 45110922
660038217 782751001
910271747 544709994
184104220 642002311
558692363 715189707
924210624 406530789
8265832 755850172
608104098 962083780
966722790 655126032
452275896 825520852
514097564 683436531
356468283 181735824
705248408 146635668
339624683 592984491
406463946 884715071
18989530 890533474
608766299 604859350
615094499 155337647
748058554 983906607
221307359 376750656
447358042 6232081
379338247 325241415
151419824 135312576
203152991 344932276
699938001 864966097
409514550 979727041
798645740 921481873
745353947 710523571
572729496 547416712
578958420 928774898
739119955 730349834
553695499 390061577
130332509 574891637
594195181 508441056
746460426 173932094
806310906 182910396
998736405 657251644
152268363 753469522
413456016 778896353
32404040 752829904
64036874 581097631
166990465 455590587
274607553 612533040
24024881 430302339
761179059 386259278
323508740 460165986
972713200 395969266
538072681 734026716
491578548 315644078
229867784 645910851
324930688 920210397
1464952 435766250
458444838 900973560
214690190 134182373
585819064 401958654
880858123 355837921
568769441 871858739
93121895 738869218
923856100 921272741
776614683 803450524
327947638 184810631
222251450 240520858
422621980 764925803
167982249 916481312
337860736 328338282
675011289 149468845
21753457 96485585
789413439 498715030
477696746 203948077
745081991 308125872
166046978 673991166
375401089 460656717
758855611 539419433
60100938 275592458
355563529 936516313
17182956 766531013
282517891 244982369
151371935 707404921
81416585 697639517
719080660 853676830
566326157 913547211
323290330 19269395
989034072 92704487
633808906 352774986
108881236 545640783
787987244 587176108
402033534 141566204
294353327 928549691
168387692 635394083
112005775 77376605
873244896 662385133
472608180 203800485
539370348 399448326
104531302 625197794
311900804 298232895
207994409 150576974
748021261 653238152
84001078 137929823
103459151 468952522
341431305 480675060
988281266 323492666
752217899 479811984
199382091 462541777
573447473 587800233
82314025 325409958
624231368 796039099
349798442 924682773
350769891 65836038
283699744 677983677
19102954 940498270
366267910 445844372
610012037 369770019
381460570 820485155
963836587 925411391
196655982 909746225
725341668 859727244
917263427 988531233
827183210 723610487
743637578 216597526
851885321 172008729
899696852 47463677
791348819 558466574
5488909 429453474
196131702 5781920
166029926 899058346
50065141 457235067
723789742 784976246
711628241 947070735
600118158 56093111
735370751 282656523
259614229 570708851
650373579 227277612
373195329 521940983
422076466 32535700
836480941 22442164
965071734 148398679
467099663 980777374
11183942 530359963
207649404 314156231
364818803 307079153
581655978 184236782
437707094 663583887
893781627 410109753
86219636 496593297
631035018 312062947
649999296 751679384
87598609 29421176
512438435 799769961
371877596 640673905
752682102 969571945
403821058 180086028
450695442 585284629
10728224 705032937
665903225 444325496
257759912 919735445
827698880 962791074
891390482 400255197
558506095 228956689
264966359 227357565
798642741 937298809
459657780 495957081
165772512 138187509
774042600 527493027
580331051 279189554
759814447 475570902
477605064 991267698
573838300 246464436
448238363 132989845
379497723 291392347
882377387 196706775
278645178 938709761
168874037 641638767
803919904 937359847
716801108 553333897
574045695 226901118
718130004 558160988
467499784 353499618
111633128 928088779
43679456 500770313
664619607 647868685
541333387 73654271
906894447 439315832
143802473 9363017
540413677 409920206
799165943 266888024
321506657 805920397
253362422 341094426
700556883 318798927
162295093 433772149
538671334 390357789
437843568 175192353
854833264 680299374
318628467 892784976
794292999 627292152
869610441 671508014
829081249 590394497
145134277 188089141
952078802 885232008
429186090 115685440
724941591 502485983
492022807 877325883
554780973 387629332
264840756 101175050
831114552 142138234
407717042 113587892
750187466 615527838
546707078 789493528
917955630 891360982
195207212 188508688
142241339 45664783
739854505 105937774
275581858 379971211
87550144 500350932
665661227 548326055
701396161 43749398
679363835 221759455
921838203 667451360
614823678 502676254
357224727 359592797
139137954 649956958
335508428 280688457
953993375 672533017
696431263 301977506
896457645 468879991
876803284 935682051
990490626 807597766
882628078 548587605
722628974 511612117
978491936 945657470
322941174 193793584
94658081 135360085
286552006 855882341
800963093 621947163
663937446 533526210
628180236 441966728
227753310 406098839
802080632 210480187
539095964 217514607
968976621 360738604
271990682 335794759
521936116 133765300
471135378 937505922
815207828 619644721
381170852 580449237
727687914 187728612
253657034 338631759
34234665 362274500
950486557 548418487
348825913 911840686
350719038 456589100
940539575 259887498
806779401 464668982
846857666 356954359
982914805 26204689
978558623 427755938
42941246 585305827
457634274 55678143
646778058 19532926
880425491 955510638
812240839 870569716
240926952 513550732
65643723 826196830
987784673 254383549
158530585 114654915
328923956 921340180
341979815 946665699
70982243 720101837
899460561 64834029
494277638 561938214
193497496 199906378
772437794 264239135
147163568 378169485
939700529 717008545
737281851 719436813
954611118 770351044
134705165 105548352
258998461 8171867
334018233 680214438
411638805 753604356
778133782 501261889
689425366 332300635
632352643 469826206
193794232 791459260
600582411 528815285
929834961 441182259
571484922 498079249
110595081 627301718
622556606 41348647
626249319 554536245
396115793 938152774
581648983 853520221
118958675 55981849
468217815 490718663
79495789 963120928
367170259 689364511
981910454 968122852
513677911 16911897
632444037 412399443
727818420 990536214
857525500 991495067
223612969 376409216
20872285 361456876
331636141 112933443
100910840 513474141
237437196 791712942
549061620 225780534
558256637 105231588
262999072 80623429
813051459 968031494
583885069 86606312
604043041 848319713
897571265 453042326
877648191 140414910
806111827 17319613
94481281 917719304
522581337 24604570
604829930 702662333
951617428 321866993
935577388 283598556
779411590 553352361
484624471 734045941
19603055 951473265
681467903 696355864
872181745 975618638
869811470 484933471
512965174 558024598
629056163 308155170
511793974 979930770
672667190 608155847
556855920 696702566
342484953 853112416
626121105 11658523
54291972 238487820
351752185 170264119
586353567 504379732
72864373 955125465
778271537 876796943
246350669 243383896
54149691 23515936
397138981 367591777
664567354 98675870
314934927 329844439
710031539 555949533
697976170 214013627
419930222 588412732
4834734 750350131
107070619 419351119
343082587 948609935
614003569 338856696
746111437 333693540
725515279 346385186
873819839 882014378
897245627 962064676
181338331 548313165
643993544 238291049
714474443 768008374
296330840 288915414
742474547 126004681
779506253 448041622
319890781 772044366
652722914 568873292
36992463 96056773
735896084 915157146
894299621 137804191
406588124 62602660
639401638 142238959
875747265 565340521
655676366 130773809
245560374 370188561
480688561 100689043
230534301 64308902
258096534 201853593
830435808 255640255
163123452 964002293
75837608 334105996
285052786 332423969
544899135 342100012
273049962 408087825
527622519 782291766
686651830 449709830
786604609 244309065
983754134 59125382
964613679 99990440
904365391 333946989
134022698 670159833
54763781 759890795
679185114 915482637
30811852 383807816
799716153 509957614
593260181 299475041
587097235 734094018
885717365 287710343
432468659 729880705
373073488 340320169
714601334 765773637
53770485 761218280
89307418 402490397
318847292 138277036
419347351 845777376
889804814 454645234
889328569 5266131
907519149 119367374
527002862 390441241
678179327 131672769
241302769 778697157
650186595 969993602
784128433 480778659
198698286 22970676
256280000 932254583
219291325 690621631
334304674 849435157
468832509 675567820
973498507 541361911
338659722 752326759
32724064 139572655
650742682 1746976
759624409 963124120
533736897 730549151
723687444 898150069
88674090 606623595
728547411 332229852
247225009 569062664
457741345 338107925
796854598 217449849
80114929 497909210
56969048 334548875
288147034 730569210
905118717 923230481
659728882 483490202
464688792 90359899
68363265 104503145
187910878 409252998
618527927 158813612
673066766 347319552
873112931 22602648
810681235 859295799
524298798 90839149
966183441 339517971
924037079 994908785
66224518 187063355
355252740 250305084
346396973 800694436
579667737 162551219
996121712 296512908
616294287 591452385
497696707 479884504
605360064 28068113
542659531 853126151
820446270 217340517
224314227 720907345
232642380 778889201
644305992 430416773
99849153 393771828
691540569 695508502
919682037 355261208
13264880 48230084
709762384 393741493
433456751 198775326
827024209 158210697
490788213 355919940
904154138 919427155
87565797 735321398
333539643 51075298
581566647 499200926
93944200 560846037
996508914 784449937
377355908 364241110
954286505 963240339
321325391 822220594
426250542 613189806
435725057 944417273
627002272 776174629
81470855 224737079
524868392 591942918
321770619 467354622
364746121 33823465
108276816 641443196
320746182 505682829
206472012 676418722
439531153 816546112
291586796 297874841
344993349 661504042
634037910 168781117
704579367 469989369
654144580 10144950
216631402 956267638
40165332 62871563
917541418 598978511
733889794 656282510
579249020 990977450
809086147 940615016
683589740 613694815
651043526 373884030
235475840 626009084
161972031 604356829
876052258 42651827
67651459 857601179
986374445 14468552
515589440 152670887
349659031 252375232
573790713 750355607
618967260 769300242
907691566 208000296
240659833 405710155
368624703 817451257
799417473 934290904
416457131 786690233
431357505 202391028
61652444 311105065
130432761 341658812
173594910 579375603
950428271 310745797
456283724 958687887
442294903 609963963
937705595 411593061
248338378 114223553
569261095 651128750
745647789 363962546
762572844 762423980
775220046 917161732
394855116 194740369
892213178 867502762
387659796 77555848
813180324 370561683
18895553 561787230
590767803 933713017
148929181 556266537
169246499 47218210
102705481 70159164
469248560 540533063
921744018 698716874
66573861 529747905
532021081 492872669
855798024 965100074
638907710 225061683
729172343 805581697
822641444 589530460
178181577 193792585
463333465 803941333
884495730 524355886
96273520 898323133
900275595 593094431
832308671 272253773
700604379 964573100
857727066 179481772
826591749 574968636
870253773 672470461
19565651 251246990
623758004 867335112
970316456 425115375
278723805 623240104
595942051 588983520
198837353 965661672
334544826 924775176
552225647 166028007
618614134 941892818
521649832 771478407
710261522 965805335
746968509 507847313
618643232 199767063
929332613 770646729
57641214 911280082
931590042 897029558
866288437 926194775
217050977 439637501
682936670 527181991
329195910 779798955
245301451 391630248
663428743 926514474
950300549 166534750
849738589 340706877
20744219 291828002
76025197 397207882
345206027 9706418
392432173 259031623
158629796 91661755
323412401 92445909
183615124 120642450
221245310 109052522
994446403 870710702
369248345 701339173
522419797 611668166
22512853 848586963
914045009 796671511
820966288 227351198
169321643 112271294
682102301 366530967
401582915 713974929
858840144 183936743
501365775 695508551
67318403 27127553
956824059 105890898
899619285 985682711
107101132 482465250
171773903 993486663
561339754 453411366
28236879 574163121
921758603 753703761
795517285 449419460
824206100 231367698
764709238 326768186
351956653 996196762
696014210 408050220
671009977 497186001
447062289 99141671
171748763 717843599
675984125 36451722
775525098 282756449
698481076 574068032
155245307 604992894
492056458 211835432
992328470 454444137
24410 703780704
355921517 404083187
167214971 373540717
327837154 576856538
161171888 355426812
166664640 296298511
595642941 863751744
751592389 959649047
96411336 135247522
448079606 612672638
542064112 318150894
354349212 991317975
252981504 628766878
125746624 492811285
796919338 101521057
398982227 787460708
214746717 306730960
957044523 21668263
15546020 213452825
777134222 977048269
767738519 866134394
821913416 254899151
616381954 919289505
90493547 295349193
70800068 914625076
631766279 374923077
899049597 215346627
445604434 46546288
683500680 203702731
589107225 422322314
672012606 289644548
465269557 162667352
450825013 139076820
187892689 186800178
900040084 274260631
200117448 198492380
628786778 166257395
835855327 262261202
20124816 317028408
789790733 65048293
943927634 304827929
921189686 245213088
508898534 773148657
240649407 220571902
479154522 720360557
668858545 34101826
808422044 38626394
437504625 784723746
176506444 593018277
603687441 370538384
579207402 689428572
912904282 988546153
254468775 513563219
93815921 811453539
520936746 8165020
280544865 409962276
557578162 54704642
48165500 499492806
701146896 722747336
662825772 501799802
19929201 684701003
481323176 697808942
476327557 467167674
495782620 181889728
599454136 928146039
324856985 648437450
294248729 166977373
365806610 967762245
652003181 369556736
65955386 964103299
731193359 674550929
122202992 952024057
981718852 28148673
150053802 167247880
580661121 847805720
844288174 72616534
863715141 78444720
530953945 711841348
606692446 744489424
544785464 624906318
867525126 371236886
845820994 533124360
476743318 322482498
456988350 366132071
719688419 9652338
470300709 893659487
103051563 488586548
738704888 203784673
307664611 249405416
521259841 298734237
331535134 126569834
855401010 301877643
328779697 772261211
813093129 532838193
983123530 159760862
112878977 150568738
470399927 542452076
835802121 933651375
420216419 632807203
987576190 216337333
75334438 371950838
585385663 141231433
555097275 190992877
122204314 474542113
141891245 360337912
