1573
45 92
47 50
22 85
22 94
27 97
16 1
74 89
46 83
89 10
15 20
10 26
79 27
39 12
95 68
94 51
43 43
89 22
93 96
71 63
16 8
38 49
45 61
74 95
51 20
70 41
61 53
38 56
10 99
41 93
67 41
27 92
3 66
62 22
1 40
56 45
27 68
48 6
83 70
61 31
80 77
76 36
71 60
64 69
77 5
17 97
33 71
25 4
36 91
74 52
54 45
15 17
46 30
14 45
1 6
46 63
30 55
28 26
73 22
67 94
93 29
36 45
70 72
69 30
35 84
48 54
24 81
13 100
1 56
22 62
13 1
33 36
31 96
17 15
62 78
81 22
59 67
67 68
68 69
84 92
96 5
8 63
75 38
93 60
6 36
95 43
29 1
90 42
16 17
81 26
26 31
79 16
25 50
40 41
50 82
98 48
32 39
13 91
68 34
33 5
33 84
76 58
67 51
63 45
54 41
59 76
60 7
47 39
62 19
100 14
89 6
22 87
61 92
40 47
71 21
12 73
98 44
40 13
28 50
43 15
1 23
46 15
63 43
39 78
41 49
3 64
33 82
3 78
66 20
62 36
4 10
11 68
83 62
69 94
88 48
14 80
71 96
52 86
92 22
22 46
91 49
10 13
22 31
48 35
75 5
43 33
74 18
19 35
75 23
47 67
64 89
52 31
16 59
98 84
28 79
74 8
28 52
74 3
98 55
54 22
33 32
62 98
22 23
39 24
24 6
15 60
39 93
55 41
82 13
82 38
82 99
22 91
15 71
91 29
86 32
62 58
100 55
49 40
72 29
91 55
95 75
23 31
82 46
22 81
79 17
87 1
47 9
93 10
60 34
38 51
33 7
21 17
11 86
53 66
92 95
99 56
56 2
50 65
13 57
99 89
8 67
72 90
87 84
86 22
18 25
65 38
26 100
88 53
2 31
52 58
53 68
40 31
76 28
66 9
37 46
18 18
93 67
42 10
2 12
9 52
20 18
1 41
91 70
60 75
75 67
77 86
24 23
50 6
6 21
15 93
58 42
30 80
32 82
5 64
76 13
51 42
95 91
50 36
4 8
53 19
14 92
27 78
41 22
23 29
92 87
81 51
88 33
62 45
3 85
15 58
5 41
50 11
63 75
37 66
8 47
65 62
46 4
46 51
50 8
83 59
98 60
84 41
94 88
98 6
15 72
11 20
52 9
31 23
86 48
37 89
43 29
34 56
24 49
15 73
98 47
83 44
40 12
32 5
50 68
47 42
20 90
43 48
53 74
72 56
78 51
26 35
42 18
43 67
23 89
36 99
9 61
69 64
16 79
68 11
58 31
65 71
95 81
4 38
34 96
38 80
75 24
96 80
65 25
44 8
10 64
52 14
6 71
55 49
98 54
51 11
83 16
96 74
100 91
89 55
19 56
36 28
94 77
86 83
85 5
77 62
96 20
29 75
33 53
23 78
8 73
55 32
37 97
94 54
91 82
67 44
5 84
2 40
68 70
62 47
99 87
26 27
9 9
44 67
19 90
13 41
2 28
61 61
18 59
53 34
10 98
57 47
93 26
78 67
49 27
99 84
51 12
81 1
25 71
16 94
99 31
53 30
14 68
34 58
39 96
66 7
36 29
78 53
99 23
9 74
42 100
91 41
96 35
78 27
54 95
62 46
91 56
72 46
69 69
33 51
77 69
80 41
9 26
17 94
20 3
71 80
42 30
70 66
83 22
96 2
46 43
98 81
22 55
44 98
78 3
51 19
73 33
33 24
64 56
3 65
28 62
81 100
77 2
16 36
87 67
18 16
42 67
86 44
69 23
46 26
49 54
81 16
2 74
87 47
23 34
19 23
43 100
94 93
13 38
15 30
88 81
91 80
76 6
94 25
75 32
72 10
11 17
88 85
5 24
8 22
98 50
39 100
31 12
48 96
35 3
65 18
56 38
59 1
32 11
96 17
60 73
90 94
59 46
33 70
57 20
12 81
46 28
55 29
60 49
72 81
23 73
50 12
71 12
21 46
62 82
74 60
46 24
5 46
22 40
7 18
11 36
100 75
68 50
60 27
11 3
61 9
49 2
87 7
7 25
25 48
41 75
55 12
87 87
40 83
19 70
69 37
43 55
89 20
32 80
22 56
19 40
100 65
83 61
65 3
41 81
78 5
90 22
47 57
41 79
85 69
52 19
16 49
62 90
56 95
24 48
87 52
80 74
32 26
34 42
8 70
78 54
83 10
59 4
54 75
36 96
43 81
73 26
97 70
8 92
35 26
37 93
99 96
76 39
98 45
90 12
37 52
87 65
27 11
24 61
13 90
93 5
58 33
87 19
57 3
35 74
27 66
95 13
40 21
11 9
17 69
55 6
40 58
31 22
40 37
87 88
61 25
54 24
36 18
9 2
15 40
99 76
64 26
88 35
86 21
12 35
10 52
21 2
45 65
55 14
51 83
4 80
15 34
4 26
40 93
24 98
15 3
58 77
15 50
12 41
99 55
55 64
98 62
63 36
29 89
80 25
38 50
10 19
11 70
29 84
16 25
94 60
14 76
65 59
43 37
14 87
95 70
93 18
32 93
52 83
28 95
51 73
15 97
30 60
49 11
22 97
22 63
84 87
13 23
61 38
57 55
67 8
76 51
41 66
71 57
43 4
40 88
1 64
82 82
78 22
6 6
84 14
68 32
36 65
45 16
32 36
71 49
7 6
59 69
98 2
45 32
50 96
80 52
13 42
5 47
26 74
68 9
80 15
42 75
83 50
75 52
87 10
57 89
29 31
53 82
76 54
44 19
86 49
85 41
17 90
72 42
99 7
46 17
10 35
7 52
33 20
57 21
99 94
62 72
34 10
93 30
22 72
5 89
46 62
96 26
56 60
48 81
51 52
20 75
55 65
62 64
40 18
77 30
9 92
45 58
46 31
90 8
98 92
18 92
31 91
88 87
73 39
32 88
39 52
26 82
67 70
33 34
96 92
39 59
67 12
29 78
79 72
42 79
59 53
93 82
2 2
99 44
83 25
27 75
6 25
23 15
45 39
66 50
57 88
22 33
41 18
64 40
15 4
29 5
97 60
69 85
83 40
12 92
14 30
53 8
56 68
73 32
15 67
80 22
92 53
55 7
49 26
21 65
5 68
13 61
25 64
42 6
48 62
78 35
23 33
26 40
6 77
49 75
65 13
48 64
15 23
5 37
35 66
50 75
91 53
22 20
75 6
33 99
87 63
64 29
49 53
4 6
91 61
36 10
63 21
94 86
16 5
44 63
50 77
66 21
15 63
66 73
7 97
3 36
56 51
30 49
24 15
62 50
31 56
5 10
94 62
82 83
29 23
43 44
51 43
79 95
92 61
23 58
58 96
49 88
48 97
95 74
43 38
13 80
85 55
5 1
55 23
51 30
98 28
12 12
97 43
12 30
70 19
66 92
21 21
29 9
25 97
28 68
92 29
45 72
78 45
67 7
14 34
3 94
61 30
96 40
89 38
37 12
30 34
67 22
69 20
72 100
66 14
40 65
6 86
1 42
89 26
42 59
91 91
90 29
29 25
42 25
55 69
57 32
11 60
28 28
60 11
58 18
1 97
55 16
7 24
78 34
34 84
17 56
1 10
92 58
56 55
4 43
98 24
45 56
84 55
41 77
61 77
76 56
54 4
87 82
70 62
43 76
33 30
28 78
83 63
32 72
33 48
67 6
54 85
31 42
2 84
66 57
39 92
59 43
37 73
63 50
34 4
12 69
61 62
40 11
84 3
48 1
9 41
71 39
40 38
44 6
7 58
13 98
61 55
6 40
45 79
13 19
80 66
75 29
47 12
44 91
42 71
94 45
39 71
13 45
27 21
28 17
54 10
26 79
10 29
25 7
91 95
73 97
63 61
75 49
37 28
95 37
55 27
48 44
91 96
33 88
61 19
1 83
38 16
28 88
26 10
2 89
76 76
57 57
56 11
95 22
11 96
50 60
4 57
70 21
18 11
53 97
17 17
71 91
42 82
41 25
9 10
38 58
70 46
41 51
79 80
99 53
4 60
6 74
7 41
7 30
65 44
61 80
69 72
5 67
88 65
71 20
60 46
99 51
94 3
24 91
66 55
55 99
45 91
30 33
74 73
57 22
46 40
39 97
45 8
82 56
12 78
90 11
24 93
3 3
57 99
78 72
55 80
30 54
27 37
60 12
12 26
81 75
97 56
95 17
11 46
55 38
91 17
9 50
62 34
17 50
34 39
2 75
54 99
30 78
25 1
89 65
47 55
52 38
81 60
3 75
13 46
73 4
85 48
90 83
42 1
59 27
2 21
5 51
54 83
12 75
64 27
84 40
6 64
24 54
16 32
99 21
36 81
37 82
48 75
44 56
51 97
68 53
47 76
64 48
78 19
52 100
44 50
84 25
2 33
78 77
14 81
5 32
15 19
48 39
51 77
2 3
80 75
58 55
52 94
86 17
59 49
17 9
40 2
59 61
64 54
5 96
20 61
37 18
5 39
91 35
99 66
63 67
26 68
85 9
54 34
60 22
16 99
72 21
16 77
24 35
86 98
89 4
50 49
58 32
16 66
42 38
99 16
75 51
90 13
7 43
16 61
57 51
70 65
4 69
30 93
25 75
73 44
97 94
36 57
49 37
69 26
22 66
78 75
93 98
99 60
3 97
37 69
58 66
88 6
37 57
66 17
26 77
56 100
11 5
77 45
27 2
6 99
100 19
39 7
41 92
17 62
74 74
87 91
77 13
86 68
31 70
40 36
2 79
56 33
54 48
25 92
72 66
48 21
30 10
82 30
97 88
62 80
55 96
23 14
9 96
57 82
95 53
9 93
85 44
56 81
87 33
61 67
13 86
24 1
85 78
23 81
11 10
35 22
52 25
29 68
80 36
49 58
59 2
8 11
91 14
94 80
9 95
73 38
18 50
55 35
37 44
38 44
5 25
40 95
59 54
1 11
30 75
23 49
19 89
75 44
78 69
15 80
25 82
83 86
81 43
30 79
14 18
95 12
55 13
48 49
23 28
24 92
82 39
33 3
61 5
62 99
78 57
9 12
17 25
59 14
67 74
17 88
90 81
66 35
6 46
2 58
34 20
57 62
31 85
22 30
12 51
76 43
56 3
75 57
18 79
67 24
86 41
64 52
92 18
67 47
44 26
86 4
15 46
61 83
58 60
85 58
87 32
73 67
2 47
41 50
53 29
99 17
52 46
45 52
78 8
70 49
38 2
18 41
26 60
47 10
58 52
99 63
29 22
96 71
91 92
91 9
3 1
92 94
11 38
57 18
39 72
66 81
18 89
20 93
39 18
100 46
71 47
36 59
82 72
85 13
39 50
38 23
19 53
29 59
91 59
12 8
9 21
71 33
82 62
57 50
86 5
59 39
46 20
97 24
79 26
32 10
37 83
14 64
35 83
93 89
35 30
72 60
62 24
60 97
25 43
60 69
87 24
12 68
62 79
64 90
75 47
66 6
53 40
30 2
44 7
9 17
85 12
93 39
57 94
7 7
54 82
5 93
75 88
86 15
60 4
79 34
85 6
40 75
69 70
11 87
34 90
77 96
40 61
24 53
18 1
3 93
71 44
3 33
24 89
45 17
97 38
26 11
38 68
22 4
30 74
45 15
12 48
99 69
34 60
72 85
20 12
41 85
35 85
84 34
90 59
93 31
5 35
51 76
97 59
65 26
34 36
77 27
36 27
48 60
70 79
56 16
56 80
54 38
70 33
74 99
63 95
5 31
2 69
5 75
59 16
79 100
14 94
34 22
37 1
99 26
96 32
64 15
22 69
89 94
91 54
77 10
44 23
35 34
86 47
77 49
21 12
47 88
96 30
62 28
30 90
24 86
90 77
52 90
41 40
44 99
78 99
67 78
28 39
42 52
40 30
41 41
63 33
1 66
23 17
79 33
46 12
96 8
79 88
1 7
81 84
100 79
76 84
7 45
31 32
64 65
60 54
4 66
39 20
75 8
10 23
4 100
88 29
41 90
9 19
15 2
24 38
26 29
97 62
100 41
3 58
82 27
13 72
41 2
66 34
1 32
17 92
33 73
5 34
64 86
58 47
18 38
2 20
7 70
38 81
44 47
7 28
81 6
96 16
72 34
92 49
69 92
62 54
53 99
44 30
64 10
36 50
31 20
26 28
95 20
20 87
100 98
17 11
22 51
46 18
25 93
46 92
10 79
36 37
23 72
38 37
1 29
37 15
46 27
75 50
42 2
35 79
9 58
79 14
21 26
13 36
63 58
24 34
1 1
99 40
93 49
33 21
96 86
91 31
1 16
17 67
6 76
45 14
40 86
8 35
100 32
4 41
84 63
31 66
17 42
3 79
20 20
80 97
9 83
66 4
32 21
66 39
25 95
54 49
36 26
34 62
40 57
80 20
21 61
86 35
42 76
8 80
39 37
34 78
1 45
20 62
25 99
7 86
41 14
32 54
60 33
98 16
88 62
42 94
68 8
100 33
4 73
77 39
94 40
37 58
20 54
46 64
92 69
36 84
23 86
59 60
36 1
16 16
70 5
41 4
59 78
71 81
79 89
18 54
17 24
16 27
94 70
99 78
37 33
46 89
86 58
62 62
27 1
26 3
97 74
8 90
38 69
52 11
73 53
63 14
36 22
29 58
24 3
54 63
76 69
97 98
81 35
8 10
61 88
40 66
47 56
81 61
88 56
19 100
47 47
76 27
16 29
85 11
83 78
9 54
43 46
2 35
98 68
26 72
7 89
1 63
49 95
38 5
14 7
96 89
22 60
2 7
55 68
2 61
97 19
25 37
97 78
41 7
36 88
21 80
12 88
13 25
70 78
56 61
16 21
42 56
45 35
96 82
27 96
23 90
93 68
76 41
67 84
22 96
50 47
21 27
2 55
100 37
38 83
23 36
64 59
10 17
50 53
5 36
17 18
99 59
55 100
91 10
74 65
53 54
89 9
87 77
8 16
57 19
2 6
44 35
28 43
51 44
61 60
77 16
81 95
58 93
11 7
38 6
32 53
8 66
48 15
95 89
48 16
38 32
3 80
81 9
74 66
27 49
80 43
80 80
43 90
95 83
18 56
50 97
