1030
91 84
92 39
81 13
34 1
71 24
20 47
2 47
66 82
47 20
62 24
6 46
63 13
28 27
64 5
25 78
41 22
46 3
68 67
63 31
48 27
50 94
83 32
5 71
75 82
55 85
14 65
91 71
52 79
74 56
11 26
59 49
27 63
80 8
56 90
78 99
3 37
41 9
58 45
99 23
52 94
52 38
96 78
41 86
79 90
27 21
89 62
3 33
48 76
45 12
84 64
85 49
5 84
54 27
14 69
9 31
78 30
59 15
44 65
11 25
24 68
93 97
74 100
32 2
95 13
75 16
66 54
61 48
65 97
90 49
39 93
92 47
20 60
39 95
57 82
11 6
50 11
13 97
17 3
95 23
12 51
17 62
92 1
95 52
4 80
87 100
17 74
11 18
56 26
94 58
3 58
64 48
81 31
100 26
7 77
49 48
85 52
14 27
12 49
52 86
81 54
84 2
65 80
73 97
13 100
12 23
13 10
100 36
13 67
75 59
88 82
15 70
75 95
27 51
66 10
63 79
10 98
38 10
33 96
59 67
77 89
26 36
24 74
33 6
10 17
6 22
36 74
85 95
90 15
49 57
84 69
99 26
15 30
97 34
51 100
42 44
83 78
87 41
26 73
15 40
93 71
33 24
9 37
53 44
48 53
67 13
78 37
59 23
56 91
42 82
20 48
16 69
67 83
12 22
21 94
27 43
26 93
23 49
84 71
70 59
67 46
82 55
31 48
61 10
78 52
55 94
89 50
19 35
20 17
66 6
61 58
7 100
99 76
51 20
29 40
34 31
25 68
12 69
14 42
8 27
55 6
2 54
9 38
87 21
3 91
11 47
87 69
93 14
26 29
55 33
44 48
22 81
72 89
31 98
85 27
73 100
60 86
71 79
30 49
91 39
93 24
38 90
18 3
74 89
2 16
68 43
42 70
44 76
52 45
68 16
38 86
13 42
93 87
34 98
24 94
14 6
68 72
81 93
61 99
67 21
79 50
38 14
5 27
27 75
53 64
70 34
78 15
18 33
26 91
65 77
69 88
16 23
3 23
47 65
73 72
28 92
26 78
61 82
30 58
28 42
64 59
71 12
41 99
6 98
57 50
40 14
33 67
38 19
59 100
11 29
22 49
61 93
96 68
24 32
19 80
17 54
61 98
88 62
92 71
75 31
75 83
5 83
49 96
25 11
25 76
76 12
52 51
9 82
41 21
83 96
94 19
71 53
64 73
23 8
68 11
53 86
11 72
56 38
37 82
77 93
12 98
8 67
43 81
54 76
75 87
57 97
96 99
36 13
96 30
44 49
7 7
89 87
2 68
39 12
25 38
85 44
52 31
55 98
45 16
16 58
12 18
43 78
22 35
91 5
64 3
50 6
94 45
67 69
10 19
78 73
38 62
29 51
67 68
27 18
74 69
62 41
3 15
23 91
93 56
72 21
43 6
51 76
10 34
80 30
18 20
85 3
97 98
12 87
50 20
12 1
67 88
60 14
16 81
63 68
34 97
53 80
15 43
78 86
36 95
5 95
27 29
54 91
98 98
58 81
30 2
100 84
8 16
83 34
71 91
89 13
9 61
17 27
77 28
98 38
67 54
18 82
6 91
45 70
8 90
13 52
81 11
83 39
89 83
89 85
21 27
51 26
24 77
68 41
26 76
17 20
64 97
64 44
69 58
55 91
99 93
81 6
10 18
6 84
3 54
54 87
11 95
33 26
76 31
6 27
99 65
8 93
78 88
33 5
57 24
41 69
32 40
51 48
34 19
88 78
75 100
48 11
20 67
13 12
92 92
4 95
84 9
44 70
12 33
53 82
77 32
61 31
98 87
54 3
81 42
67 47
1 82
45 79
74 76
89 22
50 2
58 73
16 67
96 42
9 4
7 18
29 54
91 65
89 81
8 1
54 66
80 38
59 27
85 16
89 7
59 78
23 43
92 57
45 92
43 72
76 3
17 15
26 66
22 7
96 73
96 15
85 36
75 24
53 49
86 18
6 50
27 39
80 97
66 59
13 6
96 72
16 56
90 69
98 74
83 67
23 74
7 74
24 54
60 88
21 95
19 12
32 14
89 97
32 55
19 19
3 71
57 57
17 29
24 44
62 15
67 71
66 68
68 36
51 28
49 85
95 11
24 12
64 20
51 57
4 55
32 99
11 55
84 92
11 71
95 74
33 60
100 44
94 7
21 2
92 84
63 14
44 47
100 19
34 95
43 16
86 15
85 70
51 2
12 67
56 10
97 13
3 60
84 20
32 41
73 61
83 53
54 34
34 5
14 24
54 62
36 76
53 83
58 37
64 55
45 31
83 20
17 45
37 16
80 87
86 89
65 54
94 13
55 38
28 62
38 6
4 28
93 100
23 21
30 84
72 9
37 30
90 95
69 9
53 67
87 63
31 87
44 67
9 66
66 48
11 54
9 1
64 4
82 100
98 66
61 95
70 86
7 28
64 77
97 32
40 71
11 49
16 99
5 56
100 73
73 51
4 69
1 59
10 67
15 36
31 35
44 95
64 93
97 9
28 58
68 29
68 13
28 47
87 44
50 95
22 16
53 46
24 9
52 3
26 18
65 32
90 8
66 85
15 49
69 75
49 67
31 16
69 76
71 63
79 73
39 44
60 71
58 99
55 73
95 65
56 79
87 61
24 29
88 26
71 93
76 85
3 20
37 32
100 89
79 56
1 97
51 72
39 45
69 66
57 83
91 94
99 63
58 4
73 77
3 86
31 39
61 55
28 37
69 67
18 11
78 66
86 69
64 43
94 23
38 18
85 72
79 96
58 36
38 29
48 59
26 53
45 91
82 78
83 38
21 47
78 45
74 50
49 76
23 92
40 85
95 25
50 22
55 41
86 73
24 23
15 56
10 27
7 82
19 60
95 77
78 60
6 38
17 11
87 34
87 1
38 83
92 44
64 2
97 79
85 8
62 19
40 57
76 62
54 17
96 61
76 60
99 99
12 7
62 57
82 79
19 67
30 86
15 88
52 95
36 27
27 33
32 74
15 94
90 42
2 75
7 5
97 94
51 96
76 87
53 69
40 29
95 28
72 22
18 52
51 85
15 22
73 26
83 11
92 50
41 62
99 58
91 9
65 55
32 35
25 12
49 44
74 13
29 89
69 85
22 89
13 4
28 82
22 42
3 70
72 19
63 22
3 76
68 22
9 63
17 68
16 13
49 46
88 46
93 25
96 65
39 50
28 89
94 10
12 9
24 69
64 56
40 34
11 16
46 74
45 65
39 53
69 11
33 20
57 18
12 56
3 94
44 46
91 77
91 42
4 50
17 46
13 70
50 76
22 1
19 14
81 81
42 19
4 66
62 87
86 45
25 45
100 49
68 97
19 37
21 8
49 37
32 61
50 21
63 52
98 57
8 26
57 76
98 65
44 29
92 16
97 99
11 75
60 12
5 53
95 24
64 66
52 17
45 30
4 23
39 65
86 82
64 67
57 75
31 57
54 83
80 86
32 8
73 56
51 99
60 69
28 1
90 59
56 42
88 24
40 33
9 60
1 13
76 32
76 57
29 84
10 6
55 2
100 50
75 76
95 5
39 84
83 90
36 98
14 15
88 75
56 17
67 36
97 46
41 24
67 99
34 40
40 75
33 82
59 57
7 89
5 90
23 84
37 36
60 90
29 81
46 2
100 82
36 6
16 14
36 28
61 69
59 4
76 45
4 73
4 10
62 35
99 77
78 67
16 65
91 28
62 72
98 90
96 82
75 81
20 43
49 90
29 56
86 44
96 76
78 89
66 9
70 4
20 90
27 28
93 5
50 3
31 32
45 73
14 10
70 22
97 54
23 34
81 79
3 7
16 71
17 44
2 67
36 92
67 62
69 25
68 87
67 20
69 17
72 61
67 79
78 81
86 92
75 42
41 40
74 15
53 62
21 79
66 55
26 62
60 9
15 65
17 86
1 95
73 73
47 32
15 77
29 74
53 76
50 97
11 36
97 22
37 47
47 87
34 76
100 86
51 73
40 60
12 92
45 76
48 15
41 58
95 94
44 22
43 48
86 3
95 31
21 36
71 82
75 32
22 67
100 33
83 36
46 13
23 98
74 98
11 51
83 60
47 45
64 84
77 57
92 54
38 65
52 2
25 54
34 2
24 57
3 31
26 48
89 89
23 90
39 40
73 7
37 95
46 84
73 42
56 44
90 72
4 85
77 31
60 23
37 57
58 76
15 68
54 46
41 30
82 44
31 17
14 68
45 18
41 19
30 48
34 24
70 23
99 33
72 84
9 28
92 55
33 52
92 90
83 93
76 24
48 38
53 24
91 22
64 51
45 14
100 29
44 72
71 84
84 42
39 37
43 29
19 24
68 4
67 33
79 26
94 2
82 12
4 82
45 8
83 66
45 26
6 74
71 67
41 65
41 51
29 7
22 29
47 75
99 59
95 2
13 56
57 17
97 92
22 28
37 66
82 65
86 100
79 63
54 9
2 48
59 66
47 29
5 30
30 77
76 65
43 100
36 88
51 39
79 29
52 71
94 85
97 56
75 86
42 86
13 73
6 59
5 33
95 1
80 58
1 42
51 19
92 28
91 70
41 35
54 48
3 98
19 64
46 12
32 64
34 17
97 86
13 62
15 61
92 91
31 28
20 23
56 15
