1703
84 98
15 18
12 15
28 81
1 91
53 31
40 43
85 25
94 21
21 96
15 21
50 97
94 41
16 83
65 84
31 68
73 83
46 1
48 72
3 33
14 78
80 83
13 7
73 96
62 38
95 28
80 27
19 23
14 68
66 40
4 65
15 94
25 38
21 68
75 83
4 25
68 40
26 96
13 48
98 7
34 46
32 33
65 80
63 58
17 65
26 5
91 83
94 64
27 83
85 36
83 81
90 22
51 59
53 88
91 11
1 4
81 84
41 13
92 75
75 97
82 46
10 86
81 25
34 6
100 33
21 71
35 5
30 41
90 70
32 74
43 34
30 47
93 63
96 76
75 34
13 39
52 93
33 1
31 4
76 95
84 95
78 94
39 49
30 61
72 99
40 59
46 95
18 40
54 63
61 100
15 4
100 70
64 32
73 32
64 63
88 25
99 84
41 63
74 64
6 70
11 1
58 13
72 35
40 25
56 2
59 68
9 54
14 95
25 5
21 21
88 57
13 71
37 55
22 72
76 52
61 85
32 40
3 52
70 19
70 62
82 59
24 82
14 44
83 14
36 51
78 31
62 15
37 50
67 19
74 25
3 73
18 24
84 66
2 35
52 39
63 10
44 58
64 27
91 12
4 9
2 65
82 74
29 18
11 55
2 100
84 14
77 5
6 69
97 48
63 16
46 89
50 25
66 15
3 86
66 67
20 34
98 6
54 24
39 48
60 19
49 27
90 39
12 70
57 61
1 7
29 73
98 69
80 15
65 49
18 38
28 42
34 56
56 97
10 5
69 86
13 12
28 22
34 62
44 27
24 21
86 64
61 79
19 52
72 37
82 48
31 63
72 7
48 80
33 11
18 32
26 32
67 81
25 76
54 48
78 85
57 73
20 43
82 27
25 8
50 36
25 78
89 1
45 53
61 21
59 66
63 19
44 78
79 78
91 97
64 5
4 36
36 58
84 3
88 70
81 91
15 56
48 79
68 30
78 73
3 6
80 56
86 29
55 44
53 45
89 46
9 66
78 52
8 100
32 44
22 73
3 87
41 48
31 80
2 70
36 97
12 96
22 95
93 67
78 9
69 96
82 14
32 37
13 58
72 72
96 48
5 53
81 18
95 72
8 88
51 43
49 53
40 84
58 81
99 77
85 17
77 39
65 51
60 94
33 12
94 53
52 54
75 75
44 100
4 78
30 89
15 16
2 69
8 34
91 100
22 44
88 31
28 80
71 87
6 93
39 22
93 50
86 17
37 54
21 9
85 40
72 23
94 51
75 84
14 65
96 8
59 86
11 86
9 69
80 78
77 44
22 29
34 58
16 85
45 27
21 5
83 31
67 47
87 63
73 45
10 66
35 14
66 62
28 92
66 27
76 13
92 65
55 5
90 60
19 29
94 79
84 47
60 14
61 31
99 31
30 78
4 37
91 16
36 10
2 78
46 33
93 42
55 10
76 75
19 77
20 83
11 66
23 90
77 52
94 6
15 62
86 86
60 24
32 19
38 90
53 77
13 77
100 46
49 87
1 37
45 84
86 27
32 32
78 92
79 21
49 23
52 18
25 46
50 43
91 14
21 27
94 7
98 81
44 26
34 49
14 27
47 32
40 65
78 90
86 11
93 43
53 42
26 3
28 83
48 97
38 8
21 58
46 62
52 28
90 50
92 84
16 65
13 70
35 72
68 54
59 25
34 78
67 50
57 60
87 16
100 89
19 83
57 30
66 71
99 12
57 91
62 50
44 94
79 99
41 25
96 20
23 2
32 34
53 97
51 100
76 7
74 10
25 35
68 20
92 44
46 35
29 19
70 71
20 42
64 86
63 97
12 4
37 34
25 4
83 39
62 56
17 29
96 73
57 41
43 63
2 4
29 57
11 5
84 51
38 46
82 21
70 54
44 62
85 78
5 79
74 49
79 20
56 3
39 10
87 49
30 97
99 24
27 18
50 96
93 71
4 91
1 62
81 74
3 82
89 76
8 94
48 32
28 86
68 94
53 4
59 59
33 30
64 16
3 31
40 39
65 48
3 29
65 72
97 27
3 77
88 67
95 88
53 12
43 55
21 44
21 66
93 25
96 90
10 69
23 8
74 34
90 52
9 70
62 24
75 55
56 69
22 96
72 3
3 34
21 95
45 44
10 2
70 69
96 63
76 36
24 32
36 40
11 3
51 25
11 33
43 100
55 13
54 8
21 73
78 98
59 37
31 85
10 17
95 82
63 67
76 77
5 80
39 50
19 87
81 7
58 41
57 10
65 45
87 83
3 5
72 84
26 57
9 93
59 84
75 14
77 2
20 93
94 31
42 98
8 53
11 30
72 16
3 72
71 74
16 53
79 95
47 87
98 37
77 13
5 46
6 35
96 33
3 42
26 25
58 84
92 67
40 90
88 61
83 70
29 35
35 55
4 1
66 7
25 58
81 6
7 20
80 2
76 17
17 35
77 3
19 67
40 52
80 41
63 73
37 35
58 61
78 30
35 52
89 51
81 22
8 40
32 26
60 64
69 65
57 86
100 37
10 49
53 1
59 94
70 100
58 92
53 72
29 31
8 43
85 18
78 32
44 54
2 55
51 51
86 74
24 27
72 21
59 32
49 36
90 99
58 86
38 65
78 28
77 19
34 36
91 95
24 71
96 6
92 68
68 5
86 37
7 21
76 53
62 11
79 77
40 5
6 61
71 36
26 12
6 7
34 87
42 57
68 73
90 90
28 76
77 40
15 19
19 95
88 20
17 28
41 99
93 6
54 12
45 28
64 98
12 62
83 20
24 96
65 90
66 63
31 60
70 95
67 9
54 87
17 22
63 51
4 49
47 68
3 61
45 75
53 62
11 15
68 15
9 21
41 19
38 81
73 78
73 22
89 48
32 13
21 75
60 34
50 86
36 73
92 89
83 86
84 70
68 89
63 46
84 43
93 28
75 95
57 22
6 67
17 20
85 22
37 27
26 70
20 77
79 52
15 89
4 12
74 61
33 23
88 92
74 15
98 19
45 17
39 86
16 52
85 86
34 67
77 31
26 7
38 13
74 23
13 1
48 12
4 54
4 52
27 34
48 28
68 96
56 64
50 4
28 36
39 31
93 18
14 34
40 88
16 29
96 40
48 1
53 8
26 60
26 87
45 47
12 10
13 84
69 33
58 62
51 49
81 23
72 93
11 32
34 80
69 100
63 94
44 85
87 93
80 92
16 33
65 18
83 90
93 17
3 65
28 56
56 48
97 77
57 38
18 94
22 64
28 33
72 87
1 63
4 77
99 18
34 66
85 96
92 20
66 76
35 8
26 84
30 51
6 98
65 98
69 6
14 21
10 10
74 67
93 77
78 82
48 21
89 34
91 28
85 41
68 97
64 99
46 84
99 37
14 92
54 28
20 24
34 40
86 93
11 63
85 34
69 12
85 100
98 73
37 100
14 5
88 98
84 72
31 36
15 83
93 30
38 37
73 63
47 25
54 25
72 45
72 12
87 54
5 94
93 97
85 50
92 7
65 20
36 45
10 15
63 83
99 23
81 85
88 96
27 70
97 79
10 57
60 92
47 75
79 97
55 96
7 49
78 71
9 18
63 27
55 71
25 7
86 88
62 23
92 42
88 15
44 87
49 97
2 18
51 82
51 4
70 44
32 96
58 22
11 96
43 51
74 63
89 65
44 12
69 40
6 45
5 71
22 43
8 87
42 37
3 24
67 31
14 19
89 52
55 97
7 11
37 69
100 74
84 89
44 38
4 96
35 67
15 10
60 77
7 38
42 17
52 60
91 59
37 40
94 65
18 59
97 80
79 2
55 34
71 6
2 73
22 33
33 81
46 30
42 72
90 32
25 65
33 94
48 43
88 88
90 87
56 1
91 71
31 66
30 10
88 24
83 71
43 92
87 84
51 89
4 74
97 63
14 60
8 36
78 10
52 13
67 89
69 31
98 84
96 80
58 34
11 10
65 94
83 8
3 7
81 35
98 43
30 35
32 57
91 30
5 55
12 29
27 97
36 79
73 73
95 32
5 31
57 78
68 85
58 42
7 18
1 81
4 28
40 10
53 2
6 51
8 9
19 74
66 13
25 96
53 85
80 35
15 3
49 99
35 12
21 86
78 69
10 88
6 27
81 56
43 77
6 76
60 62
7 62
41 88
37 95
70 47
100 77
21 64
61 89
46 49
44 71
97 69
13 4
47 90
84 29
62 74
59 56
18 95
94 43
94 73
57 16
7 52
96 19
42 15
47 88
51 95
20 22
5 52
28 72
100 58
27 98
24 9
23 63
36 15
42 58
24 51
16 35
47 21
18 13
34 84
4 30
48 38
16 81
9 75
46 72
63 80
69 62
57 97
14 18
68 56
91 5
80 7
80 21
5 28
34 100
40 80
31 78
59 72
91 63
52 17
43 46
34 93
82 44
48 48
45 90
17 73
68 37
71 53
51 34
58 83
74 32
73 80
92 51
39 73
73 12
53 41
6 74
91 7
74 27
13 15
97 62
75 2
57 3
71 2
94 63
82 15
56 30
72 20
29 44
47 40
89 92
87 88
32 82
23 11
83 63
15 2
65 37
24 86
5 15
39 68
77 94
57 79
3 68
20 84
54 21
60 16
43 61
89 4
68 91
95 36
87 62
80 32
86 38
3 67
24 93
41 32
98 28
43 38
21 55
97 16
23 99
80 79
43 7
39 33
49 61
99 19
7 19
25 27
73 34
90 45
37 21
81 58
74 52
85 27
95 76
71 37
80 69
63 12
81 13
82 3
25 67
69 57
6 57
97 12
73 14
43 13
86 19
27 93
42 6
78 53
33 100
78 40
82 41
76 90
53 30
42 88
61 99
26 93
50 16
91 94
45 69
88 42
68 93
69 88
91 50
46 67
30 29
65 66
83 33
72 79
82 9
93 11
44 61
100 81
76 72
90 58
61 38
37 53
28 90
55 73
59 75
67 29
44 46
18 71
95 7
18 62
49 52
70 52
69 42
70 32
45 37
47 19
58 70
99 4
69 77
6 58
60 28
11 6
72 24
68 95
89 78
52 44
66 81
56 16
22 42
32 86
55 11
18 26
16 16
43 79
8 56
19 42
74 95
11 58
73 85
34 61
47 73
35 93
28 93
65 35
66 39
73 52
91 46
25 72
83 48
19 59
47 82
14 61
8 68
85 45
74 18
35 90
50 31
66 14
15 71
77 98
37 19
23 68
70 59
22 15
6 1
8 76
54 23
58 40
73 8
51 26
88 81
32 8
97 52
81 62
10 80
6 90
13 78
4 56
67 100
2 77
15 23
94 26
22 11
91 92
41 93
16 34
6 8
75 15
46 53
42 22
36 4
97 58
83 84
43 4
87 8
28 45
32 3
34 7
2 96
35 71
43 15
82 37
2 89
4 97
23 54
72 51
99 29
74 94
71 92
13 5
70 2
87 78
45 92
70 73
25 54
36 26
27 69
14 71
56 23
20 92
11 13
87 35
94 46
95 3
12 53
84 25
35 4
88 82
79 91
95 33
31 46
59 15
21 83
43 65
13 38
44 91
18 30
43 88
35 85
52 59
11 81
99 61
7 77
33 63
58 67
91 44
23 79
36 63
94 54
84 59
67 38
79 22
9 81
78 74
52 57
79 60
35 21
80 17
13 9
45 40
67 76
7 34
49 82
39 97
36 49
78 61
63 75
100 23
87 3
75 70
86 49
31 38
33 34
59 71
30 39
48 85
52 36
88 76
31 39
20 9
100 16
60 7
19 75
75 20
8 57
80 24
56 83
35 31
16 15
50 12
94 19
72 15
46 31
18 43
67 86
10 82
79 32
46 44
36 85
88 77
37 67
2 75
20 55
53 70
44 76
45 77
94 40
56 5
29 20
13 90
78 88
73 38
95 20
29 2
29 15
65 60
71 60
77 22
54 54
5 47
70 93
47 69
47 85
34 73
99 38
88 94
32 7
83 78
90 15
56 62
37 68
99 93
86 82
18 46
56 100
87 81
74 48
83 77
41 49
61 66
54 5
61 29
83 100
25 55
67 58
34 99
93 51
6 79
54 86
14 63
76 19
32 17
90 38
51 1
65 99
22 51
95 95
25 81
100 22
65 100
54 98
1 70
83 36
54 72
52 33
27 29
27 51
52 10
4 29
84 92
63 86
63 61
4 83
59 49
69 85
84 79
51 47
99 49
41 29
41 94
84 57
82 78
60 98
35 73
35 63
51 10
12 37
55 4
83 27
70 88
21 32
54 83
19 44
65 40
44 1
54 59
86 61
2 63
94 28
83 80
51 70
90 83
17 55
29 38
1 52
3 63
36 67
74 53
82 64
73 30
28 52
67 90
52 5
32 68
71 76
23 80
74 87
90 76
94 25
47 20
4 100
52 62
53 44
35 88
22 70
87 45
82 91
67 4
59 53
62 2
19 80
16 50
90 19
85 32
92 15
58 31
8 66
55 85
54 45
61 4
78 65
29 82
61 16
6 50
99 7
50 70
83 18
25 29
40 63
79 27
91 17
32 62
66 37
40 72
28 23
25 99
43 74
64 18
54 62
76 68
43 36
63 62
45 88
75 87
36 34
57 20
74 72
15 76
98 29
89 71
38 25
3 17
46 21
75 71
81 38
34 39
11 70
4 11
57 25
52 69
14 89
50 58
10 87
100 3
91 77
42 63
59 13
80 74
79 87
56 82
75 96
62 14
56 80
63 21
90 44
11 49
96 82
69 80
85 81
25 53
40 42
59 8
53 79
99 70
92 41
66 84
13 47
25 1
22 4
57 8
99 99
9 79
28 37
62 72
24 4
38 73
43 98
87 75
9 10
47 31
12 99
92 14
79 12
99 3
71 16
16 31
18 98
100 94
37 1
59 40
45 15
13 67
24 70
74 43
77 30
15 61
91 68
12 19
38 51
42 49
92 93
65 58
53 61
70 82
100 11
61 22
79 79
68 49
53 38
94 47
58 98
46 38
82 93
39 16
71 15
71 19
100 21
63 31
76 100
90 61
50 69
82 40
12 74
91 23
14 56
80 9
73 66
70 46
52 98
43 29
91 90
55 98
7 30
76 20
67 13
60 20
32 89
72 41
6 99
89 90
40 62
48 24
6 81
80 1
2 33
15 35
84 71
96 68
57 29
25 39
52 71
11 75
37 70
64 2
15 98
22 68
95 12
39 13
93 74
34 12
5 23
35 59
69 37
89 22
95 50
65 69
83 94
48 15
53 43
95 30
94 70
5 26
88 6
100 12
19 88
54 66
81 59
71 11
2 2
19 3
52 32
23 50
25 26
75 76
16 86
30 77
36 22
6 84
8 10
85 44
35 56
11 19
77 84
99 95
21 22
25 14
48 41
3 2
39 12
89 77
84 60
76 80
20 32
87 56
33 65
20 67
53 52
4 13
79 48
100 1
29 5
35 44
87 22
25 89
98 32
60 65
4 70
26 56
3 3
97 14
90 40
20 94
99 79
66 73
56 73
60 12
36 50
92 55
46 26
1 1
52 37
91 13
16 66
81 54
40 27
68 74
7 6
15 41
60 15
67 92
20 91
27 65
83 98
76 88
35 70
50 71
34 51
93 9
38 63
44 16
99 62
43 28
16 39
60 18
12 79
93 54
19 71
43 47
62 28
49 21
57 71
59 12
19 62
10 32
85 51
13 26
11 69
33 69
73 41
16 20
14 26
