1827
35 21
99 65
91 25
98 60
72 14
48 50
67 97
86 22
8 16
94 56
89 98
74 97
43 41
2 62
71 31
59 68
71 17
22 64
53 86
75 64
99 46
26 36
97 58
49 27
12 70
38 14
100 17
36 61
40 56
66 57
31 7
32 20
79 39
52 96
41 73
32 21
41 66
21 89
51 94
9 2
12 12
9 14
49 70
25 91
74 93
29 98
2 45
83 40
40 59
94 77
17 36
30 25
58 12
2 15
66 38
25 6
66 31
78 68
6 59
10 53
90 52
55 97
60 75
81 42
62 79
35 14
98 47
92 21
71 62
71 65
16 6
17 13
88 72
35 2
29 75
12 99
7 37
74 63
9 28
83 55
77 51
11 91
74 72
48 36
54 16
20 19
43 85
63 64
20 96
21 19
51 92
85 4
5 80
95 46
11 38
22 74
87 51
87 95
72 91
41 37
55 13
97 72
40 76
70 91
27 19
67 50
29 31
32 61
2 63
93 72
92 58
48 25
91 85
55 51
80 99
77 4
86 71
8 15
54 27
86 61
24 7
30 67
63 94
51 65
61 29
84 77
12 51
71 72
18 61
5 42
53 94
51 63
29 81
4 83
33 69
9 99
52 32
15 97
10 34
43 23
28 48
90 19
68 83
1 98
57 19
2 55
18 42
20 81
61 7
50 46
75 62
57 90
79 95
21 8
22 75
21 92
57 13
10 35
92 22
55 5
75 52
34 6
59 23
87 21
10 85
46 78
69 8
98 64
67 76
72 59
92 10
89 25
23 70
91 75
99 96
26 13
10 80
67 32
52 57
54 66
5 36
64 88
61 88
28 23
41 23
51 8
94 83
100 87
9 92
100 16
36 42
51 45
34 86
27 35
44 7
91 81
48 35
81 43
37 8
96 31
66 94
10 84
72 84
86 70
3 48
94 99
83 85
40 95
77 14
11 58
40 29
68 95
21 3
68 40
13 46
67 2
27 92
26 65
87 49
48 94
82 14
35 89
4 76
65 58
97 34
28 30
76 44
87 73
88 22
30 98
34 34
68 6
81 77
87 63
86 89
68 19
75 27
24 31
93 15
60 4
21 98
42 29
55 62
35 91
32 72
77 59
75 91
61 85
26 32
24 77
12 56
10 15
26 87
87 83
39 13
79 74
15 48
72 48
28 76
71 55
74 67
85 95
48 44
18 19
66 10
12 64
27 11
47 92
35 30
14 96
58 18
88 78
55 58
17 59
78 75
49 67
35 19
86 15
22 12
36 43
75 71
41 19
39 50
15 56
80 4
25 70
33 35
75 15
98 21
1 55
73 11
97 17
39 8
63 84
73 95
57 82
85 24
72 45
54 58
1 82
59 83
6 69
25 12
42 35
76 96
38 51
93 29
16 70
10 88
22 80
57 98
32 85
11 9
27 73
50 51
45 83
45 79
89 36
95 91
11 3
45 30
34 20
4 3
61 36
21 77
63 25
46 55
90 85
91 57
99 29
19 8
64 52
80 58
46 76
67 64
82 86
9 59
71 44
5 59
34 78
74 51
87 50
31 74
48 24
35 96
41 1
69 23
26 67
83 33
86 60
38 7
80 22
29 13
14 41
45 15
62 48
10 23
67 83
37 42
83 65
90 12
99 90
46 59
5 9
80 32
87 22
70 38
54 56
80 15
72 16
65 99
58 68
20 32
99 35
56 31
47 2
31 73
14 18
5 14
4 97
24 69
47 80
20 62
4 100
6 62
48 27
27 9
99 9
95 50
76 19
37 71
57 29
12 67
15 83
36 89
100 13
5 95
3 60
49 22
93 93
26 48
52 50
17 51
70 57
7 17
65 50
83 18
99 19
5 92
88 88
97 41
60 28
37 48
57 28
79 51
95 37
44 29
61 39
94 67
93 52
76 77
69 42
83 14
87 28
36 8
21 28
23 99
33 79
51 27
77 96
79 32
8 97
48 72
37 37
100 100
40 13
12 38
92 12
37 47
10 92
99 30
81 72
72 53
36 14
77 24
39 24
70 67
75 68
73 97
55 77
36 57
7 75
24 57
11 13
44 10
80 57
90 64
22 8
81 80
94 61
13 38
98 91
15 75
47 49
84 42
20 68
28 13
28 86
99 61
82 27
27 25
94 82
70 75
10 16
69 28
79 60
37 40
64 45
31 3
100 88
65 85
91 95
79 50
49 75
80 48
51 95
66 99
31 2
40 86
5 94
82 83
88 67
45 88
82 88
17 74
23 19
43 66
57 57
76 15
70 88
82 10
90 49
9 48
2 96
40 18
11 96
94 58
10 97
28 28
16 90
30 68
60 20
3 35
35 20
55 95
77 20
36 29
44 49
49 17
45 96
48 42
57 100
10 1
26 21
65 95
36 21
81 23
40 38
31 80
12 35
49 12
24 15
91 9
6 75
19 70
53 64
27 60
95 100
75 85
78 94
6 83
39 1
65 32
18 85
26 8
66 12
70 82
18 88
91 91
14 57
91 93
35 39
32 54
36 62
10 46
93 44
46 27
71 61
42 52
34 26
64 82
74 55
85 6
88 8
63 44
7 45
21 86
41 81
13 77
46 13
38 41
74 22
25 98
99 71
86 26
94 7
24 97
7 46
10 95
92 18
22 21
100 14
57 36
59 42
40 32
99 32
74 83
5 82
81 61
97 91
52 98
45 7
67 89
89 31
68 10
67 29
54 57
64 20
31 89
30 69
82 23
13 59
29 11
96 49
21 70
75 54
73 62
38 58
35 38
77 23
38 43
99 25
6 81
33 90
51 13
48 15
32 18
59 3
58 52
61 95
63 57
62 23
10 18
73 25
58 97
86 1
12 78
38 29
22 82
53 21
99 21
13 78
96 64
69 58
2 6
97 49
59 100
44 74
77 18
99 37
9 11
39 73
34 40
67 36
21 95
99 60
94 42
11 61
63 10
67 62
85 78
78 64
30 20
39 42
52 63
94 28
10 31
54 37
74 21
58 82
27 38
100 27
14 62
7 26
65 75
20 60
100 55
78 4
77 66
83 83
93 47
92 32
81 96
36 79
42 31
45 32
7 23
88 36
88 92
50 30
9 20
43 82
19 45
25 24
54 88
97 29
34 16
99 3
73 33
48 62
6 20
29 33
71 51
38 37
2 7
74 31
50 66
10 22
11 64
37 5
76 22
91 99
79 38
69 93
9 87
5 69
64 83
38 85
97 35
77 39
78 26
41 44
15 2
96 46
65 11
82 25
65 67
35 54
29 22
37 86
46 19
50 79
59 49
3 23
44 18
59 44
100 1
67 95
25 71
95 27
31 99
17 71
44 58
61 64
60 59
5 3
23 46
36 13
62 95
50 34
95 36
89 44
85 16
74 49
58 50
95 45
43 35
49 40
51 54
2 18
59 32
53 87
11 59
18 32
51 12
8 73
27 100
17 86
89 89
100 46
2 49
56 15
8 95
46 28
17 81
79 19
58 45
67 14
3 37
18 21
70 62
72 57
68 63
66 33
8 24
96 24
8 56
40 81
64 72
90 11
78 84
13 60
78 93
67 66
94 19
93 8
49 51
71 36
30 1
46 15
12 80
52 3
87 25
57 97
34 37
7 64
97 88
80 97
24 52
85 85
64 68
45 61
7 89
49 55
76 33
8 29
37 13
84 1
66 47
24 11
46 21
69 2
93 83
21 55
18 67
25 59
45 91
40 61
80 43
10 58
4 78
80 93
87 99
12 34
95 44
6 25
70 99
84 21
56 27
88 23
51 26
16 10
96 19
77 43
23 94
78 62
61 94
90 67
75 17
15 69
65 66
14 58
64 30
71 11
91 55
8 23
9 61
23 41
25 19
29 78
16 47
84 28
69 37
51 59
30 30
34 55
15 22
56 99
4 84
51 49
93 75
40 5
81 71
55 89
33 41
68 68
63 42
65 18
30 18
57 7
16 62
61 87
46 66
26 30
33 53
2 99
89 71
14 59
7 34
90 3
62 72
41 41
2 66
36 76
44 83
47 69
62 97
85 79
72 15
27 10
1 10
41 24
25 45
32 37
80 10
5 68
82 55
50 82
5 97
82 15
69 25
99 51
44 81
97 33
17 70
38 100
90 6
7 82
22 36
82 93
22 95
85 35
50 40
83 97
98 3
54 78
12 8
94 38
69 52
96 30
77 89
82 58
91 26
43 39
60 87
20 87
38 31
97 76
42 72
32 57
22 66
98 4
99 52
42 53
1 89
73 17
99 99
38 94
87 67
9 30
77 74
34 19
26 81
2 75
46 89
77 28
93 67
25 90
26 12
4 66
60 81
85 25
66 76
9 79
61 11
21 66
76 21
26 50
70 32
59 5
6 50
46 42
90 79
76 6
79 10
65 20
67 37
6 2
37 15
100 92
77 84
28 47
96 71
28 91
88 66
30 65
39 48
70 18
54 13
67 25
61 38
95 57
99 80
69 73
37 44
97 78
64 96
52 2
81 10
95 12
31 55
72 40
83 77
33 24
4 81
54 68
54 86
84 7
88 34
67 22
94 59
51 74
72 77
46 56
57 52
25 81
82 41
79 67
68 57
5 88
86 93
49 53
43 47
81 31
1 32
63 4
71 9
91 69
90 31
21 38
98 92
58 67
84 54
75 16
84 76
24 79
24 36
84 78
49 62
72 50
49 2
33 87
9 42
13 29
81 1
12 65
50 36
62 45
46 71
77 85
58 66
61 37
12 62
39 72
30 86
67 84
23 49
74 52
66 63
21 73
34 28
27 79
54 91
11 85
45 5
62 60
27 86
73 80
55 63
37 18
86 5
32 64
85 89
85 18
12 39
84 15
8 12
79 83
47 99
21 39
58 92
98 31
58 26
92 87
17 66
92 47
16 58
33 4
56 10
23 25
34 91
12 13
80 54
25 79
98 70
4 13
19 42
50 65
8 82
86 37
17 63
72 19
73 72
56 49
43 20
71 85
37 61
38 67
19 76
49 63
80 5
20 79
47 100
99 62
84 91
31 95
72 83
86 85
48 47
46 45
88 5
80 85
15 9
14 43
70 76
90 42
93 48
83 73
90 53
52 72
10 64
66 86
2 3
38 18
99 100
28 83
11 53
50 22
83 86
85 1
47 16
39 18
48 86
55 85
35 15
49 49
43 59
56 69
34 54
12 93
6 79
38 47
40 27
74 11
60 25
37 68
63 53
32 93
7 21
41 4
95 34
96 13
51 76
48 6
76 14
86 54
22 72
46 80
98 65
75 44
85 62
90 1
98 74
40 65
3 80
100 60
64 66
84 89
48 8
1 50
34 23
11 69
93 85
71 23
20 2
29 82
67 71
20 89
7 67
41 63
81 14
62 90
78 5
42 76
95 7
75 53
16 46
94 30
98 99
83 23
3 34
21 48
82 34
56 3
1 56
56 56
94 1
24 30
6 78
83 3
57 46
31 19
15 11
83 35
54 84
8 47
84 24
50 27
79 7
17 64
99 72
18 83
9 46
98 48
89 41
6 33
78 59
86 13
55 49
57 69
18 14
15 26
55 91
62 46
85 67
40 23
11 12
67 1
3 86
47 27
22 97
30 29
64 64
70 8
42 47
49 21
51 48
4 10
37 3
58 41
5 75
87 71
30 28
50 28
45 29
68 62
80 39
9 35
23 16
21 30
63 92
79 84
12 32
26 41
83 57
25 23
68 94
96 73
84 23
78 31
48 73
93 92
65 83
71 41
69 43
27 59
89 61
67 45
66 92
76 75
62 6
26 56
56 51
2 88
37 88
99 98
17 50
28 36
87 44
23 18
7 74
68 5
85 100
83 53
81 53
52 45
48 17
79 45
18 51
98 12
9 37
99 82
40 22
81 54
41 26
5 52
76 24
30 10
14 13
41 49
42 28
31 50
3 16
40 10
77 13
86 81
73 93
67 9
35 62
56 2
51 15
55 64
80 63
80 78
94 46
96 70
43 100
93 31
80 75
60 16
12 26
24 72
66 100
44 66
79 80
5 90
85 3
17 73
9 60
14 85
54 60
99 79
76 3
59 26
61 80
48 66
9 63
84 92
69 90
93 27
76 62
7 48
56 7
98 57
19 71
68 43
94 24
77 62
65 72
59 21
69 1
100 47
91 14
63 83
20 90
6 76
56 38
91 98
9 97
88 55
94 48
59 82
13 72
86 100
66 84
95 29
65 46
43 10
62 30
96 1
99 42
18 98
35 55
100 45
61 6
44 23
91 16
4 80
10 75
9 26
66 50
56 46
74 12
9 41
42 67
18 80
56 4
46 84
38 96
25 47
77 53
48 22
43 57
27 49
97 68
70 72
73 65
73 94
47 21
93 25
22 99
90 82
24 81
50 32
87 56
68 48
6 82
29 72
10 98
35 10
90 9
12 95
56 52
30 19
80 34
29 16
92 14
76 35
91 30
50 68
78 71
33 13
88 70
80 21
74 19
15 80
91 38
40 67
37 60
28 53
45 6
31 30
62 52
74 5
93 87
44 92
90 17
38 28
76 50
96 82
42 30
81 75
44 89
45 44
51 89
94 94
67 92
61 42
10 91
85 82
59 35
86 34
91 71
19 59
78 6
78 8
21 40
57 24
92 44
69 76
46 49
70 81
4 52
30 2
91 32
77 52
7 20
11 42
53 37
34 14
70 7
37 75
66 74
83 38
22 62
98 63
53 33
90 84
15 94
23 78
82 70
6 70
41 15
98 29
73 8
87 53
57 17
59 29
38 34
10 77
99 77
73 71
16 64
26 55
44 28
90 32
43 72
28 27
37 51
19 18
5 100
51 71
41 87
94 33
88 24
3 7
57 23
39 11
90 55
80 52
82 94
20 21
3 82
30 55
3 83
71 80
27 65
64 46
66 54
50 8
9 57
35 72
40 3
37 91
25 52
94 70
80 12
28 80
94 21
72 70
100 34
79 28
83 98
66 79
37 14
6 24
54 20
9 83
62 14
37 1
83 47
95 26
72 55
83 63
58 3
28 11
25 10
95 22
74 16
19 98
13 36
12 5
91 78
92 11
46 37
49 54
80 28
75 90
99 23
99 67
85 92
33 25
6 56
13 39
88 21
43 83
60 42
59 74
64 33
14 66
93 56
66 1
77 87
92 54
58 7
6 26
38 35
32 46
92 57
31 49
88 53
19 86
11 84
74 29
74 17
27 17
3 33
45 38
91 64
8 33
28 4
81 98
51 25
11 44
20 27
100 23
64 1
35 24
12 75
97 74
55 70
30 34
45 99
71 15
38 13
64 13
30 32
93 76
21 81
55 68
9 75
43 53
49 87
55 41
44 38
64 10
76 31
4 11
33 10
95 73
83 68
13 13
20 45
24 18
11 4
90 89
75 97
12 90
10 47
20 99
19 91
31 66
47 51
21 90
27 84
59 12
40 2
89 76
92 20
22 19
59 55
20 74
68 33
87 65
93 99
20 23
13 70
55 60
54 64
5 72
67 98
87 29
40 15
73 83
45 13
57 42
69 66
60 44
26 77
63 68
12 14
6 21
55 56
42 97
8 63
40 53
71 26
35 37
41 97
72 67
72 2
92 53
36 54
39 67
56 20
66 67
17 55
10 60
97 61
48 12
17 37
75 94
61 93
47 15
49 99
75 20
71 59
32 78
73 40
64 48
12 23
19 34
90 34
86 79
18 52
72 31
32 79
78 61
18 31
30 54
44 32
34 56
21 23
14 45
82 89
66 2
39 27
87 33
70 5
45 95
14 44
48 70
17 80
53 91
89 87
61 67
55 37
19 56
50 16
48 41
34 76
33 42
3 30
62 96
81 12
12 63
41 33
30 5
96 74
79 36
94 91
33 72
73 90
46 88
59 33
17 3
15 81
95 56
68 32
49 77
37 6
83 42
30 91
41 90
5 87
80 71
44 73
8 8
34 64
100 89
52 11
58 24
10 96
6 94
61 9
92 49
48 81
36 18
52 71
77 68
87 62
26 29
61 83
85 41
16 89
9 39
78 81
50 61
27 51
11 20
84 16
4 31
38 24
14 74
100 28
50 56
33 37
80 79
57 10
70 33
22 57
59 27
33 54
13 52
97 71
92 79
10 32
90 76
95 75
78 3
53 50
14 94
8 51
76 99
73 10
10 45
38 79
11 32
2 78
1 36
47 68
27 99
69 12
61 47
87 86
57 63
50 70
91 82
94 90
79 26
85 60
88 99
59 63
30 11
99 54
87 2
78 55
77 95
61 66
74 6
25 51
23 40
67 58
71 38
97 6
54 72
4 26
