1719
52 35
32 64
67 65
29 52
7 61
82 52
25 96
77 33
42 74
91 81
63 22
80 51
60 37
57 97
3 65
53 56
70 4
85 24
64 68
38 98
73 38
82 95
62 71
43 50
51 13
98 58
74 83
92 51
33 6
19 90
88 15
79 47
49 44
51 18
91 2
96 32
31 72
63 9
53 73
12 76
72 39
53 70
85 64
38 17
83 4
73 53
9 92
98 25
98 18
65 97
76 37
55 72
34 78
57 51
96 3
31 96
92 90
63 65
5 71
73 35
67 24
40 16
15 57
55 17
70 15
10 60
61 79
86 72
62 81
54 14
2 91
7 16
100 70
33 84
42 87
64 29
57 68
46 27
33 20
62 15
84 49
30 31
82 56
44 36
77 41
44 61
94 29
62 97
42 98
19 81
21 9
54 3
28 59
46 93
24 41
71 65
50 32
74 13
50 64
91 22
65 18
46 49
2 64
77 12
38 59
80 79
70 67
41 73
81 87
49 94
32 57
86 64
62 85
17 34
90 20
82 6
2 41
21 38
29 71
29 5
92 49
21 42
43 86
67 40
78 45
99 95
98 98
9 65
84 22
17 5
23 45
57 72
17 80
33 37
29 16
51 7
69 62
88 17
72 24
50 84
83 10
40 73
99 84
79 27
37 30
58 55
100 34
63 54
48 44
76 95
67 41
16 34
54 23
93 51
45 38
40 50
18 79
82 73
11 53
28 37
44 64
5 91
34 5
65 62
58 60
54 86
88 38
99 47
15 9
5 59
3 78
11 98
5 39
89 92
36 98
95 4
35 20
41 51
73 21
37 58
25 16
79 28
88 64
41 3
70 20
82 21
52 40
56 34
95 73
63 32
87 30
88 93
82 35
50 42
12 54
80 33
86 98
24 3
6 80
1 46
85 4
99 56
13 8
44 18
64 20
85 67
91 29
31 59
91 79
31 55
87 11
49 57
7 79
10 63
50 6
54 9
38 76
31 27
80 38
47 2
50 69
17 2
6 96
72 65
66 18
2 62
3 36
21 15
58 13
93 54
42 30
46 45
17 67
1 26
47 6
68 89
37 81
12 65
72 4
47 41
38 19
15 42
15 68
96 89
93 3
59 39
59 70
83 58
64 93
14 90
12 63
17 55
55 71
52 99
24 17
59 25
68 100
53 68
35 3
41 100
54 72
64 12
82 77
82 65
30 34
12 33
32 24
54 22
4 33
72 42
81 23
28 3
94 66
40 28
37 69
12 68
39 7
47 44
33 11
63 44
51 50
88 26
72 1
99 12
12 28
72 95
54 96
23 65
75 10
1 24
65 3
100 74
38 89
24 52
53 88
96 92
81 86
92 76
76 15
91 87
18 1
29 99
34 15
44 23
44 20
91 59
75 69
64 55
13 81
92 37
20 93
41 55
38 88
44 41
1 75
30 61
68 9
38 10
48 29
20 75
35 51
80 34
83 80
69 1
24 42
4 100
88 12
30 56
55 4
36 3
66 85
94 73
58 67
49 71
19 29
39 63
48 79
18 24
16 85
43 63
15 54
92 86
58 58
87 98
60 88
29 60
79 92
9 31
81 22
44 2
94 47
60 27
22 53
87 42
76 1
43 16
80 58
19 96
82 1
18 3
59 59
88 94
22 15
48 46
20 34
77 70
62 27
50 72
1 8
85 25
17 71
52 90
62 45
50 74
38 47
75 82
93 12
77 1
72 100
52 12
48 17
48 41
87 53
40 76
20 79
7 7
90 17
26 46
77 26
19 83
97 95
78 92
11 67
22 80
56 9
79 6
64 28
16 37
20 76
83 66
13 77
92 96
85 7
79 50
48 67
21 47
99 24
20 12
65 20
55 3
25 8
24 90
36 42
83 29
31 57
87 66
85 44
64 14
66 62
74 3
38 3
98 83
1 7
31 31
42 63
91 8
65 90
84 77
91 23
90 83
24 50
17 9
13 80
64 4
80 69
1 81
7 92
26 73
8 54
28 21
29 74
58 12
89 79
83 71
52 29
39 57
77 16
60 2
58 62
97 9
47 66
72 60
29 37
30 91
46 42
43 28
67 96
37 2
60 96
60 89
3 43
52 8
14 14
11 17
59 10
38 61
51 53
51 10
4 63
63 60
10 72
28 98
85 100
75 17
46 96
16 38
8 11
60 51
66 31
88 89
7 75
99 79
83 18
16 74
37 47
74 93
94 34
42 50
72 23
41 89
11 72
94 72
9 88
72 69
94 6
55 68
93 45
38 40
92 29
79 88
27 3
27 60
33 47
70 60
78 25
98 81
98 9
80 26
98 66
57 54
97 13
75 9
74 12
94 23
89 19
16 42
11 43
26 91
68 69
26 90
32 83
60 64
97 87
50 1
35 95
46 7
82 51
62 50
4 51
86 68
80 97
35 91
56 88
39 95
39 92
38 74
76 79
6 27
91 37
99 67
44 100
21 52
33 76
35 41
80 28
83 24
74 66
6 49
65 51
13 41
9 52
17 73
93 36
13 2
10 68
45 99
27 18
97 49
7 45
88 96
86 61
37 61
52 71
33 27
73 42
80 83
43 93
28 18
16 48
90 44
50 19
63 86
46 84
98 88
28 5
32 82
35 11
72 2
4 31
3 34
85 62
90 65
37 44
2 53
85 40
94 38
33 89
12 22
37 36
86 37
41 60
75 56
20 54
32 95
14 6
34 20
25 91
25 11
67 94
43 65
37 5
79 53
70 9
57 8
64 90
75 100
60 80
70 34
61 68
98 54
21 10
56 93
31 84
83 40
79 11
27 56
47 26
86 34
81 45
98 86
73 57
57 27
56 71
98 32
42 45
60 20
41 23
92 61
17 25
81 68
37 12
93 21
14 65
39 82
65 47
44 33
37 29
53 17
22 89
31 79
72 33
3 7
16 35
70 81
59 38
64 1
47 19
6 26
3 2
83 45
27 43
15 21
8 98
4 7
64 61
88 35
55 5
89 21
96 21
31 93
43 29
47 79
36 6
43 48
86 62
62 4
20 29
42 5
64 78
82 86
91 45
93 85
85 47
29 35
19 99
43 5
90 12
2 21
59 72
6 98
68 81
92 15
40 47
29 34
76 87
96 27
5 48
60 6
39 51
53 92
92 33
89 51
84 88
61 70
93 22
82 26
91 65
83 39
29 54
82 47
34 73
84 59
31 14
22 60
93 81
28 81
53 42
66 60
43 22
89 90
2 19
87 79
68 79
95 38
81 13
13 5
7 84
15 82
30 20
24 26
20 9
81 30
42 10
97 8
70 26
73 19
66 64
15 83
92 65
3 58
48 88
54 91
76 42
94 68
6 54
81 27
88 79
42 93
77 62
18 84
17 21
1 18
5 69
10 53
36 96
82 10
96 10
100 50
79 35
67 88
15 78
19 7
40 54
1 80
40 38
24 43
99 49
3 76
22 78
97 41
32 16
60 50
20 64
22 7
63 93
36 38
32 56
5 22
41 50
2 83
39 55
85 93
94 63
45 44
39 24
25 41
81 89
31 32
92 40
2 25
71 99
79 52
38 71
10 87
61 28
36 90
35 68
87 77
52 31
33 100
75 41
1 43
68 94
44 27
43 38
68 54
81 32
94 79
74 63
69 90
78 95
75 44
20 13
64 80
64 94
55 96
48 93
59 89
67 42
89 32
29 43
53 43
56 87
93 16
83 83
21 36
13 90
90 38
80 68
44 55
20 10
27 62
91 57
97 71
69 3
89 73
31 43
39 11
29 94
97 85
75 64
53 61
3 27
27 67
12 49
20 38
30 92
41 99
12 41
1 30
68 4
45 83
62 43
100 8
3 61
82 8
97 96
26 98
51 54
46 82
1 72
51 12
95 81
7 54
13 76
86 46
37 84
65 89
54 36
94 97
40 36
77 48
86 59
20 15
4 83
71 45
20 50
76 4
63 68
5 95
89 83
57 48
33 86
21 54
6 40
83 76
78 3
69 95
61 100
78 91
33 50
68 35
45 28
59 93
40 67
18 10
59 81
26 77
86 7
88 78
88 58
70 53
69 34
44 82
81 54
38 35
24 21
61 44
41 70
68 20
41 64
13 16
56 11
13 42
13 52
42 37
33 98
47 70
38 58
65 8
68 86
38 25
71 34
75 61
36 20
23 67
16 93
61 84
13 9
98 2
48 19
75 48
62 5
53 16
21 50
48 2
13 87
7 66
17 19
97 14
52 1
27 27
98 35
11 19
27 24
41 24
17 96
10 23
42 64
40 98
19 65
44 48
79 77
34 49
84 89
12 53
81 19
39 1
29 15
74 95
37 96
70 74
47 28
51 77
62 23
74 90
52 21
3 99
92 54
33 63
11 60
16 60
40 81
1 25
23 1
15 84
27 99
72 15
60 58
42 51
60 45
45 19
37 31
21 79
33 28
65 74
49 5
61 23
91 1
74 20
94 55
15 27
51 65
19 14
63 3
93 39
56 39
9 3
76 36
61 75
6 81
57 15
51 25
34 21
28 40
28 75
31 90
84 14
66 93
25 20
29 45
37 32
37 1
14 16
31 91
8 28
36 70
11 65
72 41
63 37
35 70
20 23
56 55
31 29
93 61
11 79
84 16
32 23
39 9
57 32
29 89
83 97
15 31
95 53
9 98
38 26
75 66
40 79
30 24
19 70
38 52
86 81
45 31
25 49
36 59
22 70
83 96
89 2
63 17
84 71
29 92
83 35
69 25
73 22
87 59
99 36
27 39
14 66
69 71
99 82
63 50
76 18
78 13
55 87
16 32
51 98
13 12
11 49
90 55
59 64
53 23
34 11
36 100
50 20
96 88
63 92
87 37
25 73
10 7
40 27
13 100
93 7
26 14
66 17
45 13
8 75
60 85
72 17
30 85
70 7
27 2
76 22
22 32
87 15
71 48
78 80
53 3
52 89
41 34
39 39
56 73
20 30
1 2
97 23
75 32
67 92
32 68
7 97
60 48
23 34
1 65
76 10
54 18
9 90
24 6
55 43
15 59
26 75
35 27
40 35
76 88
61 10
96 70
23 53
98 45
80 87
30 14
53 26
21 12
40 71
54 84
88 20
15 15
25 92
8 66
64 100
82 12
96 73
35 65
77 63
70 24
39 65
17 63
60 59
36 69
93 62
46 37
73 3
95 71
4 16
96 68
40 2
72 25
75 54
43 43
93 67
85 97
52 30
64 45
32 41
62 80
14 37
68 73
93 76
89 75
14 18
23 86
10 42
64 50
4 37
93 40
65 28
10 9
9 28
30 3
28 48
53 65
29 97
58 5
73 91
88 10
72 59
50 18
96 15
9 87
81 35
73 69
1 94
95 99
53 94
65 1
77 10
57 53
76 40
74 57
46 15
61 25
96 30
89 95
42 80
30 28
34 12
75 26
58 47
58 15
16 79
17 15
70 91
16 99
49 26
83 63
62 33
30 13
47 20
82 28
65 45
51 5
13 95
47 82
50 3
81 92
8 42
47 100
75 2
26 30
99 23
2 4
74 33
15 50
71 22
38 11
94 56
50 25
10 35
57 64
41 53
16 71
18 64
64 70
31 34
81 60
21 25
65 93
50 70
63 77
26 36
76 55
53 84
3 44
63 66
4 70
17 29
63 83
52 26
32 79
24 15
75 23
51 15
5 16
62 54
100 55
100 20
9 20
10 76
95 58
18 58
95 98
80 48
89 10
88 65
8 2
40 12
83 94
17 92
31 35
11 32
63 78
50 37
58 96
100 1
32 93
50 93
94 54
98 31
4 58
88 6
21 21
80 59
71 60
79 78
43 56
33 33
1 93
67 98
96 13
48 89
20 44
58 24
73 12
36 26
35 50
10 89
99 43
85 3
5 26
7 36
44 87
78 24
9 26
40 85
84 9
88 3
2 100
61 2
62 67
36 37
60 35
56 25
41 37
85 15
13 11
8 3
64 19
30 81
3 35
86 49
14 10
65 22
22 58
96 61
54 30
32 40
77 82
48 32
63 43
73 76
51 47
77 97
62 77
15 58
22 100
30 40
14 50
1 100
74 55
28 94
32 80
23 3
93 44
7 70
96 59
61 94
34 64
38 49
23 96
95 35
13 7
89 49
92 67
14 17
49 2
56 60
38 65
82 20
1 4
63 96
23 16
100 40
96 41
1 13
75 70
25 80
98 48
46 67
78 37
95 43
72 18
95 51
27 17
21 1
25 19
56 31
55 24
98 38
49 47
66 53
29 65
34 76
15 51
31 2
2 81
66 80
3 63
86 9
24 39
37 53
50 5
32 72
90 87
11 20
66 67
40 3
51 69
66 22
78 97
65 37
12 87
5 15
83 21
31 3
89 54
64 16
70 19
70 69
82 78
14 53
27 84
79 23
4 20
50 14
18 34
30 63
12 72
69 59
32 19
50 61
19 47
84 80
15 44
26 70
50 77
100 28
30 53
43 35
59 62
82 74
4 40
51 86
24 69
3 80
57 89
60 34
49 30
21 71
62 53
9 78
86 96
79 93
4 80
4 42
36 30
23 20
50 99
67 64
58 72
7 72
4 54
20 42
13 6
49 97
5 33
87 21
58 66
26 48
85 22
63 69
38 50
25 26
56 17
41 8
44 75
22 57
84 98
9 7
19 46
36 83
54 78
33 36
77 31
68 98
63 33
94 51
52 94
84 84
57 6
16 56
51 56
76 5
40 96
47 90
15 19
93 65
35 48
46 90
83 65
80 39
8 89
41 47
73 52
64 76
25 75
93 6
47 32
54 63
41 27
94 71
41 76
60 22
21 22
97 56
8 96
97 59
33 38
12 56
14 76
16 95
86 38
21 29
36 24
99 70
73 47
18 32
54 29
8 95
33 72
70 2
25 4
64 23
26 24
68 93
23 8
44 25
85 99
1 27
66 1
57 74
25 90
69 89
96 42
92 25
80 81
69 15
17 1
70 21
39 44
74 86
91 13
27 91
21 49
38 55
46 78
83 52
33 16
50 11
18 70
2 92
58 34
84 37
61 33
67 17
8 64
35 86
8 63
52 16
73 7
50 82
75 5
1 41
94 2
67 14
64 30
51 57
15 95
26 28
88 60
96 58
25 42
84 8
51 44
100 10
65 82
83 69
34 82
65 72
65 91
29 20
93 28
61 16
46 33
20 67
68 14
73 55
20 20
88 57
73 89
44 14
11 48
20 31
18 50
5 99
27 78
43 69
55 76
60 93
46 3
69 27
22 74
77 58
75 59
14 97
23 87
19 44
10 94
47 92
53 33
49 72
94 17
26 38
32 97
3 26
70 51
80 93
48 70
66 19
42 22
15 62
17 89
21 17
77 78
44 69
56 20
28 43
69 100
32 38
23 82
22 83
41 22
68 49
42 3
18 53
47 12
47 56
57 19
23 46
60 66
44 15
76 89
85 36
51 64
90 93
94 87
77 23
4 43
44 71
89 59
20 89
45 88
45 78
96 99
82 16
84 70
90 94
79 73
67 69
1 64
32 75
66 46
37 62
47 17
78 93
17 87
43 77
30 73
9 69
77 21
79 59
96 86
54 61
78 90
85 34
14 69
44 45
32 87
89 72
73 43
90 8
60 68
35 24
23 2
98 28
17 3
32 10
2 16
6 15
5 19
10 30
37 78
90 16
93 8
67 86
74 28
93 70
19 9
68 37
23 28
41 65
43 87
51 62
71 100
52 42
51 76
4 60
54 67
12 4
66 29
69 96
44 38
39 89
59 9
100 23
92 73
56 97
97 17
83 30
44 44
48 86
41 94
67 36
55 69
