1614
80 70
27 1
98 22
2 20
37 17
52 77
44 8
17 91
66 31
15 45
95 71
44 55
77 8
79 60
76 74
19 99
25 13
76 59
21 13
11 75
61 23
30 57
2 17
7 12
25 30
70 59
48 83
68 66
5 71
54 12
76 10
29 27
48 76
3 87
81 78
50 95
74 75
41 22
64 32
99 69
65 64
85 7
29 3
18 93
100 20
65 35
87 84
93 32
100 62
90 45
65 65
57 80
39 90
1 22
56 15
24 64
96 35
54 50
27 82
60 45
98 94
95 91
38 90
59 52
49 19
18 45
13 45
16 63
30 56
19 96
37 81
22 66
84 58
15 71
15 34
46 46
8 80
90 10
73 8
76 51
62 34
8 74
31 73
37 47
97 8
11 21
65 49
78 50
20 64
87 86
53 61
52 17
65 19
78 37
60 61
38 99
59 42
62 31
3 6
47 27
13 28
35 45
22 81
15 62
52 12
25 98
83 48
26 95
38 4
89 68
27 26
65 25
84 25
55 76
92 29
76 50
56 23
95 29
63 59
26 25
12 6
33 93
79 83
58 46
99 84
18 49
26 77
54 77
60 98
70 78
69 12
20 76
8 26
14 15
15 32
60 97
33 32
84 77
38 3
21 90
21 15
86 100
74 24
71 66
58 26
35 74
28 32
77 53
44 52
17 79
57 23
95 60
8 87
89 71
4 42
87 55
22 84
51 28
17 54
4 11
58 78
30 16
35 21
62 70
36 38
32 90
97 57
99 50
2 78
57 99
79 11
48 71
87 100
35 77
32 72
74 16
66 99
5 39
96 69
93 82
51 84
85 23
5 60
3 79
13 55
25 44
42 87
29 26
16 84
41 10
75 94
63 21
73 74
88 2
78 41
58 28
12 12
25 54
3 13
26 51
78 26
49 58
39 81
83 67
74 66
28 92
35 5
24 84
70 58
14 63
24 25
60 51
87 89
2 94
32 33
10 100
97 13
32 89
96 76
8 2
5 17
45 44
3 64
42 24
17 5
2 53
17 37
85 87
75 41
52 99
76 12
89 18
2 36
3 65
32 82
36 9
74 7
31 78
25 72
77 15
2 63
12 38
54 31
48 96
36 84
44 93
2 76
11 50
66 33
67 91
70 41
72 22
84 2
87 47
45 92
35 66
34 43
31 28
57 93
73 69
35 78
47 98
3 8
20 17
51 54
19 73
99 44
96 97
81 25
32 10
13 7
88 58
32 31
63 98
83 12
92 72
73 41
81 73
36 68
30 8
99 31
99 26
22 99
84 38
34 98
42 14
60 73
49 56
12 88
17 78
81 3
47 34
57 42
34 88
74 37
31 77
20 9
77 92
11 77
8 78
75 59
57 39
95 27
95 65
84 84
19 14
53 91
40 69
37 2
100 23
58 37
35 63
81 60
39 6
49 52
67 56
34 62
57 68
100 18
59 29
67 63
30 26
21 69
51 57
86 27
46 88
22 17
13 3
68 90
79 52
47 5
82 56
46 69
47 35
46 43
42 70
72 57
93 19
97 3
53 72
18 60
87 57
64 65
59 69
98 2
15 28
50 34
75 24
29 12
60 72
39 10
38 50
3 11
48 58
68 84
84 50
91 74
11 18
87 15
40 48
93 80
53 66
39 76
5 100
20 46
39 99
95 34
40 22
69 95
88 9
36 87
69 58
54 51
52 4
72 36
15 79
30 76
57 38
43 34
2 11
89 85
43 19
38 51
4 5
37 76
46 61
37 60
30 59
71 40
93 88
25 77
72 2
7 94
86 92
85 66
66 45
16 51
46 65
96 16
46 73
95 57
75 81
83 87
80 31
22 18
84 19
19 80
81 5
41 84
29 60
43 40
27 73
11 83
94 68
91 91
70 36
24 100
74 38
53 83
25 31
42 65
64 47
20 100
7 55
98 52
88 47
44 66
24 70
4 22
67 24
8 83
74 9
18 47
49 53
14 58
84 13
36 19
89 7
41 81
98 29
67 85
92 58
82 51
58 88
82 73
90 50
59 45
78 19
30 24
29 7
75 93
10 47
59 91
95 1
63 5
67 71
80 23
70 68
93 77
36 1
3 7
57 20
39 35
76 87
4 40
23 83
49 23
16 18
48 54
29 8
88 89
17 44
18 29
24 80
69 97
94 57
29 70
9 32
1 26
52 41
23 15
93 99
52 96
82 74
29 28
68 55
88 79
13 74
96 84
93 43
83 55
79 77
82 12
99 75
8 18
21 20
18 85
44 18
93 38
82 78
54 4
46 75
68 100
10 93
86 39
96 74
16 40
7 91
64 73
100 19
80 67
36 96
67 64
92 88
49 87
89 93
7 80
62 43
29 30
62 12
81 21
93 66
3 70
47 66
28 35
31 41
75 3
2 44
69 80
64 25
99 87
18 13
10 11
16 61
9 79
100 44
88 68
53 75
51 92
77 58
25 56
99 77
80 75
22 51
68 60
36 14
61 44
68 45
82 85
40 7
99 27
75 37
36 31
31 92
55 84
77 4
4 67
43 94
65 27
40 9
43 26
69 56
97 30
2 81
26 29
89 29
6 89
68 88
95 86
44 45
90 100
94 85
79 29
16 4
15 74
10 2
62 46
5 80
90 55
57 62
61 82
65 5
41 69
75 67
63 54
43 63
42 15
90 5
16 30
12 41
76 75
92 85
96 61
67 21
12 83
29 79
78 1
13 38
8 77
79 21
49 14
37 12
14 83
90 26
51 58
4 100
32 19
91 98
29 42
76 57
36 33
23 32
28 78
93 90
26 22
34 87
12 32
94 45
40 82
34 9
83 1
5 56
54 69
9 33
41 28
2 4
62 58
96 100
74 81
59 73
2 34
43 33
2 100
78 75
38 17
56 61
100 90
32 42
38 70
92 93
57 49
47 62
84 93
70 75
21 85
95 48
62 73
4 31
96 81
67 9
98 8
73 16
84 56
53 49
60 89
36 60
11 26
73 88
83 6
42 33
92 97
99 32
89 50
5 95
89 11
4 20
58 99
39 25
63 25
66 58
59 20
73 72
82 43
2 10
3 5
57 36
56 58
29 57
14 48
31 12
53 71
33 83
50 96
51 46
38 100
65 23
72 1
34 94
97 82
29 84
76 100
76 4
40 86
72 44
43 56
83 100
59 31
71 55
68 98
59 89
86 13
61 4
28 66
92 71
14 7
58 18
87 25
24 37
1 64
56 41
97 44
79 59
38 31
95 5
100 73
11 76
34 51
58 95
16 57
71 51
83 98
41 37
67 44
77 96
82 30
73 79
10 37
71 38
25 32
97 39
79 39
91 33
90 21
2 60
59 41
78 57
11 27
82 44
22 3
54 44
92 100
68 23
88 18
97 17
6 25
100 25
53 15
65 62
57 96
81 63
55 42
19 77
17 97
77 85
48 86
85 92
29 25
6 68
35 14
28 30
94 4
95 94
55 92
24 90
13 43
80 3
98 84
93 33
85 26
40 4
15 23
21 44
79 4
79 78
16 35
98 35
71 59
88 93
64 5
14 33
45 60
36 85
35 31
88 74
93 13
4 97
33 47
12 7
54 48
67 35
3 18
34 26
86 95
84 18
19 82
21 96
85 95
63 42
78 23
49 72
81 44
89 73
55 56
79 22
64 84
73 11
72 95
74 53
59 68
53 17
95 39
25 26
90 81
74 65
20 41
27 32
30 1
32 79
77 10
12 97
62 64
26 82
25 12
90 12
87 19
65 40
58 94
9 98
35 41
29 51
12 91
31 10
94 1
1 4
21 82
24 1
78 79
14 88
9 84
60 95
17 33
59 1
11 96
52 3
42 95
10 55
36 46
64 40
95 100
89 81
87 50
38 25
37 69
95 80
55 64
29 81
18 63
15 29
33 7
49 70
15 37
18 77
3 27
26 66
13 24
5 51
27 21
30 10
29 63
23 27
95 24
96 42
74 19
41 96
72 98
42 58
76 89
52 79
43 82
50 51
4 26
16 44
12 96
27 58
38 10
68 3
43 89
21 87
47 36
60 83
89 97
77 14
40 65
15 100
76 40
27 50
42 96
66 55
1 12
21 62
91 47
47 86
36 93
8 12
72 92
27 98
76 42
56 83
27 71
72 63
9 89
35 52
18 66
93 37
35 90
3 60
36 6
87 63
79 67
83 63
8 55
87 30
48 37
43 28
8 23
6 17
39 96
76 37
53 50
32 7
92 69
79 68
26 68
18 15
83 20
58 65
71 14
55 90
9 60
58 41
74 89
29 29
76 17
65 39
88 42
83 79
74 58
6 24
8 72
47 94
2 82
41 49
93 79
10 64
17 83
18 68
50 48
69 64
37 83
1 31
94 72
77 1
44 12
65 15
87 33
81 90
49 28
3 38
21 22
75 87
49 97
4 71
61 47
45 59
29 64
76 29
21 33
93 72
46 56
91 34
46 5
94 21
49 83
27 100
43 67
74 84
15 61
50 3
66 70
57 33
31 9
57 26
74 36
92 90
3 92
61 93
22 37
19 91
54 32
98 37
15 97
54 85
44 51
58 64
33 3
73 53
93 18
6 75
28 25
8 85
32 45
92 16
93 17
43 53
84 54
65 9
53 56
15 13
87 91
89 72
75 65
99 9
68 81
96 77
26 24
80 38
19 70
43 32
83 13
62 75
76 34
18 73
40 26
35 19
37 21
62 91
18 40
73 10
31 86
35 71
100 39
73 65
97 77
30 74
31 96
28 40
95 15
28 63
7 29
35 8
48 21
65 8
53 31
1 27
54 57
78 17
81 28
27 75
48 15
77 94
25 39
84 41
21 79
95 66
56 9
91 1
82 46
20 3
49 4
63 80
22 35
9 50
68 79
15 67
14 84
33 63
3 30
87 71
41 72
57 82
35 26
87 36
26 10
26 69
39 27
22 2
84 49
23 55
24 99
27 27
66 76
91 64
27 92
41 66
59 100
40 73
57 72
9 54
35 35
79 57
35 36
71 41
14 10
24 86
81 10
9 9
67 23
93 15
100 21
43 65
51 39
51 5
44 30
4 79
70 8
9 11
23 74
38 93
38 95
38 67
25 53
92 6
51 15
11 52
49 48
64 66
99 74
96 4
62 62
37 88
36 65
22 53
91 92
77 63
10 16
27 63
89 96
92 63
96 5
66 94
15 48
13 90
20 85
17 55
42 90
52 57
71 50
63 19
14 23
29 19
69 20
75 38
91 83
8 89
15 54
47 16
16 79
92 7
80 94
14 85
50 71
85 93
26 28
80 85
29 10
72 76
33 41
76 39
67 60
48 87
16 83
90 51
88 57
84 29
2 87
12 19
92 55
41 51
64 2
96 89
65 6
84 36
21 65
79 23
38 39
82 25
10 51
98 4
17 71
42 62
18 82
88 6
22 95
68 4
93 14
43 15
23 17
92 54
36 20
90 92
22 10
55 44
68 24
13 12
35 11
95 18
74 51
51 99
43 27
29 69
92 52
31 66
46 33
35 33
47 41
64 76
57 43
41 15
61 34
45 43
35 94
21 21
73 98
60 36
58 55
16 45
19 89
3 3
6 12
28 79
8 60
67 15
74 14
10 40
22 26
2 28
40 10
94 33
25 16
71 1
83 61
25 73
95 32
81 22
95 25
35 97
52 66
35 34
71 9
68 34
68 74
55 13
58 85
88 51
51 8
89 51
30 28
60 10
67 37
59 80
77 3
54 95
2 39
55 59
47 87
47 74
41 70
5 36
78 78
85 50
17 27
44 80
33 9
59 32
31 1
91 19
27 52
100 11
30 44
6 2
32 38
81 75
16 58
36 57
36 88
55 57
30 33
15 58
2 45
47 80
22 30
40 80
71 92
65 78
70 69
39 13
90 7
12 68
7 35
52 67
74 68
55 78
75 92
45 84
40 58
68 83
48 56
36 77
16 7
7 6
27 65
38 62
67 81
70 20
46 70
20 22
25 23
97 74
94 28
39 65
55 11
45 65
34 53
2 66
68 17
96 25
83 33
85 31
46 21
20 51
63 10
59 74
10 36
58 31
97 83
72 71
99 20
7 63
34 30
80 53
16 72
38 65
84 94
50 18
10 72
43 68
63 26
40 49
99 7
87 70
92 61
34 17
52 75
58 56
34 100
94 98
34 3
54 43
62 47
88 90
94 62
85 90
37 52
49 45
77 56
59 88
4 56
64 85
40 12
33 18
8 54
80 42
39 55
36 36
87 35
18 39
85 64
6 78
36 98
28 34
52 37
32 69
37 51
95 46
81 9
100 69
8 79
1 7
79 37
3 21
78 46
12 33
63 94
40 18
14 22
67 18
73 100
17 47
79 82
9 40
38 82
34 5
46 92
30 99
31 40
69 50
8 38
73 15
34 4
60 87
74 72
97 45
54 47
58 12
8 86
38 84
32 100
37 84
37 98
18 80
45 14
31 94
85 62
40 99
5 14
23 31
9 21
8 62
99 57
100 76
92 21
59 48
56 13
69 17
20 32
58 61
66 41
7 38
74 25
5 97
44 70
56 28
76 15
89 19
19 39
44 76
92 43
56 27
90 38
47 96
57 19
62 60
67 54
83 39
45 37
33 70
84 76
9 45
27 66
31 79
81 76
71 47
82 35
47 48
35 38
100 51
82 33
37 62
38 55
97 35
26 41
62 59
100 10
32 52
26 63
60 54
58 27
96 65
73 78
73 59
22 64
67 84
44 9
28 43
43 72
14 34
54 15
30 78
54 78
90 30
49 49
74 40
91 10
87 40
50 98
20 4
12 11
21 93
53 59
75 9
47 63
51 65
62 22
6 87
89 95
15 95
97 43
59 14
71 30
50 27
21 83
31 44
2 43
54 11
28 99
78 6
3 32
55 83
36 61
42 17
13 63
29 91
93 69
75 15
25 62
26 17
42 41
9 38
96 56
100 88
58 98
28 49
90 66
5 93
10 61
50 78
28 6
35 79
98 18
30 89
45 36
40 62
20 40
73 63
40 19
85 8
96 52
17 21
46 45
67 12
19 8
38 6
43 71
6 19
88 33
53 82
83 10
95 41
45 63
32 27
86 80
17 100
85 100
25 57
5 53
22 94
70 53
8 33
61 31
100 80
18 12
14 52
52 50
34 76
20 91
65 1
78 25
24 93
67 61
51 30
23 26
56 78
7 96
35 84
32 81
86 28
58 54
49 10
93 95
11 20
7 14
12 84
6 37
92 3
18 88
68 64
78 13
99 62
63 74
93 53
42 98
96 75
94 8
14 20
86 29
40 3
25 34
37 99
13 54
80 26
24 41
96 9
51 12
51 61
