1654
60 42
78 94
42 51
28 94
25 96
33 89
40 37
31 78
57 71
35 69
2 97
88 65
95 1
31 45
56 68
55 71
87 33
56 86
88 13
96 39
54 59
73 65
5 91
64 59
42 77
67 21
93 21
27 29
27 50
62 43
52 34
93 29
69 32
93 8
45 68
55 48
12 95
37 95
3 24
96 33
31 58
28 64
9 57
37 60
85 12
71 21
79 11
14 52
42 66
14 61
67 97
24 47
25 95
11 94
78 20
20 23
12 69
50 15
93 100
38 46
21 52
72 33
17 19
39 12
18 98
86 19
47 30
67 30
12 10
6 1
51 5
14 18
77 26
46 88
86 95
12 56
54 94
77 90
69 40
77 37
69 21
67 100
81 35
29 38
88 28
91 53
8 94
73 26
88 73
54 14
99 98
84 45
69 64
38 41
11 8
85 15
85 38
54 30
89 70
97 41
11 59
92 66
81 78
1 54
59 64
91 57
68 76
69 56
67 65
86 47
51 31
57 59
13 23
45 31
49 58
52 18
95 37
29 73
15 32
84 99
73 51
84 76
80 88
91 86
100 3
71 8
72 95
32 66
77 31
66 7
90 46
41 88
6 48
79 100
71 38
7 50
20 86
65 95
37 98
19 14
70 74
36 74
95 63
32 1
58 2
100 1
40 30
80 67
96 30
86 93
60 69
91 60
79 24
64 22
66 61
21 9
45 93
74 86
90 13
25 22
52 63
34 29
32 75
84 3
39 33
41 61
42 98
17 51
55 63
48 100
19 49
100 9
8 89
62 76
97 77
8 67
99 12
47 8
24 49
84 23
39 69
88 21
3 34
28 4
63 3
47 50
59 62
18 64
3 77
16 87
5 43
20 83
19 51
43 39
93 91
76 75
70 42
86 65
48 76
81 20
86 2
49 43
47 71
31 34
47 39
24 96
56 88
4 50
51 86
27 17
65 28
25 74
63 49
99 63
58 30
1 67
35 61
10 15
98 72
92 27
71 19
69 53
69 60
69 6
58 61
42 25
98 6
8 98
90 23
44 43
51 100
55 15
66 90
37 46
41 17
63 25
35 40
37 61
20 60
89 78
75 82
27 26
97 31
38 99
100 68
4 14
82 63
58 33
83 67
26 55
80 27
79 18
28 67
25 82
58 3
9 75
39 35
6 45
16 26
7 19
69 26
64 89
48 78
20 30
43 25
41 12
51 35
92 97
58 39
13 88
95 55
54 92
62 88
10 71
52 27
73 72
63 68
36 33
68 18
45 100
60 21
7 71
62 62
70 79
29 69
21 57
57 65
48 53
26 54
70 27
6 67
68 23
50 89
30 29
12 14
32 87
51 2
83 33
46 45
87 26
9 29
80 41
37 53
70 99
97 44
25 32
12 30
35 5
80 5
14 50
85 96
67 13
42 69
68 82
18 56
27 5
11 70
68 11
34 15
36 92
18 48
71 22
1 18
24 91
87 78
28 71
49 53
52 36
89 60
79 78
91 80
34 32
40 49
20 25
43 69
12 98
25 49
43 88
52 95
65 53
55 99
93 87
30 53
25 47
61 58
57 54
49 67
58 20
10 85
53 9
93 86
21 16
49 89
48 10
83 90
92 62
62 51
95 93
86 16
53 16
94 97
67 16
75 98
97 51
8 73
90 25
70 100
30 40
85 53
25 33
34 91
10 75
37 83
29 76
89 9
10 50
80 16
4 19
94 25
6 94
88 99
28 27
9 68
29 30
32 14
31 85
13 21
12 77
33 21
7 95
67 24
87 34
11 50
58 13
68 51
46 32
41 39
2 33
55 14
96 53
39 82
30 59
81 83
41 30
94 98
20 95
93 95
20 56
32 34
76 51
16 71
70 62
52 55
9 92
78 59
16 15
3 96
17 98
35 76
97 15
3 83
45 15
61 6
40 46
54 39
71 85
45 16
70 94
23 20
76 49
91 19
14 84
46 59
80 74
52 19
37 27
91 40
65 65
82 39
13 95
14 22
57 19
2 30
3 23
78 41
93 70
47 41
56 44
39 20
93 58
6 55
40 15
85 50
98 84
36 29
41 29
2 3
61 74
1 2
5 95
67 92
4 99
58 75
42 95
84 54
6 33
75 72
25 85
74 4
49 83
71 12
30 37
62 38
99 70
89 56
73 40
18 3
22 77
93 73
29 51
85 27
50 7
2 69
13 80
52 33
45 46
68 88
46 70
88 82
24 36
19 43
62 56
59 65
71 62
42 99
2 54
49 84
23 15
75 46
66 54
82 67
42 9
87 70
76 52
37 24
32 70
65 88
30 64
82 89
2 13
63 36
58 28
98 26
61 55
82 94
45 81
94 100
8 51
96 78
13 68
48 14
10 68
30 4
13 56
66 84
95 34
49 87
47 19
97 33
58 51
62 31
50 6
23 59
52 78
56 34
95 58
47 66
64 24
52 13
96 43
37 37
92 9
55 64
92 4
46 75
18 21
11 60
11 78
41 69
8 3
62 36
51 98
90 18
80 29
43 77
22 43
76 54
93 61
48 72
53 31
51 30
19 77
13 53
6 84
28 56
63 100
76 63
1 43
4 71
1 21
55 31
43 68
75 26
45 66
12 54
8 48
81 44
53 69
78 87
11 81
78 43
97 98
49 46
95 51
14 34
87 74
45 89
81 92
83 37
24 59
26 49
1 23
76 23
16 84
1 1
69 33
37 9
38 89
51 15
39 46
15 85
37 30
25 69
86 58
43 42
51 24
80 72
89 97
97 65
100 28
14 37
39 83
55 22
56 38
69 51
100 44
13 11
15 97
38 71
100 43
55 75
35 2
38 28
73 80
93 93
93 92
51 36
55 29
5 1
39 27
52 61
35 10
60 1
12 72
12 15
71 75
94 41
32 45
71 13
100 20
45 67
8 83
63 57
27 34
26 82
24 98
51 57
9 78
96 72
39 80
87 14
89 63
14 43
19 85
43 36
24 76
15 45
89 80
84 43
98 42
100 84
15 11
56 52
49 34
65 42
77 75
81 77
45 80
31 55
10 91
67 86
100 18
56 32
44 85
87 48
32 78
22 25
46 44
82 57
36 2
69 44
55 82
50 79
17 64
20 93
50 53
32 63
89 18
37 7
34 43
84 25
74 81
35 48
94 9
52 38
66 38
20 13
59 43
48 44
10 56
97 37
65 12
64 82
80 49
57 17
88 76
10 6
56 90
26 94
83 34
11 36
54 3
51 87
51 3
64 90
40 55
86 84
62 77
89 58
91 97
83 77
87 64
18 7
27 19
91 69
73 58
100 100
100 62
68 65
76 21
11 51
14 2
32 81
37 90
81 84
23 65
34 93
44 71
88 40
79 15
20 55
49 29
67 10
74 55
39 66
41 22
81 86
63 6
35 84
21 88
40 56
66 70
80 68
33 51
59 31
84 48
82 90
69 68
16 83
57 61
90 81
84 72
15 80
95 70
40 35
70 90
72 4
48 93
28 3
17 76
26 56
96 54
44 62
7 30
86 15
4 12
33 15
52 73
77 71
55 17
45 35
25 78
76 87
43 56
71 84
71 5
84 94
89 79
9 1
97 94
73 22
61 18
32 56
94 7
81 94
38 93
17 38
52 7
32 40
62 92
95 88
90 95
19 90
71 87
1 76
23 25
1 9
85 84
27 25
68 36
5 59
100 39
2 41
55 65
95 22
78 31
100 71
63 32
15 81
72 78
3 69
58 15
95 32
20 59
38 80
70 11
40 81
59 96
90 91
5 2
2 32
48 38
44 58
73 3
24 53
39 65
71 25
43 70
49 91
28 75
22 69
88 75
79 54
24 92
51 17
79 79
63 16
78 56
33 90
5 89
99 37
72 56
32 47
58 8
46 34
75 81
71 77
39 98
27 35
49 55
88 89
19 76
48 80
70 45
94 84
95 39
100 90
4 93
28 58
72 42
50 52
65 57
21 30
79 12
43 95
81 41
18 78
94 38
58 48
70 17
52 66
29 37
81 82
45 79
100 7
79 73
88 77
43 7
2 2
5 39
69 81
66 80
11 74
9 39
74 89
14 38
65 35
97 96
53 92
37 56
72 28
15 5
62 17
59 69
47 18
100 72
64 15
38 13
36 61
54 22
84 80
4 7
65 83
83 84
32 84
50 92
86 30
14 14
34 36
34 13
33 47
37 50
83 7
50 56
48 68
44 53
79 94
89 35
50 49
74 17
71 53
64 48
9 85
46 26
10 24
72 60
3 5
76 95
11 95
35 96
89 27
85 8
27 90
21 14
20 48
62 26
18 77
58 60
41 77
37 8
42 29
24 28
94 35
52 92
31 80
5 94
20 35
29 58
73 99
74 25
68 27
46 5
50 3
84 28
72 45
48 56
74 58
97 11
88 47
10 1
53 12
66 89
87 43
97 82
64 29
63 74
24 21
27 6
73 71
95 52
62 49
69 18
90 58
2 22
33 26
12 99
1 7
21 89
9 18
59 49
52 32
42 6
98 30
53 64
46 1
14 68
65 33
47 15
82 76
99 7
56 53
52 72
43 61
78 18
65 66
97 99
10 77
76 1
17 45
47 17
45 56
15 88
59 58
3 100
43 75
57 87
92 42
57 30
14 27
6 75
65 50
23 83
47 48
91 90
64 74
21 100
65 8
91 54
3 58
4 76
5 50
39 74
99 49
19 88
17 9
86 70
13 71
87 18
31 35
5 38
64 47
12 55
11 2
75 59
7 37
49 86
49 66
82 19
55 25
45 57
78 13
96 77
54 51
67 96
81 49
91 8
18 40
7 60
90 9
78 90
76 77
96 97
12 22
14 59
17 54
25 76
22 95
6 47
8 39
16 47
88 83
28 60
15 18
43 79
99 58
28 6
4 82
90 79
28 5
74 16
15 44
10 45
35 31
28 79
51 92
61 22
77 1
84 58
25 14
72 73
28 15
41 97
47 88
79 27
40 54
17 55
70 16
25 93
3 32
76 9
28 11
54 67
26 34
89 95
49 98
35 88
100 6
14 32
98 15
30 73
26 72
49 5
11 12
10 98
29 88
93 32
100 5
50 25
34 3
2 20
75 9
19 44
56 20
27 43
4 94
55 42
27 70
72 40
7 94
12 36
54 99
83 66
81 45
7 87
49 45
81 52
87 38
19 38
64 10
64 17
16 55
43 58
2 26
80 46
45 94
32 8
76 99
66 73
34 94
96 52
32 95
56 96
86 55
88 41
75 73
6 52
7 16
94 5
30 61
54 41
56 76
39 71
22 10
64 80
11 98
95 29
60 56
90 82
3 54
15 83
75 85
8 63
92 16
81 22
35 22
26 40
5 57
89 85
72 37
57 18
4 24
74 91
15 53
49 88
74 14
92 14
84 70
90 5
92 3
56 54
23 74
89 91
22 92
81 43
57 39
74 52
80 44
7 72
92 81
16 52
5 15
35 60
90 41
45 52
93 76
46 63
31 59
67 42
72 41
54 10
82 69
24 63
99 66
33 8
37 14
8 84
75 60
22 49
69 78
92 77
87 45
65 5
88 51
42 84
33 76
23 7
8 21
62 14
47 23
62 3
16 18
4 47
37 63
66 32
89 29
85 31
72 76
58 74
44 27
87 94
70 58
100 41
31 91
18 87
11 55
39 58
18 17
87 24
16 98
30 32
61 9
57 84
12 43
93 72
64 42
36 52
15 65
50 51
92 65
84 74
87 58
58 59
44 13
53 10
10 88
78 42
57 97
95 45
91 21
71 68
39 96
88 48
67 50
15 60
95 31
29 24
42 89
66 6
89 43
53 85
42 88
97 39
11 32
6 25
68 81
73 83
7 64
18 67
78 8
58 76
74 33
14 17
29 2
25 90
43 82
53 55
66 83
6 8
28 23
24 46
61 100
96 63
83 93
4 4
57 93
23 23
53 90
41 81
63 65
89 74
80 63
2 68
22 48
100 12
9 63
81 87
68 71
85 65
43 83
69 41
38 84
24 7
21 5
39 19
56 36
16 86
48 32
45 18
49 50
48 88
70 14
31 97
31 77
46 3
25 17
24 56
13 5
9 61
62 61
24 88
5 73
24 62
77 91
95 9
83 44
72 87
31 40
35 78
75 14
61 93
60 16
44 93
7 44
65 90
28 95
61 24
32 32
18 37
14 99
8 36
14 8
52 5
19 70
98 98
27 8
6 19
14 4
88 32
94 77
64 43
6 64
59 32
88 54
19 2
19 92
96 83
92 55
48 51
99 60
89 59
88 7
31 43
19 50
32 90
62 57
81 10
94 45
63 71
95 19
51 71
70 3
50 4
82 56
9 83
28 83
99 2
54 64
17 73
27 92
72 53
76 11
26 74
21 87
16 79
34 40
35 1
10 14
45 9
51 29
93 75
69 35
21 75
62 6
78 23
70 95
87 27
85 29
99 41
98 71
98 99
15 63
48 86
25 40
69 76
46 82
100 78
40 19
4 10
40 64
43 46
83 11
26 18
9 47
61 41
44 68
75 75
46 9
96 10
10 47
52 24
28 46
40 21
91 26
90 12
56 33
3 8
21 55
92 47
66 30
60 24
2 100
12 78
68 84
34 19
5 80
80 1
91 52
53 11
85 14
100 86
17 94
18 15
66 67
18 39
72 13
15 57
63 48
30 86
58 27
10 59
30 25
92 36
22 93
19 9
3 65
30 19
74 98
66 37
69 49
66 88
99 89
40 17
35 36
26 98
22 37
53 71
78 82
7 53
39 38
63 43
23 22
38 51
38 61
98 53
46 25
96 68
22 6
72 27
23 79
21 82
22 84
19 31
89 46
20 24
80 42
64 49
33 73
63 27
4 68
83 52
83 23
62 79
82 3
98 31
83 43
46 78
4 95
25 50
83 27
3 33
12 70
5 33
64 34
86 41
75 57
23 93
98 86
41 3
74 35
16 65
70 29
53 30
63 8
57 31
24 80
82 41
69 57
24 29
22 28
22 74
92 68
97 68
46 7
52 41
27 41
26 76
35 27
5 25
34 85
25 48
80 2
90 29
1 85
86 32
37 78
13 82
15 75
48 18
87 65
29 68
72 35
26 32
19 48
80 51
57 33
75 21
65 7
75 11
95 72
65 86
29 71
4 2
30 22
80 25
80 54
68 17
86 51
43 71
41 25
18 32
33 100
6 81
64 2
11 19
29 77
70 32
61 63
71 45
89 72
74 71
40 52
81 33
49 17
65 47
47 16
60 13
57 52
12 46
78 83
6 30
66 56
47 2
69 13
2 75
28 88
4 61
87 93
75 12
93 68
93 23
42 13
93 20
52 51
15 46
80 65
64 91
57 32
81 37
43 67
31 10
56 72
83 70
48 28
4 1
31 14
55 61
61 49
1 4
7 69
8 92
35 38
23 100
65 56
41 23
39 61
46 83
29 49
28 62
60 94
44 59
52 54
63 26
44 76
82 87
34 58
38 5
22 38
6 36
41 54
32 59
15 34
42 34
28 72
21 43
