1328
61 56
30 27
25 88
95 57
62 21
25 9
20 19
11 39
32 24
70 23
39 36
34 37
99 31
51 74
77 94
16 22
13 88
72 65
79 36
89 67
16 72
48 35
67 44
82 88
39 24
27 100
23 91
17 76
1 97
44 74
12 12
40 70
7 60
88 75
12 79
64 75
57 94
12 19
59 57
27 28
84 55
21 14
97 33
88 42
67 32
51 78
71 10
84 91
74 88
65 50
95 35
15 31
70 11
62 6
59 63
43 66
74 44
61 58
37 82
74 41
67 62
94 49
20 24
27 55
11 87
13 10
22 27
81 86
18 46
54 86
49 76
35 55
6 31
50 52
13 60
21 19
42 23
88 57
49 33
86 18
20 98
93 38
49 36
94 33
81 44
47 11
67 3
25 95
32 2
81 69
87 59
97 82
35 38
88 53
43 60
100 97
6 24
38 91
2 98
38 83
7 45
82 41
7 50
44 98
51 92
4 68
51 11
54 17
87 65
30 92
81 9
82 34
41 67
32 39
82 11
11 68
17 11
21 94
96 26
52 71
97 63
85 70
6 5
95 29
84 97
70 6
96 16
5 76
55 36
98 21
95 95
78 1
35 28
2 46
46 29
4 84
90 97
31 89
22 48
1 15
16 55
61 63
2 75
30 75
90 10
49 9
22 91
4 79
57 60
8 77
68 81
95 89
78 49
75 43
19 61
92 88
62 63
32 63
20 77
29 78
22 63
95 72
58 41
47 41
55 73
62 44
15 25
93 2
89 12
31 82
12 15
61 34
54 73
62 56
26 17
73 54
92 95
11 1
63 23
69 32
56 20
39 92
8 16
75 87
6 93
17 87
99 76
15 4
58 89
37 15
11 8
64 37
71 75
99 29
66 1
63 63
34 26
32 70
33 40
43 52
1 70
9 58
79 35
10 80
50 12
8 50
37 24
49 39
21 42
50 11
37 86
73 88
79 43
3 48
71 66
75 64
47 35
13 36
12 83
9 76
70 18
98 47
13 90
96 36
13 83
38 89
19 50
12 7
74 91
34 100
68 38
24 69
3 99
50 5
40 86
47 8
79 88
16 98
75 5
8 81
93 83
50 64
55 29
9 45
50 31
8 43
24 54
27 90
70 42
28 6
14 78
27 50
22 88
27 86
11 43
17 57
93 37
65 16
31 75
19 93
45 56
9 9
84 67
93 32
15 75
24 92
28 38
10 6
95 50
46 6
57 62
7 84
64 53
40 49
56 4
81 1
13 44
43 83
25 93
78 2
35 45
59 20
91 59
67 42
98 62
87 45
64 8
97 41
61 67
76 60
51 96
59 4
17 49
33 49
66 60
68 80
29 22
82 36
1 40
29 21
83 95
37 10
3 80
85 28
32 28
5 34
89 10
44 24
100 48
12 63
37 50
14 98
57 79
12 17
83 36
1 76
41 37
27 52
51 2
74 76
85 83
32 30
36 4
97 43
77 51
97 97
62 37
71 87
25 18
1 47
13 27
29 34
47 87
13 68
7 27
25 3
5 88
6 73
69 41
28 2
13 97
34 11
98 72
73 9
59 60
96 30
60 13
11 66
48 37
61 50
81 92
14 2
15 14
56 90
31 56
45 70
67 59
99 100
4 93
1 11
39 12
66 93
66 53
32 33
67 50
28 74
59 40
19 1
39 28
49 75
96 46
19 87
83 63
61 47
59 32
61 24
79 73
93 52
27 77
67 39
5 33
82 100
62 96
100 100
59 70
20 12
1 46
28 56
97 84
28 44
62 69
31 10
58 47
82 76
94 41
55 25
97 68
79 33
53 33
38 85
20 78
74 3
86 52
17 79
7 97
58 74
87 64
46 61
70 94
42 93
1 35
16 41
95 21
36 59
25 26
2 33
70 58
55 18
79 46
23 34
10 46
61 49
2 69
75 23
39 9
38 1
63 89
63 90
13 80
88 11
69 10
28 52
74 97
67 40
50 50
56 42
26 34
40 46
99 84
44 56
39 20
59 11
95 69
49 98
12 4
90 5
22 71
68 64
3 26
83 45
25 1
83 100
58 76
32 84
37 81
93 60
28 73
67 51
45 98
2 6
61 57
99 48
92 1
48 59
3 63
45 41
29 66
28 57
21 71
30 38
93 95
18 77
21 27
25 85
70 17
55 99
8 46
73 10
12 32
87 8
55 79
23 59
9 95
89 96
57 21
4 11
7 16
87 28
4 70
18 67
52 50
12 94
73 71
25 5
56 64
49 53
89 66
22 1
1 64
93 8
63 82
24 46
7 72
94 42
78 67
30 42
59 76
6 34
71 16
47 45
36 69
8 82
7 12
75 99
76 79
95 47
100 53
36 63
43 7
65 51
14 46
66 49
68 91
21 49
95 58
18 83
73 20
41 17
45 45
4 95
27 62
62 42
77 88
47 4
22 52
37 43
29 67
72 100
40 80
30 49
18 22
48 36
59 6
66 95
48 100
81 17
79 9
86 69
43 50
73 36
29 1
76 93
10 14
10 97
28 91
97 69
85 65
66 59
60 24
69 83
14 55
100 51
99 45
2 39
82 63
29 43
26 76
84 14
26 31
60 49
55 45
59 9
87 89
57 7
89 30
31 76
31 91
25 90
92 65
16 97
81 78
78 30
77 10
54 61
2 18
26 25
81 50
75 84
41 65
98 86
64 63
93 82
83 57
96 94
74 100
32 67
34 5
90 29
48 32
79 84
56 59
77 85
51 76
66 24
41 40
77 86
89 20
53 47
11 11
40 51
57 91
86 70
7 51
92 58
80 60
44 41
28 29
65 17
8 36
40 19
27 92
58 73
71 81
5 4
54 45
38 57
60 68
84 1
53 27
44 70
36 70
48 13
7 4
9 92
93 39
43 71
75 75
33 68
33 72
17 67
49 20
25 30
79 50
68 16
87 77
40 69
63 4
28 71
35 88
36 58
69 74
8 91
16 31
67 48
88 81
59 43
8 58
62 10
90 68
99 91
87 55
75 57
46 69
44 96
96 20
17 77
38 96
7 87
67 1
1 29
28 83
9 52
50 66
20 61
76 14
35 36
37 91
29 31
89 18
13 32
78 78
63 3
74 92
43 82
50 58
8 92
100 78
89 73
75 16
84 76
55 58
28 31
45 60
81 5
97 85
19 39
68 17
15 72
76 7
38 81
99 41
12 49
4 88
42 34
8 14
78 55
36 28
66 5
1 80
23 33
17 26
21 44
74 10
98 56
3 16
73 99
95 67
58 7
29 26
39 6
2 5
25 41
36 64
54 92
3 86
83 79
36 51
51 94
41 25
22 53
94 21
49 69
78 23
22 44
21 11
53 77
3 74
76 99
80 61
51 93
65 22
34 23
66 32
27 23
67 53
60 59
61 81
37 17
61 95
91 3
75 72
49 26
81 67
15 63
7 3
63 38
96 57
66 35
51 81
17 23
88 55
79 5
60 48
23 69
25 78
81 46
77 75
33 59
71 2
86 16
94 96
76 29
13 81
89 28
97 21
59 52
75 68
74 86
98 44
4 12
46 91
66 54
31 37
27 67
64 20
98 64
94 76
61 83
21 25
18 48
91 45
12 48
43 75
2 44
86 26
34 45
60 45
75 59
25 33
32 22
3 47
65 95
79 54
48 26
14 66
24 73
85 54
43 47
63 81
68 60
26 65
7 52
17 38
93 92
14 18
76 59
72 18
81 82
55 64
77 84
23 50
61 7
6 44
35 30
15 54
36 85
61 25
92 19
88 82
56 70
56 38
47 88
15 45
2 37
53 76
84 81
42 89
50 29
24 14
93 17
17 83
53 10
80 74
47 46
63 2
60 42
49 82
82 23
7 21
38 28
77 8
49 22
97 95
27 39
32 1
83 69
17 52
62 88
74 8
93 98
57 27
63 20
12 10
94 64
53 66
66 39
7 31
88 66
53 51
90 20
36 32
17 88
8 59
88 18
78 20
18 27
40 1
26 71
7 57
92 50
87 25
31 66
85 49
40 22
62 71
80 38
97 29
86 6
83 31
69 34
41 24
10 78
36 100
34 13
95 9
17 6
21 76
80 84
29 81
83 16
28 82
98 1
10 37
71 63
61 26
100 39
84 59
29 25
87 82
89 51
80 83
73 7
22 18
83 15
10 12
95 74
20 3
47 10
71 37
70 87
19 66
52 87
4 73
17 28
41 55
22 9
72 77
27 91
7 58
70 28
10 65
47 97
76 66
91 68
63 58
53 75
10 9
56 89
16 59
26 29
55 48
59 35
27 59
46 24
69 3
83 83
47 26
96 84
9 11
79 2
39 26
84 29
52 36
76 34
58 21
97 92
87 24
3 25
47 43
13 29
54 9
5 2
38 2
49 34
26 90
97 66
57 87
57 66
48 39
7 22
55 59
75 19
51 90
31 40
76 33
14 24
61 9
26 40
97 11
84 94
25 4
43 80
9 97
97 80
64 30
63 35
98 26
53 78
87 87
20 30
69 12
92 45
72 4
28 5
82 56
59 72
62 84
99 27
26 57
28 49
65 42
58 30
45 24
20 86
58 53
15 2
84 19
47 42
80 2
50 22
71 97
44 52
55 90
30 1
4 90
85 21
84 52
20 64
86 54
23 100
42 80
98 60
79 51
19 64
96 6
28 26
67 91
87 6
21 90
96 53
77 62
96 44
90 12
74 37
76 86
88 94
23 58
32 86
91 82
83 49
62 38
15 37
53 81
62 15
92 57
25 57
49 8
49 51
77 33
69 22
35 19
58 40
94 10
61 70
10 32
46 56
45 78
38 93
78 60
19 8
100 32
84 63
25 35
6 62
46 58
54 25
41 54
65 94
36 42
37 88
96 29
62 17
65 9
82 45
14 30
73 98
77 12
63 56
92 13
23 87
50 96
12 23
18 52
87 90
86 37
81 25
28 89
99 11
41 49
38 31
98 27
18 15
61 20
90 61
66 68
69 57
36 1
75 65
11 71
16 70
59 92
15 47
73 39
7 94
6 91
85 74
64 11
63 32
50 75
20 11
21 7
57 47
58 59
46 38
64 22
70 47
31 93
51 24
77 37
7 35
17 29
49 32
9 82
23 6
14 12
25 89
55 39
18 1
2 99
18 41
10 5
36 22
91 95
73 46
56 62
2 85
64 64
73 73
24 57
20 73
29 87
92 39
56 81
73 97
63 9
63 73
96 79
60 87
9 77
74 22
47 81
22 24
20 62
52 98
36 3
34 27
65 78
91 52
54 93
16 66
79 1
95 46
17 50
27 19
76 94
73 17
6 85
32 15
16 57
89 83
71 83
93 34
1 93
68 65
73 94
63 66
32 71
15 30
90 89
72 99
27 42
59 5
5 80
41 73
33 27
38 61
15 13
29 80
60 89
10 52
5 64
31 85
26 20
5 75
82 10
51 49
35 48
40 47
53 68
3 91
9 12
21 10
29 42
23 9
82 33
40 9
86 66
48 24
21 92
82 26
86 83
40 14
70 44
78 3
85 8
12 64
8 69
21 6
36 34
78 72
91 93
100 19
98 97
94 26
100 56
1 87
67 20
16 21
30 72
61 99
40 31
98 23
56 65
50 90
86 80
87 14
48 62
75 89
75 94
98 17
82 61
16 96
79 72
91 94
9 10
96 86
66 4
26 78
58 66
42 61
66 16
30 70
52 88
30 16
2 54
49 64
64 36
1 3
72 1
90 69
73 25
79 25
93 68
51 4
21 68
58 2
67 28
49 56
61 69
77 29
21 21
30 43
95 17
31 79
50 99
46 44
91 50
46 63
29 98
42 38
99 21
96 81
75 61
78 87
1 99
92 61
27 87
43 77
77 18
99 72
91 21
23 31
88 9
88 12
66 20
89 7
4 5
61 36
8 26
19 67
62 65
36 55
88 35
96 58
16 43
43 42
79 3
17 37
19 73
28 42
96 72
86 24
81 57
65 90
39 19
73 52
65 76
91 84
40 15
13 15
46 70
96 31
38 19
47 62
83 32
54 70
19 90
58 71
