1983
64 34
66 26
79 15
79 74
54 58
10 75
63 92
98 71
82 54
60 21
67 80
20 22
66 53
17 80
7 36
90 23
62 12
48 20
54 61
84 27
50 60
81 78
76 28
8 57
80 27
77 45
23 47
94 63
46 13
74 30
30 96
31 47
91 48
22 16
12 11
96 90
45 52
92 19
49 98
43 96
15 49
20 58
17 41
9 64
16 42
92 70
64 25
25 90
93 72
7 87
74 57
70 34
31 79
85 51
96 70
79 19
89 28
26 28
31 33
49 96
76 27
63 34
21 2
34 9
52 14
64 86
32 58
43 86
79 92
40 52
69 97
3 33
42 68
72 12
43 77
89 57
20 28
67 20
14 100
93 42
43 55
81 39
87 89
49 54
77 33
65 76
36 90
76 40
16 46
82 24
74 31
10 55
4 46
74 7
29 46
92 86
51 67
32 34
73 35
73 22
92 97
77 27
86 19
35 16
17 34
6 34
44 76
36 57
4 71
30 10
30 53
91 76
77 69
71 95
46 90
33 54
2 70
62 6
49 75
1 81
21 10
9 28
45 11
24 4
78 53
87 8
94 68
97 28
84 20
22 41
83 85
56 73
89 73
64 2
16 84
74 94
90 65
83 55
24 87
44 53
53 87
67 23
91 57
85 58
24 46
8 91
10 25
30 57
66 6
22 55
11 70
25 27
11 76
51 48
68 6
52 95
7 9
31 15
69 58
30 82
35 69
31 90
22 100
41 30
11 13
19 55
50 29
58 51
66 11
39 20
61 79
50 51
56 16
54 11
35 86
10 30
95 1
74 84
22 92
52 72
37 53
75 9
29 83
54 39
42 84
8 36
89 55
67 3
91 74
62 31
80 2
71 31
9 81
81 51
65 55
90 73
21 29
63 68
19 89
17 22
92 15
24 82
95 73
53 60
48 67
24 76
56 41
62 3
32 66
48 25
67 92
68 29
19 2
53 63
29 48
21 99
21 80
28 92
32 26
21 55
3 40
85 27
54 85
44 3
14 70
72 36
87 22
66 56
10 2
46 6
96 33
47 32
75 40
63 46
62 86
18 54
83 69
22 21
28 4
55 62
88 65
21 49
37 97
30 23
67 2
19 64
8 88
54 77
7 99
15 73
11 97
54 22
84 7
57 34
13 83
44 36
66 79
52 88
96 93
97 63
74 6
84 8
58 23
67 69
46 59
33 82
97 18
38 54
38 94
6 85
31 88
73 13
66 28
84 15
74 53
81 40
11 4
84 1
7 44
78 51
42 52
40 26
45 17
80 69
11 30
81 11
65 86
78 86
34 5
6 23
99 66
45 68
6 40
97 47
51 59
62 24
30 64
28 58
92 87
67 97
73 96
68 72
11 89
50 24
22 79
6 54
43 71
44 33
75 1
60 93
7 57
10 74
93 7
15 84
3 96
19 33
30 93
40 69
4 2
79 22
16 39
4 80
62 53
69 63
83 5
59 93
92 64
26 79
97 78
97 81
77 39
2 52
76 49
42 72
7 19
47 59
9 87
87 55
15 41
21 37
60 99
56 34
81 28
87 56
4 13
62 41
79 31
80 56
40 8
81 68
76 44
59 50
75 87
67 65
69 90
21 51
25 6
5 11
40 18
70 16
63 49
78 48
97 42
98 90
73 80
25 100
14 41
54 44
47 54
86 12
96 15
31 20
36 17
77 77
69 75
16 43
66 38
85 97
23 96
68 95
14 10
58 1
15 51
39 82
33 49
68 76
100 33
51 73
7 39
94 10
58 63
78 28
32 20
81 20
87 47
14 18
39 35
86 7
64 10
57 61
44 4
75 85
26 38
78 47
48 26
27 22
75 92
49 28
17 16
8 50
83 63
99 19
89 37
36 98
70 65
9 34
20 100
48 56
18 95
46 80
4 27
48 5
80 3
81 65
10 35
50 85
79 88
4 14
82 13
41 79
76 52
74 69
84 96
83 98
23 7
48 52
16 70
45 55
77 51
85 88
78 25
52 90
15 65
5 10
68 42
27 62
83 26
96 49
91 96
34 71
15 71
92 54
42 56
40 67
23 31
94 26
11 5
44 41
14 69
64 98
80 48
87 31
99 9
3 98
12 30
92 60
70 70
55 77
20 77
46 11
35 14
11 15
60 7
5 52
75 58
28 93
84 73
45 73
4 18
97 27
28 77
89 72
27 85
27 60
60 1
14 30
25 96
18 63
82 17
63 79
56 49
10 79
11 80
80 58
61 9
83 76
15 98
62 32
87 43
67 64
27 24
38 99
9 69
63 100
74 15
12 3
93 24
52 96
99 95
29 30
27 95
37 18
5 100
54 74
84 22
75 21
75 8
42 37
81 55
12 5
48 69
44 21
70 56
91 28
80 88
34 87
24 91
21 28
87 97
18 15
5 24
52 56
78 10
14 51
42 32
18 79
61 46
8 49
18 21
24 63
67 81
41 64
5 35
66 5
49 84
93 50
99 87
59 96
84 47
1 19
43 57
14 7
38 6
60 18
56 5
29 86
40 99
12 22
6 47
15 78
96 48
36 51
32 52
2 56
28 9
72 41
85 20
30 78
19 47
86 46
100 16
19 24
83 19
14 71
78 55
76 73
2 26
13 18
65 17
36 88
23 10
71 34
71 66
39 89
2 5
11 16
2 58
11 91
17 65
91 3
2 15
19 99
94 24
88 75
46 43
60 92
89 91
84 40
4 41
73 97
69 40
14 15
87 48
10 13
56 21
25 11
51 49
56 64
2 68
84 68
71 42
79 17
64 59
75 52
91 55
41 47
55 95
53 36
89 74
66 97
64 6
6 100
82 64
50 4
28 48
27 66
30 16
79 66
96 19
75 61
98 46
53 57
27 11
53 70
9 46
45 70
55 72
81 29
62 10
68 7
73 70
35 4
83 17
2 73
87 74
44 66
88 30
47 34
92 80
49 6
16 98
17 73
31 35
24 64
82 42
43 89
55 68
47 57
13 82
99 33
86 56
6 93
7 11
20 68
14 11
17 13
54 82
83 8
93 46
63 83
17 26
86 17
88 56
72 56
15 19
4 22
26 51
57 67
45 82
58 59
90 66
14 27
78 81
42 17
31 58
48 28
46 41
23 94
30 77
69 41
16 91
42 71
32 85
70 77
75 76
79 76
28 33
39 78
69 3
68 10
82 30
94 82
17 66
24 6
48 84
36 53
16 7
13 23
43 42
29 7
66 61
82 98
85 1
76 68
10 48
21 4
64 83
56 78
47 42
26 17
39 85
64 7
22 24
74 71
65 94
19 68
95 5
96 69
57 42
57 28
98 92
73 98
97 24
84 30
23 45
83 29
96 9
3 55
6 73
47 14
44 59
13 71
65 28
41 23
96 72
90 51
74 96
75 11
90 10
23 87
64 72
17 53
44 17
71 19
38 83
55 85
32 37
44 12
11 44
18 38
40 46
28 25
20 40
50 19
85 38
37 100
1 36
11 75
51 75
60 47
76 54
83 62
57 69
54 40
96 28
7 47
100 43
53 9
79 56
48 16
9 32
66 55
1 9
77 98
4 61
34 43
34 12
23 72
78 70
60 27
49 50
25 70
2 14
57 24
46 27
45 18
54 63
85 68
24 80
93 69
27 99
42 4
73 50
77 74
72 33
42 51
92 83
13 29
98 7
44 11
9 1
52 62
66 75
44 77
17 84
77 8
53 64
13 79
63 41
25 56
18 12
12 73
82 5
24 50
86 98
75 10
100 70
14 85
47 18
26 20
76 20
62 54
27 87
21 8
67 19
46 26
3 36
88 60
44 87
57 73
35 59
58 7
40 38
75 96
7 13
100 59
20 8
56 99
56 100
73 4
32 92
23 9
36 64
73 26
8 80
17 38
97 22
29 18
61 28
97 20
93 99
15 92
42 53
25 86
17 2
65 58
11 20
53 51
1 61
78 36
41 3
51 8
10 52
66 96
20 2
86 58
2 93
56 50
96 66
96 18
87 39
46 24
84 2
94 11
99 68
66 85
31 98
32 14
68 23
24 47
78 56
28 38
26 10
58 56
32 3
70 91
17 14
75 32
12 85
30 94
98 3
67 98
33 12
60 46
48 53
30 76
42 91
1 75
38 70
54 31
63 51
29 3
85 61
41 31
25 49
26 13
57 49
99 88
42 48
23 58
96 57
26 72
2 53
62 51
41 56
83 72
11 1
90 53
93 61
92 67
50 39
29 42
45 69
42 30
100 7
48 86
88 4
35 60
22 67
59 60
20 37
97 35
79 34
55 41
78 42
6 38
58 24
53 86
24 44
11 92
78 74
39 73
73 15
97 91
72 7
22 14
75 22
21 71
26 49
91 88
6 76
92 27
80 34
81 96
91 72
18 90
24 86
35 65
26 76
37 69
57 80
34 50
15 61
41 75
80 87
53 20
40 95
52 97
73 39
6 5
16 71
28 2
79 85
4 1
61 40
28 78
55 2
96 25
88 74
65 50
15 76
16 2
52 4
19 7
18 97
68 41
89 33
8 73
32 72
62 98
18 87
44 64
2 55
85 8
89 14
62 1
94 31
29 81
59 81
34 48
17 93
14 86
19 8
31 80
90 16
15 6
62 56
1 12
43 25
96 71
24 61
81 98
23 20
5 20
21 53
16 78
38 55
61 91
21 46
99 40
75 47
11 33
7 46
99 18
55 46
47 93
34 58
47 94
43 79
13 43
21 73
65 62
41 12
59 95
14 94
95 91
13 64
78 20
87 25
31 37
38 25
32 36
96 83
63 6
6 66
5 67
60 62
73 20
5 9
75 46
23 93
42 76
38 53
2 97
1 1
75 7
42 74
59 42
77 65
53 46
72 44
2 36
27 80
88 31
80 66
37 50
79 75
54 45
89 41
89 88
94 73
30 52
13 42
2 41
51 45
7 1
94 99
4 68
51 41
25 42
65 71
51 98
34 82
76 100
26 67
55 100
45 46
65 24
78 15
25 40
7 98
52 19
53 30
73 8
28 7
10 5
75 68
76 89
4 77
71 45
24 42
20 75
55 42
96 75
10 14
86 20
34 55
81 63
83 15
17 89
82 21
84 59
37 20
76 11
41 81
32 27
38 36
96 12
34 2
39 88
38 1
100 15
78 68
87 83
69 29
79 58
19 73
73 11
72 32
63 93
86 57
76 86
87 71
97 51
69 72
27 71
73 71
13 50
77 25
37 83
55 92
63 55
70 32
69 64
44 22
66 21
23 39
33 85
46 37
85 19
67 93
30 81
7 17
69 21
12 92
60 58
17 9
49 83
61 4
21 66
33 83
58 38
5 17
90 54
79 6
72 10
44 1
56 68
39 4
10 56
26 97
25 61
19 45
20 43
51 79
72 37
45 8
39 1
84 94
46 88
15 100
57 100
100 64
11 23
16 32
38 29
28 82
82 35
86 63
43 93
57 35
91 25
69 2
82 12
71 24
34 44
87 14
93 89
100 11
90 63
17 82
21 91
10 70
43 67
83 88
52 53
45 19
5 83
29 95
45 4
77 49
7 8
9 51
93 51
86 67
93 83
80 79
29 22
7 7
83 80
48 17
4 29
27 43
32 76
89 87
34 54
29 100
83 14
86 26
14 40
71 30
56 7
51 30
28 14
39 3
26 91
31 77
79 1
30 47
53 22
49 91
91 36
98 45
40 59
13 19
49 5
93 93
38 74
8 8
73 38
22 31
26 33
43 50
25 39
47 21
73 24
45 90
44 57
87 67
12 64
10 62
100 98
74 4
31 2
41 83
21 78
58 22
31 89
30 20
80 80
6 75
75 13
15 34
67 8
76 78
5 65
26 44
97 13
84 4
2 99
53 24
77 59
97 89
40 22
64 61
98 70
20 67
70 55
52 21
69 32
79 14
12 81
96 35
2 78
25 7
22 80
63 91
96 23
8 78
100 4
84 31
28 97
63 37
50 86
72 5
95 33
8 28
50 55
39 64
26 81
54 19
56 44
6 71
97 14
100 73
98 17
3 34
8 55
41 85
44 50
33 79
67 74
43 63
42 23
78 30
65 6
75 62
50 42
72 96
41 38
76 47
79 13
69 80
75 45
86 15
50 62
64 15
17 72
51 80
56 37
29 71
99 64
95 96
9 6
83 28
86 90
60 100
70 29
51 57
55 1
80 89
4 54
46 73
18 77
88 32
68 35
73 56
35 30
60 49
79 73
99 92
10 31
99 85
90 34
37 67
88 41
22 73
97 15
6 1
65 49
33 34
81 47
19 27
57 99
66 30
30 59
85 28
71 41
22 71
50 67
83 90
70 83
9 54
84 14
63 4
66 57
31 1
79 61
71 1
73 93
7 6
53 84
95 23
95 47
24 92
51 84
22 9
58 16
44 93
95 72
74 19
33 63
92 99
7 22
37 73
51 42
68 27
77 91
47 65
85 84
76 56
71 56
97 68
58 27
49 61
74 20
68 9
68 69
82 93
62 4
74 66
99 14
94 6
78 3
23 50
20 66
89 43
97 92
44 2
85 12
33 93
77 28
54 10
33 21
52 70
23 25
84 71
34 74
24 41
1 34
88 33
22 10
45 84
18 84
76 95
35 98
75 100
95 35
98 53
24 49
39 99
26 8
87 23
89 24
90 15
45 1
2 85
30 80
32 75
13 93
12 66
52 39
67 91
75 84
14 58
84 28
36 26
49 51
64 56
39 53
89 35
26 95
74 32
98 41
17 59
95 52
71 91
68 75
12 39
47 63
93 2
49 53
91 26
41 15
82 27
73 33
75 80
90 49
68 83
14 60
49 23
54 2
8 44
98 40
2 37
25 51
71 98
73 36
99 100
75 82
33 91
95 32
11 56
44 15
44 16
10 27
7 49
8 64
40 68
56 96
86 93
80 77
19 69
12 33
65 96
90 36
35 53
61 24
83 16
32 41
94 55
56 81
58 94
56 8
93 26
55 49
83 42
97 17
62 92
93 70
23 71
51 56
77 79
76 67
97 66
17 94
52 99
13 99
62 80
54 25
29 63
31 39
44 85
18 35
35 95
68 25
84 60
86 37
46 9
21 79
41 74
54 9
99 75
75 38
82 57
73 100
63 32
46 91
31 84
99 60
45 66
20 34
100 23
51 22
28 60
38 92
22 88
74 74
38 23
70 11
18 53
15 48
39 79
57 1
70 4
88 14
90 21
92 10
32 38
44 95
18 51
8 27
63 10
69 76
74 3
48 13
96 13
18 23
58 60
55 24
10 78
100 2
98 32
58 3
15 55
11 19
42 9
18 31
77 95
25 13
35 48
50 35
61 99
30 44
27 61
32 96
66 42
49 85
47 29
59 2
21 65
72 42
5 32
25 64
58 39
90 18
80 60
11 61
59 83
4 47
17 33
71 82
39 30
20 6
96 2
63 69
91 16
25 10
21 12
81 99
13 87
57 92
70 18
74 29
8 19
67 68
63 43
70 84
3 10
33 46
91 31
80 46
46 45
2 40
38 26
39 34
74 50
32 90
57 83
72 92
8 38
91 42
80 1
74 92
43 4
46 16
70 99
86 28
68 45
75 73
13 88
80 5
17 60
33 47
95 66
42 36
37 80
77 90
46 63
15 64
36 20
73 40
11 26
97 12
32 89
63 67
69 22
95 50
58 52
29 52
75 20
64 33
97 33
100 12
36 82
33 60
56 56
83 20
30 49
40 6
66 25
33 30
44 97
47 72
68 68
34 3
12 12
61 94
2 34
68 16
100 17
37 9
16 14
57 8
70 30
48 41
38 43
34 29
66 36
9 43
23 29
21 17
67 83
26 66
4 96
75 36
94 21
59 71
43 76
72 77
88 57
71 71
34 62
5 31
90 83
10 29
79 65
40 2
51 12
98 57
68 38
9 10
10 34
98 60
42 46
80 71
96 62
7 23
31 59
45 50
53 15
66 23
6 33
32 82
30 2
71 14
94 100
53 31
24 34
57 53
54 53
26 61
25 29
80 30
16 47
2 94
24 70
30 40
2 11
21 5
61 58
26 21
42 81
56 26
3 48
26 48
15 86
4 58
35 68
23 14
3 72
14 26
71 55
80 68
41 29
73 62
100 58
10 99
58 75
48 81
77 48
54 62
78 87
16 64
24 35
52 46
66 7
13 55
20 94
93 98
87 38
76 22
99 24
77 81
80 45
99 99
4 48
88 1
64 63
55 3
61 39
18 98
35 41
7 33
14 65
96 50
53 73
12 14
60 28
28 99
30 46
43 87
99 10
40 70
74 44
73 63
71 25
64 35
81 4
71 52
5 15
35 1
11 46
79 7
6 82
37 42
97 79
37 33
91 11
53 34
95 61
39 10
82 14
42 59
68 22
81 16
2 10
92 16
23 59
10 6
49 74
21 43
58 81
67 6
69 45
20 41
83 6
60 39
51 91
2 74
53 58
59 94
36 14
1 25
54 91
70 23
78 38
50 92
65 99
22 75
6 18
82 11
1 83
33 62
90 69
89 44
36 15
24 33
5 40
59 89
79 11
43 74
51 82
72 93
2 18
89 69
17 1
66 68
99 34
51 86
96 55
8 4
6 86
100 22
18 13
49 4
92 90
62 29
79 97
97 56
87 95
33 14
70 96
39 98
39 29
49 33
77 13
100 88
83 52
33 48
50 13
37 61
6 44
42 49
11 98
22 64
34 37
42 29
96 79
70 53
68 49
41 61
79 4
46 68
50 2
96 34
33 9
60 23
6 68
93 31
74 34
17 87
69 98
56 4
24 21
87 82
8 10
30 34
51 97
82 87
99 86
100 56
28 1
66 12
37 98
14 1
16 55
20 24
60 35
55 7
69 37
61 84
77 71
46 22
1 87
55 44
2 80
14 6
89 25
75 5
64 43
8 17
76 19
13 95
13 100
94 86
63 23
75 72
95 11
69 33
68 92
6 17
67 41
1 69
10 33
92 52
83 91
50 65
9 70
13 72
49 1
93 49
37 17
