1672
81 66
54 92
41 10
19 78
37 4
69 31
24 49
58 85
62 6
59 84
62 99
16 32
27 82
15 1
35 49
43 1
55 72
51 5
1 78
56 54
92 61
67 99
4 27
28 64
69 94
21 27
30 3
100 20
87 39
37 53
43 73
4 68
33 79
34 23
2 29
88 87
60 10
9 39
45 78
88 81
53 85
88 66
43 41
6 9
4 71
98 70
29 32
2 10
3 64
84 26
34 57
6 24
24 52
93 20
34 80
55 24
42 8
4 73
86 96
37 81
59 25
56 84
46 93
12 5
13 95
42 63
91 60
45 23
62 84
8 59
58 31
59 64
50 86
36 87
78 84
53 30
25 95
37 13
10 2
71 52
27 89
35 73
59 61
50 9
3 8
95 81
28 2
55 18
1 5
20 1
95 79
74 53
23 48
13 61
43 67
45 65
82 45
55 22
87 68
15 41
86 48
43 40
42 42
80 19
73 61
72 53
76 92
47 21
36 70
74 71
58 80
8 49
28 11
12 21
36 93
78 66
43 27
75 44
67 2
62 5
50 75
23 99
35 60
57 60
67 76
94 18
62 53
97 96
20 84
69 32
70 76
14 23
17 23
19 68
34 45
82 42
83 6
100 81
73 60
1 36
47 68
40 59
62 68
40 10
85 2
38 29
33 24
74 26
1 56
24 84
24 34
22 65
14 27
38 87
85 15
82 72
63 8
6 35
51 92
21 47
77 9
73 30
26 79
89 88
23 62
46 30
84 34
64 40
12 84
55 59
27 36
21 45
97 81
80 62
80 87
28 98
82 79
55 48
83 66
68 41
96 98
92 67
79 62
2 22
57 1
40 14
78 76
92 18
12 46
54 79
98 90
64 29
99 74
47 98
65 57
63 18
25 48
45 34
93 18
64 99
35 56
19 97
50 13
99 92
86 74
6 68
18 37
71 10
97 28
14 31
85 53
91 19
84 3
71 61
79 14
55 60
100 3
73 58
89 60
38 92
63 39
55 13
96 55
45 91
87 4
15 65
27 90
50 21
100 50
71 91
57 39
37 84
43 99
36 64
60 44
10 37
31 84
86 14
70 8
12 32
11 81
33 41
25 42
50 63
33 58
74 50
73 13
25 52
6 94
75 13
75 62
31 5
96 39
73 98
51 44
38 56
46 96
68 49
98 78
18 97
66 46
5 15
45 83
95 33
77 38
100 62
74 19
28 93
94 97
53 59
39 46
9 26
3 73
84 14
57 19
94 8
86 69
81 22
20 81
18 65
92 47
84 18
26 46
52 50
35 85
36 45
60 21
23 35
95 62
49 40
67 5
79 71
54 29
41 12
88 39
70 98
92 73
87 87
9 37
96 13
32 38
86 61
50 19
11 58
94 19
91 82
19 53
61 16
39 77
85 45
28 65
80 54
31 96
49 30
76 14
36 18
23 4
43 37
43 9
15 42
29 74
56 42
55 51
68 52
21 57
66 29
49 33
76 89
40 50
73 97
42 55
50 16
53 2
57 73
55 89
23 13
96 46
53 9
37 5
41 88
48 24
51 59
25 82
91 71
10 81
29 47
16 1
45 58
14 92
40 47
73 69
53 39
73 11
90 1
39 31
73 26
11 74
45 20
84 11
17 32
78 13
76 60
69 98
49 85
33 4
58 74
61 6
36 100
27 33
58 27
15 90
36 25
70 87
5 26
87 69
83 1
57 47
24 65
88 77
98 62
63 97
10 94
72 33
42 39
69 83
90 56
34 31
62 37
77 35
78 41
84 96
84 51
3 89
94 21
64 71
83 23
71 64
58 29
1 20
81 40
6 97
81 49
24 67
34 54
40 43
4 72
94 64
47 40
43 29
65 63
13 41
11 83
56 18
60 77
19 56
97 91
12 95
85 87
46 19
40 41
89 95
59 42
11 33
17 67
46 90
39 80
5 36
97 13
78 44
11 44
66 55
74 36
31 75
100 30
79 26
8 77
56 96
44 90
67 91
94 54
26 75
76 95
7 44
83 97
62 44
56 53
13 42
24 32
2 55
72 65
13 82
47 16
42 15
27 64
2 82
24 29
49 28
72 66
15 74
86 39
19 71
23 52
61 31
51 36
44 40
6 40
48 52
39 72
36 33
8 21
15 50
88 73
49 1
82 35
14 13
20 36
98 47
90 77
81 95
71 88
93 84
85 58
83 76
53 36
59 77
83 84
38 58
66 61
8 81
74 69
45 51
39 97
55 55
58 70
78 98
88 71
90 80
99 21
86 91
8 16
64 8
100 58
53 43
31 58
67 57
65 28
56 5
75 84
48 61
8 65
16 30
44 59
60 94
9 18
5 39
77 92
46 37
79 42
1 12
46 88
5 53
59 60
39 42
52 67
82 26
65 66
17 49
43 91
6 8
19 19
8 43
40 48
4 41
90 82
16 42
47 50
82 49
10 21
27 80
97 40
50 43
67 88
32 79
36 60
85 51
70 38
100 70
67 37
31 10
60 28
91 50
66 25
33 98
64 73
28 89
92 98
89 83
71 28
84 61
61 36
36 52
52 80
31 31
75 92
19 57
72 20
30 73
83 77
21 20
85 23
60 47
8 55
26 25
86 27
89 56
17 11
81 20
69 43
70 90
15 40
3 34
64 32
15 43
70 73
35 5
14 95
24 48
68 96
52 89
45 31
9 85
21 59
36 86
71 90
29 54
37 66
47 24
49 83
50 85
19 9
87 93
89 14
44 71
14 44
44 97
75 63
46 100
70 27
99 66
87 45
31 68
37 1
59 24
41 65
100 80
81 47
47 69
92 86
53 15
56 37
61 3
12 98
29 22
49 10
95 15
55 40
96 24
65 2
19 1
40 76
24 19
69 68
31 28
30 34
53 28
46 44
37 32
69 81
91 37
67 38
3 87
6 44
27 86
51 51
86 86
97 73
89 48
48 9
92 84
30 91
58 6
92 36
47 76
23 100
89 70
1 14
61 32
44 38
97 7
29 3
95 92
30 22
44 1
4 96
16 20
65 15
93 38
75 72
16 48
5 64
29 99
42 4
19 12
58 35
45 14
29 87
43 90
91 16
14 88
70 42
92 51
98 2
19 62
72 97
13 96
57 10
55 74
74 90
29 1
30 46
81 10
25 94
76 93
63 24
41 31
87 79
29 75
23 11
35 43
75 91
76 85
64 1
23 31
100 85
92 88
81 41
31 35
99 52
51 7
50 91
8 90
19 18
24 7
80 91
93 80
86 23
91 13
18 15
8 85
2 95
43 100
31 93
19 15
16 66
24 1
30 76
57 48
40 73
93 83
65 1
36 11
74 37
79 43
8 40
37 45
73 31
4 92
95 35
81 48
87 61
7 53
48 66
93 91
54 77
80 47
36 42
30 93
90 4
21 19
52 27
76 53
59 57
56 65
50 3
46 59
74 86
39 41
60 56
71 11
100 95
61 53
91 91
56 44
93 71
97 70
16 13
21 44
79 63
77 32
22 55
15 8
65 60
2 17
60 18
85 70
14 1
60 32
86 56
70 21
17 24
61 91
6 26
67 25
83 40
81 64
17 89
46 34
90 38
37 24
14 87
61 61
72 56
27 79
98 96
72 60
57 44
44 11
82 19
33 82
82 59
49 84
17 64
26 74
22 90
19 38
78 86
4 48
40 93
76 11
64 67
66 63
66 48
3 24
28 99
95 34
82 46
99 59
28 36
98 42
1 39
7 87
86 6
69 89
45 3
1 74
92 17
20 68
56 59
29 8
77 95
14 43
86 34
81 44
7 51
37 91
78 21
29 27
2 75
27 71
38 70
78 90
93 79
14 80
36 13
44 48
88 59
3 51
87 24
14 78
48 63
18 87
83 55
2 70
38 76
74 57
11 16
81 99
53 4
34 82
4 44
4 77
81 93
93 49
74 54
29 24
100 46
81 59
42 82
6 5
37 25
14 20
64 85
10 14
74 82
59 15
70 100
88 15
38 11
20 74
58 72
65 17
35 84
1 7
49 9
11 91
16 75
88 41
17 51
47 15
63 70
69 15
37 89
26 42
21 65
44 5
89 44
86 42
78 100
15 100
28 63
30 6
96 60
27 54
84 97
16 80
23 45
90 20
3 29
10 20
61 45
21 54
76 66
21 52
59 91
24 36
27 46
84 76
4 45
19 27
87 94
82 48
72 51
50 76
95 43
39 19
73 41
53 38
36 44
60 69
38 48
70 12
42 58
45 37
59 73
36 71
88 76
13 8
71 19
18 11
66 89
13 73
32 100
64 70
62 74
69 26
6 65
42 68
71 57
85 80
93 58
8 84
40 87
21 97
64 2
31 42
59 47
53 1
53 14
50 24
33 11
53 81
28 34
18 89
72 27
36 98
82 89
29 29
7 83
38 27
73 91
79 17
62 73
27 85
77 3
99 31
5 30
51 21
30 48
10 87
97 45
6 38
42 34
81 74
51 77
76 43
10 11
64 44
12 82
76 58
62 36
62 65
61 65
49 14
39 44
60 55
7 65
60 43
48 67
39 60
4 53
90 14
57 89
28 85
96 37
11 99
75 99
95 25
78 97
41 37
55 96
83 54
96 61
12 36
50 89
23 70
95 31
87 85
83 60
4 6
31 65
1 26
32 32
45 4
23 21
68 4
89 77
34 85
40 27
31 13
43 74
32 16
71 42
65 19
84 49
18 9
95 5
9 81
76 83
64 10
43 23
38 83
22 79
60 58
85 13
51 11
64 37
77 57
77 26
86 21
91 90
8 56
1 1
15 98
32 82
40 1
36 92
59 30
46 49
95 13
62 64
51 89
63 53
27 35
37 55
4 62
87 82
45 71
86 98
73 47
78 7
83 90
15 33
63 2
18 45
61 62
65 69
99 57
39 23
94 33
39 56
96 8
3 21
60 67
92 15
100 35
34 38
36 22
77 45
79 84
61 20
9 8
5 50
89 76
100 4
14 18
72 12
7 30
55 16
87 11
73 6
52 90
11 2
35 35
3 20
23 9
79 28
99 47
7 100
54 25
63 45
26 6
70 63
32 11
72 10
86 81
80 15
65 46
25 91
9 4
50 97
26 40
92 5
88 26
41 22
58 4
8 53
86 97
4 5
99 99
18 54
37 10
25 14
87 91
46 31
40 17
44 37
13 56
37 46
28 3
84 73
44 35
94 52
93 22
66 77
60 19
30 72
57 78
28 29
67 86
94 100
82 7
24 90
11 61
16 34
96 79
12 38
34 78
62 22
67 29
67 36
6 37
56 93
22 48
78 85
33 12
3 59
46 42
39 95
48 65
38 94
24 71
63 81
58 46
64 56
58 24
35 52
51 23
55 44
91 69
40 5
56 11
45 60
40 36
10 74
46 53
27 58
43 34
83 80
38 7
8 80
82 98
4 49
39 73
31 61
17 47
47 67
68 87
5 10
20 39
96 96
30 17
58 56
52 55
54 65
49 42
54 51
89 20
87 7
49 56
21 92
70 83
6 61
39 68
12 75
54 47
76 2
79 73
70 62
74 66
83 70
27 27
84 62
70 58
62 55
22 2
77 17
26 96
15 13
59 95
50 72
8 93
88 29
67 59
4 32
37 85
91 18
46 79
6 88
36 32
92 72
6 58
51 55
68 1
28 14
76 67
84 35
63 79
67 58
70 22
52 14
90 45
10 78
45 74
56 43
12 52
100 91
34 64
47 75
6 91
99 29
90 99
59 99
67 22
95 12
86 11
51 90
30 85
82 96
9 66
25 23
59 82
53 91
74 41
40 46
14 96
78 82
13 87
80 25
5 78
54 80
24 6
38 37
58 19
97 15
58 95
37 60
13 65
45 77
18 38
14 14
44 89
39 59
2 4
8 63
9 44
25 74
28 33
30 47
41 20
77 64
52 15
2 59
70 67
91 40
47 22
74 93
65 67
15 66
41 1
95 71
58 82
10 19
39 48
97 38
7 95
40 90
63 35
81 62
15 61
44 82
40 2
2 6
55 46
79 94
75 38
72 17
2 42
90 10
58 16
77 54
43 22
67 45
12 42
26 92
5 9
5 38
9 34
88 45
48 36
87 95
35 78
49 32
6 16
96 64
23 71
93 65
22 97
99 35
99 70
79 57
26 5
16 68
57 18
78 18
90 94
40 85
31 86
78 8
26 30
89 27
36 10
23 3
85 6
92 19
58 100
87 60
72 100
80 66
87 2
47 66
88 67
52 82
6 32
60 29
87 15
11 41
16 58
60 1
67 34
28 88
22 18
94 66
42 59
87 40
62 58
72 31
41 44
8 37
12 15
18 33
1 32
92 93
67 17
58 58
54 59
2 2
33 27
6 96
65 100
3 10
48 91
59 8
98 81
85 43
97 85
38 22
19 40
56 1
71 30
3 48
46 35
49 13
12 23
11 54
13 29
32 53
74 27
58 84
15 64
12 87
42 6
28 35
84 30
71 6
12 72
70 47
62 12
9 64
31 54
49 5
78 38
71 34
10 38
100 74
97 64
40 11
76 57
42 60
1 62
40 32
86 72
22 1
29 92
2 81
72 81
5 66
67 9
5 100
20 46
71 99
6 60
80 17
81 89
31 29
34 73
1 2
68 65
66 67
57 3
28 96
7 24
71 26
6 17
67 19
31 3
64 31
16 84
6 15
87 77
41 55
46 92
11 68
88 31
74 12
54 34
76 73
4 79
59 94
80 33
6 13
63 84
60 41
73 49
70 86
77 36
69 59
82 57
91 65
81 35
24 86
20 73
44 57
22 53
61 89
15 76
5 56
55 67
80 6
59 23
31 23
56 24
66 26
67 63
24 27
63 71
57 81
87 19
43 16
39 7
70 25
33 72
9 15
22 23
68 90
16 73
98 92
4 37
16 83
24 72
66 49
19 42
94 24
51 67
20 92
94 69
65 5
41 38
92 31
84 74
71 38
63 98
73 18
61 67
25 2
21 62
43 44
58 13
81 65
46 48
75 33
61 64
52 17
52 78
92 40
67 32
19 88
56 9
93 75
33 42
97 46
75 36
80 50
76 30
92 65
54 26
47 78
59 4
28 97
49 27
59 80
89 19
10 36
79 69
25 63
93 11
23 33
20 83
9 28
49 17
3 79
58 3
70 59
21 6
30 83
9 93
17 65
19 17
71 85
37 16
76 56
38 77
43 80
97 62
35 80
6 51
54 23
84 21
55 12
11 13
54 53
36 37
61 60
38 73
43 62
41 58
8 71
42 50
35 14
22 45
78 77
97 65
66 47
79 32
44 51
83 27
53 29
96 82
64 36
10 52
19 63
28 78
33 80
53 32
78 49
58 90
61 41
16 79
19 93
51 24
27 81
13 98
40 58
77 94
68 25
49 60
85 38
93 35
34 40
74 44
82 91
2 83
18 34
79 80
94 40
34 3
36 8
12 59
36 56
27 5
73 43
63 69
77 82
71 97
97 41
38 32
74 87
12 24
38 30
46 99
31 1
60 38
15 86
55 83
63 30
35 64
94 12
52 77
11 84
76 23
56 33
48 28
90 73
3 56
69 60
40 54
10 44
96 17
58 81
26 34
35 41
62 85
30 75
