1059
414273401 120802992
670911539 522831151
60573389 264003465
137757236 156545284
25172888 106095690
406875790 36684211
599954792 689578245
882713609 544881872
387218460 696545760
823956037 308734638
396123106 88359195
642913595 150162377
910428295 852758059
900612801 143396488
696585349 787123998
304148575 349821014
351980415 723206658
607760441 937646935
943428407 126426457
322248913 101415045
224867304 742138836
741404051 28562299
119598951 683198121
182164970 446697195
636924366 827004435
680221015 244262231
338539513 23185102
892386703 385375979
526635470 371063349
532832826 971090277
807418615 534288705
923575231 485181509
444469013 877599328
315466621 485022963
488615824 637783892
130383227 484076912
700351832 59833874
695395043 924816491
123953855 396172068
424025536 120633385
734649411 354353596
484556694 999667884
79554363 404082666
301952177 149279723
280039742 713298245
728636922 131284630
933782004 800583240
316363866 733877846
401650340 188385475
439573292 707650581
326950116 600962824
533160072 35826452
862952714 657303494
912817252 964877690
511745355 775535439
24984744 136201124
923919334 537886009
473957686 731437861
306047314 476559101
54885645 890978148
668970872 965954283
405191863 743516922
59089851 716188452
230548022 76716571
814634271 337758075
143717057 905585523
7906718 541114419
437735606 369999490
780721210 17057008
662511686 745027417
306669955 913662053
794808841 676558984
787076654 168339115
573076524 978537628
887050641 290867248
959620083 580416485
494486101 648279129
60782424 654875241
75437928 914299770
191756245 712605560
908613835 206585450
506944972 785350571
892744413 52934316
377623057 221743285
549377834 516855822
999153495 33515911
504697016 587593091
987275570 989302529
301265911 1627983
184958879 331094675
552569775 471408202
703220400 200322870
180201415 959788668
470831499 70399829
159435722 61728885
738685863 641426468
840035905 518594165
8722123 821524743
663280124 888137726
365662851 879034868
577624807 809383356
939462086 841427492
647799768 631368967
696194530 796302700
593286452 106601922
854489284 352590419
231143335 251883269
97528061 123507927
28282220 31569163
981601201 658228930
775617732 221232538
983706585 978641875
145758989 34514774
84478948 465249615
431353757 83025880
824820272 135805413
264103035 868551785
39651233 231396323
326764444 403484920
728666141 977319440
849433241 508110594
865724059 978285630
630062315 680679226
623450606 986027791
30665368 201209088
201762169 253993060
816600487 616746641
485403905 353155174
362383388 549913516
475658332 624883341
629512318 682663370
85513680 15492891
994059439 694183911
424191174 277414136
281322151 491003789
854538668 770969673
133539627 329645815
12937371 673747745
221713053 313654861
263071212 495888194
181531100 102692766
373257919 969617103
545590990 842987140
286293243 812031455
629459288 767004564
185180765 385230153
943364925 993654982
13094654 306908652
729913694 810148359
414754140 27469435
562886768 877457012
547802223 151019177
605725457 857794348
945784141 77189254
553603819 102254117
682391939 544075379
778349209 397629377
836541696 770960894
495381615 894997277
122014067 588278107
996054663 322724973
365559029 680049097
435069826 659692717
704077656 969882976
889418429 882666998
743628460 173474777
694902815 741753710
12533162 363567250
935224995 932017670
487789458 405616919
933473605 586183628
939047331 580902534
476721988 413864426
675873540 454380925
568207785 257377111
128286692 175643434
436692847 371941532
188645758 236261156
542501402 616615040
440155079 510537088
307227353 567061077
121397623 271055479
593052300 899423925
366141576 391777445
443736620 62506762
30522887 818131750
117627479 439218764
61866968 641306012
631864028 606699960
49518868 639399696
279463398 94059176
596289233 425264970
315265215 731610345
582722428 692268252
362998789 228668010
560973528 255367679
79035203 892928072
348019212 504395841
132424521 178195709
414640826 386067024
458542819 32688589
931682108 376771459
370051242 292567415
14565743 796842740
917231809 987225087
703252862 643604985
301252921 231281758
380256663 597234302
184001796 886546284
161668285 901225431
822591159 958332817
643059345 77087576
111598506 411572621
31755625 383818550
478030978 760660441
589805125 885091517
937538973 804734911
858867859 638944534
537382393 38042751
627334018 868866916
167148033 645060897
248330288 690235331
829458984 578300986
984707035 423135698
932536918 799338502
357574979 408088806
350521563 832050567
691666631 312864905
979653021 230665146
162510709 837377467
385097736 772432148
587225993 890298808
120784199 492298030
672815976 953841971
611729308 108045604
650087912 242084445
49020842 204483177
449315350 916891952
66920442 176758096
883293834 523146877
422309009 100732799
287062014 464265509
881254427 912608571
820811008 530236451
656093987 170731446
804935491 221313221
626673963 666227761
605892671 991529159
788050662 107649231
426166536 164439158
860218257 151898192
449199511 518283787
241873925 20611790
11494142 326646803
672338711 72257328
911042434 855304294
166365151 473583732
933050956 231931662
768528146 649659668
479709265 870645745
57181978 679980591
498906761 242830094
5388196 958613541
375991850 781477776
974924117 321485370
260476149 905552175
712593988 551279600
400170246 7938250
404143218 852852166
992008932 563092121
760642013 150168581
639091446 492107654
937068205 945956973
707557430 500396340
940362150 887233180
74957789 280563563
374988212 64362526
353454459 953461590
411792459 470908158
738648496 3067366
8505070 516229750
468442258 589712244
253622697 782919268
662508530 986826303
340364281 16063674
590015179 384052766
859327880 744629971
466548793 388094502
765373621 405019364
268302355 811752718
447084222 546927440
407674402 60684648
474906068 861250708
240627111 767452991
369340462 727121770
872348458 685579195
332442926 143585231
461505429 24206288
673728777 856343863
3924896 316517786
570067537 14441029
763834398 513270528
710360964 441383633
878568955 846120489
794084134 330408963
968909809 91298430
695948118 301984972
648980944 398269367
55973178 350509030
451266691 465031961
689770986 165595835
969901283 821592443
61309556 149888503
940080542 854326676
122871022 438122292
219022081 267434796
473426521 456109251
852038596 434314986
43093994 103233751
823750792 762235231
697442890 47150316
351445009 304618864
637557344 202934143
877084386 988476555
345735848 86834288
522102007 988068415
972267394 28309773
57064851 667589973
236753455 763807359
87136441 228427170
756987881 930379695
128165359 751614891
313870814 692773744
858226479 241207019
576302750 66397613
125689754 768401944
332919625 49489404
692967390 890585382
412613829 274016355
43621415 899356499
41009875 332256604
313281297 702031470
84976823 655672304
156154538 242469669
449000769 310917865
545967327 866387552
818467866 983698316
854661612 899209792
804144640 409847383
453281536 396162906
172993839 954915930
970594334 844991996
824673685 810423198
772439116 537216458
696935801 794254794
27778238 683543486
343907754 474402852
679538378 622013315
240839112 600082759
194018569 502550554
28050821 567937507
380330531 792889770
714559971 567928055
651050260 276533909
917108837 938322694
944726809 799174356
903249433 853965470
565149900 125686970
613438053 397361128
146894119 140211179
444227355 146036353
777130053 758215826
866852554 863032282
551236898 891484985
680321216 444505460
317120284 514636695
655617487 701767346
275811212 714079926
471025581 278811574
261191962 312666556
831922988 792072411
139282471 637759134
416708184 168007493
970627471 932767468
748651629 207324506
431459458 630260518
114122051 464639257
390490152 503812510
510082473 233074801
819917540 692557122
672569533 274465281
578363249 317348247
495067718 735722103
907499769 166808471
62728781 299068379
850121622 750901020
579564295 506462623
290080113 134440176
305307 138562183
678631256 834534706
876203571 9481550
52700128 12170537
221137177 305599094
812549545 126016516
970271419 515788394
184458945 786462224
828864554 799796767
59295642 23757255
465866716 448196359
323929652 216354629
760247242 479857497
353672910 174101137
839095002 213222985
499089237 604138739
922961066 883338421
191302218 524792892
981747338 782131628
341830427 259946501
657893266 827112480
194783631 808314135
559405385 853682770
196655462 853891196
843357711 913866449
966328162 753961670
91565125 84361554
921911257 67177406
191496974 721612443
500876329 648854798
279871570 52069618
376288962 281831758
675714503 744908310
105207813 480743288
975531944 555848991
802469247 242278192
920749599 644895824
694685065 695297056
237797893 598877
711016140 260680906
879204175 157501740
40265621 634649647
697048893 175785548
596176019 724988506
261511940 673323212
755040822 871691421
187724783 181219970
440239766 555543280
248705785 669189541
9961942 490844115
152719246 137048444
792123892 506363983
498718479 744331672
801117137 513814259
756205263 809922056
368769284 416420314
83323663 776684266
106826342 857813244
91434381 790057311
588382948 661922105
23379413 623259521
421602591 820245720
982311741 229096498
379472779 418483162
701294709 782069814
396623845 317533688
158150084 233835128
556008853 971320124
613335146 141539898
963123395 37376737
248823970 282171017
665722133 393293212
147945234 472013942
845319257 95137887
977357368 303053424
873871356 842053400
165949304 86004978
488831471 68014174
266065014 388064462
451271874 895201208
914557341 728954901
113460101 890513417
441127367 406144844
76777817 630663628
50093102 910636404
596010199 944169084
889767881 101591604
440832249 663447386
231918715 940190928
805672993 261669546
132960443 103842498
418616270 85685237
508420683 710703359
992416088 557951683
539469518 31777512
109783596 478733696
503201628 114600847
952749838 540305647
745078785 545987544
621703637 608842680
870238496 470239791
949829209 802225277
335359157 742580393
420432788 37259202
607348415 85570707
787380954 15505542
515218563 509604415
245224629 301071224
441096908 693861943
534023429 757168720
416534637 699279175
22545521 151331350
716291937 413956600
157541926 493020907
436843968 483694004
536806515 434309847
526162013 599853258
915333391 685585257
875828794 709178639
384429847 541435809
909901068 419618204
992635441 712281023
407031895 612330096
487248873 683077794
398640875 909442824
981348979 117011921
553685959 373067398
845341718 807463419
481485700 898709505
735014682 800267847
276153969 848949681
931599309 444627046
477338951 843027722
980401264 189350692
463257705 994029279
511808997 917501941
676592324 389563269
778001767 340431051
80378541 171620744
603322204 968051885
810028494 482725622
762468149 397241061
647543323 942866479
144682904 513929899
256114400 416248446
40452771 210470396
886790821 558580187
108174284 410538079
742735898 396161045
730392415 761709369
283456238 676571134
968212424 158754898
334107709 263734286
199647530 283711806
417478554 129275021
419677954 988553819
661470610 645845209
554850635 133064751
313391587 600310780
302247030 876522232
352100582 135513438
412450663 738391796
851129706 147667424
404017694 150370045
839032216 145784412
593268688 687910730
581892087 55585048
872919418 558910163
939304900 835360442
502995708 796574226
760345194 274734611
947869255 48505956
487763924 879339743
339580048 233449764
387145660 447138551
464806321 259658218
749900026 9868865
346388278 964341590
352856100 630965936
344299181 840756242
198620737 578484782
510174561 797889365
612535427 849792936
340666270 45558687
771368505 544784018
152754859 254177563
528832150 344664465
270840874 255801513
195595851 137371152
223313844 826418050
19870394 929749080
154324737 288226814
746840901 386169767
162530764 803643048
414652316 352133929
564966465 152025676
158547636 603182180
881952497 243527674
566689548 468775756
46878946 396076760
28131098 910423039
852789159 877745065
489292247 572934906
175418176 354846547
282578461 806069384
26135523 53438629
77121826 377436911
894220147 487991716
300168450 719156668
991322903 769741760
294101929 893064970
54651508 721022101
572681682 998166488
489585304 823618018
819175976 419587509
330885686 425556279
941380377 457231336
474992705 824216561
888244057 648862781
231601742 107618895
346239525 175248875
517932428 835946299
284760801 490234960
233130904 499159286
551606300 288311867
695097346 929231971
550511969 911132069
608097791 393041392
22256652 922459561
282757445 989051910
545890408 220726713
737265378 97595274
929186115 926081348
651474593 488613876
105742322 507223333
646577111 509212615
462591648 849422268
512881932 303395272
366744094 813045737
64145974 93119343
759424921 313549315
637845516 553967788
53797438 906316339
476142046 752616314
974643770 414281116
903376471 220584169
703632139 246002098
568291358 683401021
162597037 492892188
764356976 758446184
594216047 142101066
251633592 981636093
637251492 346599354
982312516 326499964
22219965 982756049
97425259 534916851
437955834 290108200
776034314 180791676
816787299 872543234
195758455 340496904
570057141 254674667
896258601 779190871
898842456 176985173
45167590 572220058
771521091 830308398
901488906 861017406
113490223 955587264
947163207 961934577
154221720 883823940
226414581 639067179
981768930 877355576
508887591 283943471
218595575 301853357
982328876 430695749
886318362 516007430
761106101 835270218
832278494 568717648
28646973 259097148
607750260 677519569
701328911 1875315
197311215 950328435
705047014 189943852
361284202 890929432
961671096 596824956
429152086 689100114
177934077 625622264
550533193 39944194
508829529 404691444
460846631 805660508
590252727 773957936
861626021 667103412
986893674 736585425
278195096 128739785
987100458 74062677
725494219 573613798
490471856 410594027
822485284 770765380
608100331 376681197
656002801 960591636
370838938 160061828
692384487 442990009
660106895 715964395
746300601 344787754
450484378 506085607
929038381 383234528
148137241 729075636
960890867 527786853
246373582 846161005
363220745 936044163
710207281 203038734
641534093 148821708
289177607 778307549
588964293 103448159
657730654 782348112
354434921 289525038
298820694 205549485
930724914 789929840
134815989 197699539
821572650 99407755
423739821 633794441
922354987 176707323
592171916 819821926
422455485 422739506
576887443 667492386
803781270 904349367
664346387 143697704
105468298 775835208
395455854 564347031
477993968 879152308
687815391 469932540
128266043 201704842
243274041 964476637
307847927 504920714
907412589 11628552
755081255 193656649
915436653 588348331
778172128 317907569
557869210 332055798
270442307 245243055
455126846 961868296
507144491 539101534
414282151 247680343
557227729 290629436
602156088 231704239
786765666 186372203
232860730 975115193
304402562 608499400
954995112 900847935
630243389 631893719
736193580 462617167
414640194 946132752
39697599 783031534
689038810 708833656
509184702 490352105
375240482 365695172
243258459 68671517
388114498 395782353
831979548 518269939
617045884 730495466
45404797 844973712
715479966 378148347
259042626 245752637
771555545 156548893
3421312 982578891
310600044 7027121
550368157 373146080
942851625 854022565
114758611 867707771
884017686 287456273
832711549 186760757
403078077 677683560
532686314 559878303
986395427 730925153
598427594 338087947
263115246 307268847
260157917 968230782
290119419 710794453
709698192 271685613
685706162 474920516
363721129 555446040
68996525 723083622
899875564 80870811
261908536 62162981
680494924 977087429
231827822 10627616
185678785 336800610
6385145 192249441
659454303 563902496
867060487 658529687
800882528 74502463
226229143 830035715
358359134 337332344
684367786 20858762
700640090 395343787
904598577 481885332
802572036 935749805
771387790 919240607
474232650 797649438
714028987 847881255
995421478 211270524
572344297 244230476
452033905 353272116
820324937 218661430
908912603 384569910
58236901 514979685
296056971 644265128
205907733 297857584
831386150 197191694
304581319 704169900
187862141 317067990
498270773 399780904
942927664 850653341
786930964 431063521
487983064 749814346
834467297 32511677
294100767 415278597
268374993 227557513
441303219 173764640
111655433 549432846
410386302 683691432
370912090 707518243
628121218 425200114
37218217 721733215
746696167 159795689
642638802 390812960
581374135 903435366
452843076 516987837
300031620 727456605
125835636 744725168
915542501 180999585
507126585 483619972
813518583 488114262
637421123 323147910
985504577 698822018
464041774 726022463
88008751 46549424
215078591 672279079
354396831 841622523
518718642 494329302
310494539 847056392
386607729 791783013
82868375 765212866
545309664 61234992
594104148 88128118
204951488 862837022
288977021 525252841
781805304 906770427
483497678 664046626
124853294 380656681
642257728 586943540
759297522 386023302
422240867 893009987
971220241 880679435
139267560 329013979
295376203 362302421
153184942 817526828
364854573 445791919
516325178 699452261
923910009 273834031
166672345 236067083
468985912 267633663
786263233 491579947
405594179 946898256
342353248 947339772
170573291 858504180
558507339 385639062
777584924 902109295
63624644 849216919
402930546 595471288
313048208 855746135
668146038 385137908
579492594 754270063
435009688 714613410
890814514 11772020
445929192 495690694
581449216 697486898
407339371 949443120
387351384 871937354
283842620 269386123
527685543 335715518
40066087 423066475
689159410 238359294
835268778 826140142
63534434 903013934
904551096 22892545
435540441 620779109
443913804 860998368
616127396 287432762
443643679 610953594
522876026 175064008
10087415 521471389
130266283 629106529
966705685 745604511
598647393 737341319
506335413 423933265
877655741 104252344
399224452 974036602
197272238 966514851
760973284 397150092
408665300 950920887
434754838 590294161
69193588 949120024
643772374 347522061
197878680 288449933
460162602 100970043
15021089 329106653
802958226 770412175
897834957 798776671
705113150 896663762
963966107 369778320
554462448 51622265
185576644 904037624
776706616 926140925
181986044 882756425
510744519 985026376
167810737 444498349
994980819 651524831
633574877 150921508
341317375 361456402
498919285 717730609
892389028 868374523
181876844 481572635
342122981 841909712
755884179 602101602
749553175 249192046
318601488 259237685
32061217 16576640
617092782 88230340
796657823 733390483
49483792 377046577
614870816 714182496
415882672 193856972
906252463 415587077
735959614 579338582
536097735 780223145
500007354 141408335
320194573 90322649
621932342 293218683
696561661 621894225
140725219 103571125
771168908 74388529
125842946 16092456
11545971 884305641
392124823 567920282
170336130 989759689
120406607 583004616
226269978 693561907
528015779 121584104
684471116 599079083
850821341 211420463
720472851 246025689
252795130 637951493
753013769 642149560
940043672 125432805
433208543 259020220
370749442 785216539
620981471 155411188
149765595 985955834
963769425 812346628
956127457 898121848
351237150 523802475
980269735 270674339
107911336 722444462
706847920 53304458
920915847 14540330
20044345 14877650
795381863 722791045
733076878 958163024
782862848 234392311
811562401 656346561
568586259 736340871
43393674 858120448
313040624 986580852
278283662 717240508
681662155 919168784
700190112 140897717
611043060 440578290
681546840 314069288
127992974 756728298
130963640 396523153
366404544 812306298
936556744 200842065
534247010 706246782
174485895 741409982
823013977 224233826
732603063 39062089
682303629 714641389
14134088 633764387
510358994 6658412
301393977 704796179
32594138 588454697
68343475 153143889
354038992 828704792
942794569 8014642
89081808 388029758
388012276 498501157
874518079 306216831
230355606 428971112
621867941 920919891
649158232 485559295
377671760 619877531
576142316 584139443
767575320 372097588
855682383 686195526
939287281 57441531
277425144 224811051
355403560 239070201
847397220 974179555
872944402 581068177
601218729 747629440
645538929 125758396
970846817 798829195
828547416 992494203
892233126 793383046
920876171 759039747
381568084 723483973
696812331 694880013
906742273 233241157
514918799 288357642
868253923 781420243
401916338 171361340
694645531 449880744
406369211 667034640
554264220 517640666
943997638 437302303
801460791 851138600
457473177 387866298
851097052 838837607
140479456 27006207
420275191 745509448
709970264 723829635
320192402 524781589
591588171 432462669
194430173 713762445
3056139 568096581
411060275 171677901
23878457 199685065
650892132 50846793
326482628 302358318
712947636 386553231
985210030 253963722
246519991 815158357
999499098 670085719
75769962 965724469
900208860 551920781
751754534 551597179
111476427 808096270
720067675 828684313
564080616 375362978
532306573 417422882
955355898 483239897
526226388 124178904
851596567 837480147
659999399 539936247
520845397 831418148
528763985 691013003
483816334 699708652
959090476 760803563
986962191 461344108
307137929 425008727
358113451 8122927
