1967
94460098 70575729
279789328 874810430
517530080 856918073
173312040 648382198
989613434 39501899
711403813 183896477
694382480 12579365
384805487 383235216
336631438 912921413
261392431 700681999
733454719 234504740
573506129 861524139
396519441 175891875
745836530 308156864
629205028 283430334
239399624 242317592
271590633 912169584
278466187 91873531
952949521 463065531
649246808 363686645
683917524 812552690
322945839 268213727
536828828 256834508
948511646 791709226
180534353 67600565
226708115 256344509
647811925 918869571
756858637 168764176
221812997 713085914
598051110 396610645
742811347 740226160
723646829 626544595
399998708 330434217
945163017 956897480
340439714 740050881
564619856 969793232
665626229 239676463
583096775 833522080
907542668 229187232
203812229 291256875
293799812 834216539
869813171 898062891
686148655 800867681
635078192 680946770
520516563 844230710
262663938 119659331
671454926 426821425
270965945 156057184
581628872 197395011
720223223 615976393
579202329 336362942
141603658 130413048
849520264 32490018
791973017 911095445
967179531 43586784
541205100 684480878
558661329 129527501
246048863 902234976
633711253 35720097
647827082 214184173
346890824 418432076
507942917 409532045
871074156 202551688
292426150 194308061
562982072 549341552
279727442 758141002
507126403 48610577
723545699 243277212
937969219 633577492
992709626 144743735
935072264 192144158
56226355 535575093
860754128 820630250
716970168 385898061
309988416 30648656
589394021 834761849
560393315 839797162
957742211 267188557
405853006 574751053
542207012 999589347
494960227 786650537
384488384 164438967
68064327 610067991
369056986 833979118
661272385 760019031
945204741 519330039
261574018 49026403
959259192 943290665
863041463 274320167
198892903 547202583
219064947 713659179
20054683 310886915
834513563 259127671
631194106 393064461
580855240 55778140
211396528 96337802
454236059 360639872
262751038 268846893
722567806 756884610
621071799 794402256
58101014 838260949
619082023 696252676
653344628 656853400
84554608 254962249
780973416 888066642
423981623 524958627
350205852 622896893
277059180 591728081
635495551 806335487
226803215 729453741
230936668 295113650
35725612 924529634
429382776 439846974
345824828 57816350
458926298 166486702
965023261 934302663
572456533 525036770
357325125 966236471
415611013 330702501
376142829 787066532
917235410 955652175
108884299 694809709
856863502 666278785
809524301 568472250
590741091 102176688
351042807 888250914
959450593 895017310
3451169 780799450
86072638 634891361
593909724 566305046
789550713 113436419
252835866 840270922
322288054 498207817
254396828 552252182
859267118 363188364
508156582 974872046
121108364 247202994
185704213 939966562
791468329 531779162
223916899 58553753
134081148 798607361
828274141 38789643
165156992 454706310
894232467 153061540
369116854 472416033
281212716 480644903
955926189 873365679
975863618 839293174
81372868 833489154
344510605 354445684
379528432 693202618
858933445 120197051
868682948 88923316
2757957 708999463
484914177 485818564
598312059 694522840
679034440 682654702
597264381 797295261
416779998 892948752
809637849 773526080
738244045 533423125
297220501 247981470
106876850 971665533
65996900 668739106
546609696 922036000
321820950 381217879
821304990 58254060
321219627 618583806
396758952 469965129
809517413 654473428
874696780 100920583
391971234 804274575
85492090 266720377
106778515 25755165
674432565 549318817
179772455 129924254
527853249 493817458
99477854 480187098
762558392 682238084
604221833 126518359
13807883 736132228
258319319 592342698
371412484 297492973
121912279 66612605
183172877 36111996
680889104 30003627
448232876 231194786
300418205 946841145
313578406 756424558
245075822 513796003
444647795 369646389
767773374 763828262
479282717 555888301
950291035 716044518
521119518 127142956
769458646 105408770
348658952 107643977
222629389 219082799
913630055 155200247
451897314 647843665
510253918 415093428
974519465 997031397
174870759 454923514
280875793 578910012
942229062 385832012
425514806 602624508
281035212 104868480
220629018 534022531
488006494 592822043
980037293 589433767
196491082 590047956
471181732 501049048
451632835 112099475
471608288 385815656
760269004 472020083
583778967 191717232
853040508 869641108
818143627 725324363
580863174 572984490
381089612 294961731
488385258 773008099
364859253 792080093
660454526 139349660
587178811 569500796
191042579 560997820
501448179 356227933
607869692 787300230
712968517 833014372
291768408 764959373
699002837 818174152
522582735 775608764
15613172 908718875
210095368 783711777
927879524 198675138
585743762 656057138
686321139 882332716
814078231 337012556
822385113 664442857
333330399 393581970
279968730 73648455
264386632 280383498
496646903 458368001
122119637 164803730
236127934 282277221
552526810 814463267
181510331 767934097
5932146 864343808
697838786 339299240
366875793 967844108
962475478 52085895
512058527 596221056
221190021 848966916
384393952 778301826
465098268 870002843
480398354 941747031
407095689 857791069
66134127 901968706
375031099 476305309
555437129 5904159
895041269 479983700
865405242 482494533
931427313 260541935
632011051 124297399
540025284 298786383
31304985 319720065
150861160 805877642
616031558 710248594
537680606 947085988
422790446 868645220
88463268 978239600
5988634 402647162
602160837 959191664
357226941 97442427
796834430 375581134
329208975 967894250
102042504 408807461
35513954 741073375
789416067 834867235
268150680 931357837
626424331 818137808
842244480 66427541
199050071 113939924
261799333 515504268
787250109 49682672
196734645 44405192
994781456 319375078
428898345 325284451
367572032 992872101
449870970 344472396
219021691 268415109
103630033 240321233
60816268 155183066
820437628 774240807
157794755 505195336
121032993 796919164
308215774 767795474
323697250 276870297
561969985 908343341
28916836 428308856
946337486 217417757
761957681 73033386
562104853 789628543
703095620 177114467
895460616 746645896
520294315 843113511
7090626 154812462
365164887 578599394
583571221 556333331
97002932 531466363
251226757 333851157
524432178 628597623
484856711 17674456
995980862 92894793
795818875 540469652
973472056 199776881
678615245 387559703
219948685 413265898
139101023 393430913
342111911 521995255
897822173 216083187
951437403 76562448
139929796 429896958
849324193 950415148
671826941 294799827
389196081 626351049
153191014 814400043
114610962 842320897
26338885 221985231
13048577 259667028
560979942 972959077
55013772 505879485
793821682 600803264
397536702 271313956
489044526 680703187
917166680 15682349
145279290 614224571
846058032 151042033
907767844 606587072
7548671 996477955
184619357 837935187
11698035 152477341
568634395 512202723
549809949 312038587
485943405 692347754
424614623 715620927
450521390 737476888
419983042 888500390
91534044 189545969
504473254 901582502
489143903 975526232
635981422 64979992
180297264 16307022
491323603 29322833
209208183 364861487
332171074 350576816
731698928 299980088
638636709 919984371
306874116 331783951
902500481 629273714
261101532 283233249
369219872 912512316
846242723 191331550
273396097 350860941
200837981 391387947
959592493 797556253
536377453 854955096
827504367 206376738
818366030 575317529
819893365 540875129
993650836 696058797
490973191 427101438
752512744 898678333
953790675 531386072
228972599 365421508
304073496 751546880
402749487 179843449
540877920 176448266
84813702 219171094
275196575 602623290
199710900 137166933
521779750 436216546
201878181 678858024
537493826 525597649
942163014 80992149
925380659 65232404
826939294 86588199
90118733 110671117
900173469 201078434
165480180 820759978
549378581 563221553
229297873 292883033
300653356 238814893
208739081 526253750
644019737 470939525
668788201 764032170
131101950 652392823
731711202 692340964
637615417 160356854
312983305 122033117
591511403 823525123
855144481 551989184
74127843 369858288
496179156 495394600
754149747 96081746
720850020 937192537
635030957 516748396
263070933 715076570
790550094 27077805
928036105 837971838
458099919 43965958
889482501 679881055
433184421 319956312
924571492 112065060
150574552 977147279
830582570 797718974
409406935 99586851
909810805 694767242
830858864 905680857
787598569 587609508
252694304 666297362
962725036 461473223
213232395 175792789
552120070 866845616
8375243 588493943
893531853 896924377
231313813 419296690
781179049 381446164
365117343 572737662
653378252 4492173
879242859 666235171
31840536 428606184
315034941 807292815
473146174 260964625
731565476 255715789
501453033 778257612
756428113 905159275
897345828 721310653
856364402 12082637
535619873 339148162
916412709 106090256
817451336 95937131
727173713 488005081
285789971 457925329
319254957 313622769
23587600 282031214
242536602 763643579
415343576 857158997
93859275 97331443
724531650 505936198
186178808 128318357
689416706 785491124
951156177 121467438
513526798 885210363
974802477 927243936
572973889 930353256
339008454 117582860
149990103 913980141
881915746 820640819
48908195 116428605
792975163 151536244
468478317 93241139
920902120 456396153
929556491 604147587
823040398 960870710
665759124 835656817
505914601 265182710
159687967 743409648
269427823 843302514
418074765 574343222
224162558 134340706
896272119 68838050
952273324 425680296
991729946 180684504
496616449 575887631
123942908 310857699
149386892 509013464
857651342 183482516
939080088 650514728
733744339 882560343
988754554 118542033
424177512 203488920
556386609 669628457
164170549 786715534
368085577 710083456
771130552 310099191
370286665 22262219
40227872 913711732
482982179 512673414
727948826 842468880
582344156 34156374
977584804 916088994
790496462 39337678
217821793 808303914
111099773 380267892
9372463 251712638
641336469 948619904
874913179 87813384
886936899 224124965
832469931 817017338
984296897 116126951
561947959 803340595
726024224 925675440
129401239 922126253
351261321 202131367
54314212 10400196
522945466 683251129
774417732 307369466
626789602 181749203
297434104 544288863
994589918 115539481
609129234 406988062
421070110 909747156
752428779 912822786
418265990 34474671
155932167 503626744
809325414 776342458
492342983 28586377
936563715 62789118
617219926 987145784
838009728 7683624
410551244 712182709
852517392 196140187
900402954 627002921
695639157 41467884
803382061 624264904
871273914 425738485
862659755 406452837
138208260 264346705
731194242 405178501
569602513 726144262
77802326 660923847
896131536 998025008
13901516 218380337
854599514 726082522
466658217 131564736
212977567 479494789
329104766 315789349
139640938 109379220
333691122 311607649
929520378 926456982
364222921 75614385
81774544 699421837
43851173 96190836
968042126 686569034
118558878 9852215
1124836 926876424
240303139 631469228
777824627 96213198
746104721 247824568
73605930 470581147
373613553 501639596
808932634 965534233
546005372 738640967
161432955 431090966
411192108 425740265
975714941 181487960
185895824 663099904
613881391 300752756
69466302 483654869
395914538 603953242
936355688 483535125
377336020 990500650
366245422 596706609
715578531 979200247
408144796 784439821
667785527 515103723
394888066 240748782
283156131 247481048
349130472 601863625
833376183 427038963
821739421 810568348
342544607 462442892
537549728 57255762
179428629 769825920
837506803 786784773
425433299 896968862
307105593 725401639
931936426 396927022
873032676 136355511
965856156 61668082
728530600 557839676
459672745 318312436
478123127 537488013
178359858 39793185
546758063 691141006
940878848 574159179
367887451 985636258
303470834 479263235
603574885 534910831
599130465 335300221
890678947 495995612
490392140 842491760
746081796 206094976
54412920 668244321
444939370 944038297
826058079 825838268
619674977 595678138
755226446 524622115
75943822 766035121
580641282 529551158
933374465 416565012
228071855 617046201
46029064 567195021
181266338 848841774
927204377 500671356
989085855 343385345
934715898 94277356
816358132 928989467
792276371 219301967
335140818 399177386
554113527 815445763
509093360 114445795
157381156 858308568
489843529 237746678
612478244 732015507
850169619 834215574
559046935 722841232
663280869 637702174
117740338 918034239
758566754 989467299
486553148 169892113
578739244 533077309
48538172 498471092
653951727 745319208
114049075 198350360
824324815 551574036
760437924 963896566
102359091 500046724
18929578 600390079
814825342 67297994
326294582 682978824
293540315 735167397
677235972 764070102
736082043 543881153
543457318 203756303
446644653 938751026
94912810 34827243
91693990 904733995
413383336 329812730
931921229 731842338
766980824 65147467
279448529 400601287
144587483 190903305
758698082 93490572
456803497 145098917
615728461 203559835
69788348 669510467
3520750 145090218
909442118 407076539
226659420 717343899
103778394 395459146
275240957 725201879
140181521 18911715
661833477 281455388
786907313 913907250
143464059 243900947
642380594 596768110
880146721 139355861
260473831 991747431
549343114 173735702
353419885 678818830
435673542 271477778
315223280 274395562
926787613 168452230
477928127 221417074
418564228 205618163
450685632 324383265
550840170 492698382
889272318 163736988
545977256 730739308
178942280 342031191
76627840 650537088
221841861 317923102
656517198 556315595
394030433 707730849
949099141 952056238
531698228 966061858
722082555 475683221
333416996 883990645
865636818 817788785
884116611 922186231
610345933 878573467
970355249 509524240
408807838 598557572
787030864 509789653
227946394 681967215
39930139 489313725
439677186 55624249
321688927 428969016
662997504 558938447
617528225 468679048
357465067 422004069
270719148 20269759
802011313 426143681
199467047 8409382
927094192 122898932
530476382 47653850
138206469 250829852
910635066 856368655
507923349 964068526
828499107 255570774
260668698 611543156
893864706 652681854
700033828 956012034
632773431 287895729
762221989 430889514
335027612 13114956
173685750 678198381
1371708 725203414
904598283 130492010
439383056 525840808
774594151 134724583
901258234 874414941
694340843 37684507
127258640 346818673
378951590 898337955
302368093 866875443
260674222 662841662
429343584 199882272
753328519 778659760
97247887 364115614
204886217 683114854
385505592 455108914
299514769 778683993
286596258 54789427
985623439 576527646
656452084 210921600
582120715 562624674
908881694 107218321
453063462 528815118
581863817 536984426
547477921 620793360
932775772 152357428
62051020 316631749
846426647 581669551
633464086 39311117
767572025 88848085
1491204 138875303
775046782 568058293
49126884 168252112
512003937 317199548
63308672 7162438
630716946 908650830
901809099 678811721
167908276 960154315
1478418 560653620
174196878 982744409
462018124 665232917
216779883 645601802
336071629 557013530
101344638 417844987
374050710 974327290
365424419 122002877
281398189 957970133
145374612 195338367
992822453 95856391
18265834 879212352
409957174 522680502
396266109 513823401
251194572 369935561
164641279 728518132
782086672 28857706
82186246 856392705
834323200 634340327
51637876 673954182
587123729 83081773
616399933 548391036
151722899 808771040
835056162 878090574
832609361 307671771
354286900 402699510
382014876 621323366
877900312 208930525
115993570 518032542
293376153 223211642
676162455 927413305
499158289 363000320
482898931 548402863
794287016 332437957
389816816 403207408
984129963 498873736
229811108 779071338
159219468 987414520
570170565 853398660
831463145 555603846
53951728 577440157
534399116 863670900
834501798 656119973
216822661 159692769
222143738 322844241
784372939 835138466
21022788 538795684
533681143 387882643
142508591 100999696
595611322 805907480
859243246 668054092
86163401 103907694
34575918 645983455
855215855 250475773
657574781 202425961
653233471 615449923
766612504 45831056
57404736 95155646
170660807 849518026
247478915 407927082
834207622 811078737
478863078 92420756
178843824 672732114
132008808 160441839
638516731 917679917
978442322 640930042
519892292 640262642
604192650 135645315
126720175 207029276
68957441 204747403
521757771 877474335
22762151 740709972
240968008 905934998
30693515 300058208
38368187 275473539
138875428 637911129
812632256 399427982
435970493 293576609
558171924 774026305
28488434 573854845
496605419 718697742
810517553 406620985
661285166 367666084
112423936 650034792
718046580 584701572
644653831 318853268
543091415 299601876
798688869 675133979
439623273 25723284
767967248 954330253
316671041 341938377
940725596 967454580
623525230 644182882
975582150 785733396
543056348 229051458
234295292 460102302
816633247 699301763
373289435 90703086
133088514 287726825
206358799 945900675
519674846 909259524
27304556 773574307
591389209 548581929
251910461 519423677
206560230 28912621
88884263 645276763
278322657 428722865
519026749 945578651
174116914 774355009
497681665 106298474
141199504 792792912
102451363 376410060
486945560 446386173
772506751 671491563
758840223 486001501
688187324 80912456
196091953 204921465
885605097 309478506
95265529 381346831
797595446 550522909
616396059 549065549
651972945 647428634
128224584 763055052
123779122 551556039
153080032 469166040
757095050 912619111
781969466 619165225
567081021 407137479
75600746 424893379
635747870 345851260
831520005 584065543
589877328 956825516
499790334 152479428
884667741 232176904
864037655 304789658
860111836 345747988
169150944 66844187
281543689 627561858
193218214 938236397
426525344 132468739
769003495 884694789
977431923 945368969
585722487 343477163
725828213 405569505
928478678 496211622
635066519 717859828
35326870 792701066
54720339 658283781
71920499 375620604
714207700 215753997
38956067 478185191
471147766 824210516
523670725 606004620
929929707 946578260
648698415 123132708
517340491 459635828
817614726 418996484
510624566 562266276
320767890 274129335
162793855 201594768
116115920 125058161
274443898 574404582
363101183 112361842
63353628 79587194
174684607 230555989
477576779 639233262
947150394 446531047
905883770 294174713
706655259 798037479
348972978 551000990
395759035 846332231
121015340 535917309
809375526 950549242
732512123 801385292
157526716 335030336
265062279 300714228
410615992 150496592
144201663 269583133
137859920 695427755
707789687 974059126
130115750 885855939
594887610 734271517
294150957 63004804
500033550 684116442
341838127 949319433
242152635 940383910
684071489 199473974
894164319 569230936
782167491 156817403
777074912 596865578
468218759 773285090
478936460 66829419
629118009 403332533
913564760 349821131
975434059 339487373
334826738 861159049
627682329 316108821
125164966 182812986
646807382 995103600
620873585 775891173
129487498 39855541
898324856 481138505
611699115 722151726
966158546 536690469
701954933 211446777
522613699 733645388
45499659 955631091
911538845 558725803
992172718 847710478
960966389 691873662
492549824 439782246
587300871 333296657
935543072 169645031
56086308 8245574
640244223 328329712
553110361 591130488
999138674 214208565
101743776 781360220
301363591 401696664
551588905 615181786
475060955 36688084
125544584 909875429
868309203 321169751
623950576 91746947
379852094 559937544
81438537 122034307
748204007 214807169
903926262 226919706
58913689 818139164
170407346 711670752
270756236 994940389
262080625 772338812
649981203 73272822
745144988 184801845
218748526 923668483
493450971 189067499
6647123 932277835
149279956 881141383
690711394 318259137
791215108 568553811
543669055 971649362
123254963 837516758
673900733 187091713
463469969 640797072
560406097 491571614
384537965 995800393
397063791 534255182
380247421 204910069
862463566 987727580
933417412 547525608
951061241 133830080
246754687 470732907
120808199 310937642
997667521 47016881
48054440 590373605
727864352 31234892
921233771 548563823
246823975 443207288
934069709 399561458
613785293 359485413
46124750 691655588
149756587 420259055
960648381 506742116
608009062 872661992
313146714 165703161
183010480 613950363
717977627 486666888
780862011 170307213
996391219 360689548
353565587 564044557
75015180 990729232
19402175 252671944
22171115 664376147
439410694 18364226
252697784 717474044
889417717 605346046
415203280 827332139
185247576 691748759
441047612 712458337
756228139 392155165
223083428 773531628
809258344 359784536
118235578 569649006
28118971 733123319
927509954 554776924
906626872 200094344
284806297 418735885
38154240 945866736
646313796 214394650
266693873 298817967
647196130 785425545
151979237 136179511
147249525 98170797
734535147 683885389
289784450 6162855
859173730 246820340
843169545 459876168
697074443 664080043
437674220 307126603
113754020 625302863
649701658 388050103
144977240 214216583
312184822 418152842
338003913 613008924
664601356 714617465
487413667 700369254
761688337 277193824
158194551 989674660
233030110 236416101
179629583 465176216
390640401 943957715
240308125 448279422
528088434 402037465
397038194 243683472
685764253 149970837
139836433 97886188
465160524 225302309
77761225 820551701
173779120 936333661
106331414 983772796
737840383 285016795
65451215 571827016
416624047 975837340
872323430 880221475
823180708 698743552
834436372 780955717
8090094 906849171
632938101 638628515
574037830 967562662
229746816 537756262
347065081 583950199
700152954 792477505
237706996 132701872
614494892 161939893
135136717 475521564
327737410 3155175
653854528 496813373
955255876 47806470
739474931 92884557
550321846 87379875
155183025 265111246
201776591 673408620
358765297 611571143
941583309 360967790
122410746 108398218
470865509 768734608
485003743 848957373
853476025 147485647
654641720 56082646
417036744 125470958
491842322 345343921
228880986 147255239
974965364 505332865
279437546 254367275
181784175 733270452
671986767 142186392
217863541 358124931
166154493 286960916
948596823 505855695
484003213 74254113
768832800 382605298
938116116 334577485
914808136 424623136
767363410 863547875
817599287 312550667
924774648 426280060
34046143 124643867
646546509 3125882
900852429 503178749
917516688 269079147
29784957 379311377
215526090 164978052
727229760 95627945
79880263 235642322
888357753 905267029
980155303 918050397
948202448 571959519
619690367 591946903
364902760 164482495
717304342 463796424
434270733 288133479
684454053 818942023
907590028 982770436
971924127 440575799
911513957 402226832
276404042 169118878
800800974 687739679
223534362 120043668
936452860 192961420
521785267 832443156
122832483 202343447
893166735 160653890
837604160 87297485
502048752 938371656
328011198 816287049
492836422 894474790
962569539 982432427
925443303 343951720
836912031 217545367
196312554 430862104
985333244 876061982
667973333 425270807
621346932 746980710
464420125 968299365
215467565 329610979
548690913 534917978
445930185 313075801
149810156 483433504
568885581 188711789
866050379 772571109
789560443 889087309
707527931 905425671
355986721 930636495
200574314 687372166
898786139 11179146
719091550 479799934
335370489 219973361
218453676 991412738
270734839 627096041
891352052 475714094
705282059 424297273
355573469 914026778
285719780 428102851
623177984 432269701
856999014 691827305
352036892 559458115
700785050 887075298
316812650 701544712
318610876 86957476
575572029 453544951
896613866 197772501
710112757 54692759
966521933 542091333
355190540 57996094
585917842 673131745
834127479 807525603
312453608 437014395
366307860 246567602
530687176 646510087
283719290 640592182
240128012 802957012
846314026 102305879
717203699 769031915
850344165 857355048
323337441 626005903
794197517 746379914
728663269 303066556
923044467 554411098
289810482 275321579
67064413 974128021
172965511 250008415
151939361 325551975
190022051 198706380
741633058 521982248
982909846 547211901
627934983 100564007
195453481 921234185
357857276 185691181
382978124 732678943
777228582 106156434
803631170 417605527
721244627 40717938
233444454 606032267
243090011 652900259
645210355 422506593
506530459 558139151
841730420 495919188
556172053 53746908
732371544 306197367
536243130 450845885
34135966 701070632
382615291 192667307
599835391 543542297
880212841 799863740
714439369 954141022
31675155 598419692
382224776 139867363
484385926 904868204
430275160 926796800
776461343 205216004
775854533 457000631
371073044 272468864
503141603 995642976
637797752 882870669
459992645 940144468
423551548 869379045
676670937 203841715
229005867 47754747
707191196 804555992
808412840 766539465
329950256 42774434
45228969 757867109
379116844 938153133
724922947 899532902
178968940 522025830
463851977 79483761
761436794 458666658
284345579 713283134
393062183 995492188
671956697 198747750
592782688 964221000
533536062 682943150
664162538 352751791
779216652 569169341
430147429 154758545
851367212 727274482
477532200 235505419
882108083 779252958
877676452 973354477
332962997 500986701
389207192 186247708
165237682 931231668
639738068 324151209
552368791 793793667
474124789 872337427
679005442 139707026
322996734 697398183
108790585 670315691
943074828 680412751
239009999 473655174
927341745 184873950
931180343 358264455
703495767 671768476
57878881 404696950
576719741 694503773
84366044 462801400
157926726 176922386
851232959 256487395
447449496 886438963
460548857 73765656
46602959 887983445
288607264 180706430
226667310 222433714
586474207 631365824
555719804 231167594
342760200 600210245
212325293 425623578
304686665 853994175
750279544 186056416
272897699 539801570
518479668 511455435
247225674 81101534
179648366 403068284
712789633 520867361
842607943 432779852
87987833 194252847
192314759 621380805
210735128 368189463
710975914 947569720
461199668 775073904
532414941 57783324
738718204 391228249
398525539 129897114
495340060 540733501
295878553 989315457
955303170 661995936
23897826 143834908
231886216 60686997
715317622 205865576
554569980 726922772
954812471 202053489
118888409 611666784
131613108 863660539
183965132 161178526
950681747 749234783
469605134 564517882
633136535 461334311
541049643 428663133
869762846 209556752
200621355 213047782
816690733 210258390
703544699 521273359
492623753 376563850
876716230 743823190
277929626 378159892
929010129 541451223
976460012 698058707
728201771 770084930
313099301 466199745
908132352 690041049
4201443 322282825
53031347 963613203
747700859 288543707
421386237 495229973
770357338 882112883
454654403 91562334
563222482 630894041
642380576 22457464
231522429 87031963
408876986 828539122
837106868 615859482
72312779 744075729
361935423 334943651
916379690 570261920
568303780 554840644
871282315 180347609
358518599 562303934
447222290 325312831
35254983 774566468
494891722 80235131
544563800 222538055
66029635 611775235
174464300 675816751
422157045 533180431
733858403 133700854
135584995 958997963
138474621 431059339
18991391 669874932
603213482 885476013
907177408 132751235
381447781 476479227
486356598 330800928
357324320 43795635
231803866 918575211
716419639 85386890
654839189 656409629
631261347 623161315
357718084 234803194
420939813 43601583
153710187 332207359
449569913 448746313
466880820 454984608
283218716 642529887
750868932 26996249
43839861 410410803
95546685 251771287
504849092 632051177
671026823 209329402
317691608 57930898
687395808 413059041
973878194 898339569
570416496 655772454
223744006 841334315
323009071 291892271
720000812 601975582
658405649 809006641
598636861 689799092
790040999 804254481
832738127 84052647
348296682 416828567
439087200 821354372
135187706 314302922
444166287 620454311
168985352 909497948
111699738 225531651
773162087 76461876
365953703 804817527
979480094 23889285
637104924 620117383
449239512 292864320
182833124 24337775
816422163 395003576
205441211 384492960
847994331 40489383
14739362 406024518
727976258 886470887
121928022 255742503
644732420 569114431
897254962 965594267
796669356 428093693
297293106 489955916
758941774 153011130
694400940 461566459
35463956 78972078
216806990 483783301
421233055 621755762
651564766 765500227
290631862 578166243
16185393 36466695
149229137 293470028
194394672 38176129
699823968 841008858
34879738 730552645
729393458 142054480
291525771 74506158
900672967 302585341
474955465 612790518
194968704 734604448
231497013 112002135
569731268 272977188
322163358 803788852
756445355 672206900
324408813 81215305
716201484 426585945
510084076 269892698
353830923 309137562
759376026 97411456
962585676 881541772
944797147 743473570
621564394 950206268
795168365 435694325
316843207 159523240
970165489 263354314
313968790 506585191
79701095 163437377
765129869 591554373
988023404 906850828
85266978 827660356
15849558 880507477
315995334 145735078
365429920 881975209
287731838 763834432
532602906 523671297
538792133 132105565
331257369 414375054
60778295 155304706
565370040 751699213
994086462 480299325
468429998 994813287
504516245 478618568
47544488 760675355
951435472 127612698
526026202 832105820
322410899 285546244
348864348 505880220
54325551 29524447
404266657 392720979
768400323 964726667
164236383 809385181
610253699 151740646
724151143 213937654
836357289 925404262
53635176 161680258
968646512 141166817
737943240 555934109
814922418 67799476
401790330 84125661
709782774 997058252
412057358 848257450
58204975 382019504
143896398 279002245
342727613 924093084
456952158 96884522
414406567 320651960
639992132 886878471
261770143 132129638
746364821 317554181
443941692 991273098
327208685 415122718
735327975 618429154
857344575 850067162
548363555 236163101
286525731 514012590
393253674 371675880
867675792 368137737
935320777 520982249
882958295 83019518
466674007 355267501
986120951 469011865
624347745 249355832
873690399 231477963
652263155 510885078
493324582 519813311
208845288 647723081
747971718 905635537
914160412 121651647
710954595 142253483
234303650 303155164
652114037 346978571
320926795 922981925
378855266 877727734
763739378 433415469
47257072 389698191
528813008 778167725
132731950 721851798
60103120 895055240
123939608 931610676
875392685 336409452
679663395 1356224
414044764 911714924
542998570 871075772
983642749 507011487
296621231 448128089
420913351 165460422
314062627 488685090
321138989 44595524
995358787 841349090
350329903 624187107
859969966 398510576
907227508 381587210
59918303 54450038
315621946 693861248
856197106 933300342
24770836 385510881
861864704 88058438
517766481 773950716
113049224 996693800
631435301 888176849
884892541 614905500
185161650 237985904
854207842 387101617
860740113 765152134
404574496 836221463
170149977 456011435
634722183 130759520
943099247 443973159
438372882 946412289
807544211 870287714
456826540 152657117
926669718 361412741
467740255 772043434
958143223 931838538
648531029 297760021
902922939 456789309
508651496 762512591
433994460 814833714
158363516 426423585
999310737 194418016
857869516 74627642
744532215 689555621
602101342 801111537
690966757 423183324
854375889 703294648
243508369 438916694
320569101 942011900
704803343 727505838
420794245 479965722
542603651 253978473
939859818 453288648
382575920 71687016
387106218 250427100
399879192 195633872
291349678 105896600
470526672 630423927
358571836 295756989
604353254 550883522
424946888 699602069
450954080 331202040
350633622 499302484
581587381 913218388
932716465 752496031
731286488 496083064
346145467 940417655
837588931 727733650
270106020 746459759
581660207 464429880
551922030 170408778
354795250 392711426
491115035 409192846
28077888 23523609
113237080 496074674
482257130 585932939
807316277 337181369
655623528 507277747
178164960 144068809
177615070 288907188
454246717 513254787
783336006 771173933
152937919 861802770
424552528 446668664
239554127 409352612
914763255 614734866
58818521 801559819
43982623 475942240
962843200 306905235
779276122 852770168
435398410 224919104
600680028 742425318
477789007 380229222
718704791 42956787
998509732 723719927
540921316 792093341
91513541 212924543
114531771 746003647
101894668 188975974
769968220 750864211
672248191 135160471
34895652 401013676
180660706 162133388
551299898 970832181
19315576 644195185
606054721 50048711
589685252 296544431
570496933 819557346
462017079 676320863
385093755 531043081
276468205 974193470
107788180 95462047
239209433 861140157
414523830 409032309
940798123 306679989
369727877 402605315
170728180 52462265
595947029 88338162
991646978 898651570
461878408 165233808
540447899 425825503
361845592 504615905
206226363 632025251
419339468 374576423
511772434 89728909
984865097 19070108
629359076 855412558
215283024 254886964
462429938 786062836
994893773 365889955
67195079 264447393
578510601 777236973
261977759 796780519
561136308 548848956
966581595 931919903
703018185 156144688
507287564 227410452
309410270 159401515
631642985 869569592
187213142 616421081
473048753 700629341
54847338 156839015
810120858 809162047
690947666 771211170
185949932 570417151
279228314 84277092
235594370 227472019
930044595 214470736
917671113 507423822
686674542 756959984
795143580 535040121
185842198 945239111
455982394 198205158
903864152 817431846
64534085 592703892
705430555 775886699
605939932 732438951
391181365 916911829
789071352 803613057
502464835 724680183
501029414 251532953
424360000 873933513
719218809 275262769
922820487 377514881
761571700 581283135
779207553 204177486
499512358 10430757
130190856 587039357
500685560 955332868
497813928 635805999
446702876 644731061
321531130 132512283
162994494 868106806
154437139 296932913
482090850 149606683
409529876 318028189
940178921 740858074
115051146 616295769
785816400 128376465
991264233 664109445
845342444 589513271
351202461 872535365
509361457 935150297
378265175 119556508
943669400 926446272
7966178 347750260
878861020 578214356
369084785 322208519
316587338 750583581
611616484 180989490
330531012 482729731
51654086 848888565
896193028 963958765
756953160 491621869
841522980 236297914
873506345 526061997
569394116 658771639
289839709 625986359
862058730 688864946
331513412 750731190
679127950 128338192
86934196 610922559
650480214 226198752
71287029 55860647
578654269 959054618
160326089 959142266
514370451 156874641
968529433 253524811
488065504 251271707
115817102 412909546
799053671 5683037
493877114 723319384
307342626 660287759
776738096 323063879
991404507 236027520
930907546 938631912
971285528 773148745
885920828 497579161
368307038 303923720
31027928 767514287
669249473 182474164
72306959 856660998
886249791 750928111
921573584 119579990
568989735 422933101
757154746 557799914
684068931 608101200
600192856 351652325
241213047 808167685
824392928 194400335
963342509 773135469
510710880 31869955
145794566 548377971
320323557 832955218
473065561 502521941
810704749 522466503
594124578 550717540
823496708 912207851
335388184 730283136
725180135 556600883
92201026 430344082
69302499 613519087
425495554 584722243
526177445 553274986
637068731 1697522
833715544 564062208
305642854 24500384
829990553 474761804
357923809 16197321
388729772 978325445
210040089 937857204
524821335 146983823
834197065 729104576
603653518 169948965
665297587 283143675
239786130 341498822
759715737 314595169
534212 7914753
146412987 35965512
362886377 113050394
784745685 746862068
204116090 630805045
898165338 555115631
642277137 622788613
243486931 400460843
866734107 500211554
249236129 230429090
231359598 16086736
36420620 650287731
137546271 346909701
109351056 838060410
25295491 602670681
414761717 968235464
169444375 231914693
643000423 228626200
714201812 703728563
312138012 635498836
823632659 720037741
318432840 607125828
25022627 665377508
665401819 542271548
652309289 433394239
510072571 426877519
821757284 34644485
376461931 675078833
884058192 961904562
290759629 190563636
878821748 656015482
163383224 925923709
879554790 654006172
999799521 883675218
566239741 381908584
41121399 883555401
607209280 57236223
848857796 961883615
444884536 448568544
722313623 761905278
663192363 491951302
953437618 577537505
142297010 957408029
128592688 912041544
722577205 700624462
659752822 989372158
554676489 96558552
754719948 491651225
430200207 971904531
627071221 647641145
748551442 956061593
308372988 21169361
373449516 874126343
34547639 751424739
243560522 746024280
732114895 491101769
452762007 453053363
921267678 178730257
839741366 997661721
84950539 339264963
255277321 702311349
28480696 628465926
986538465 95124052
736925534 308058430
634950755 496614515
697146689 100554677
192421166 517352019
956944123 622794546
254154469 20840587
274397849 535509869
697469882 104339054
373054248 737928433
30399262 147597489
204916615 257328842
937419123 842758014
463334273 662400958
834557404 827718884
959247763 736116813
547566203 394018659
136192842 866457966
34603489 708303438
461151666 191526103
504003954 953775346
251828528 523260549
725565010 494836274
80198855 168440527
210786647 374099981
573660822 87235539
406035546 461936972
263297559 248203860
286344105 139140593
32362240 846010967
80298734 162149688
8492501 499923244
656049286 728551442
818403212 672556289
665976955 611747826
463016818 736220901
841631801 583310512
115389911 956300887
486373522 125043217
394956921 979142570
688585103 972385496
968052639 17917493
861312294 490201569
41786908 377425077
633470753 333700970
761768022 967455956
238026037 307232270
689526626 631979368
385550682 699155491
412358842 975018673
556081494 519628650
169661678 804820467
170204074 326592796
282639986 362996288
862753091 803568716
113535765 516260045
271307829 668524416
595680011 351363232
106340616 304464848
355633606 793623384
188829299 31278766
858267731 12324756
702335494 432183826
455870319 647312978
26321341 696280480
364903115 868599374
762565641 705985994
415330916 970299618
325060644 461029116
477748954 406982262
572859176 983812309
763345300 258162311
698953683 825091443
546400468 789440770
712392885 943634382
928318345 672523743
578655144 229576051
922921968 686356689
953801057 576388512
829834002 747436272
886732884 575673558
528827672 914537690
136963401 28562843
275316980 500379932
117068627 474054002
976289025 715560519
983268100 79531112
502665696 464359134
192898573 706828359
622475096 163434967
876475255 912778326
324855514 766170669
643805966 391258944
957748536 204673780
731665457 528286428
877710262 275478272
734242835 329329795
268116359 489529946
309026172 560920596
872400085 783620954
939928849 364638815
220744931 402842514
137197805 977492181
703543854 158535994
462129770 683544461
28779665 692420316
622786088 801377608
175996931 70404277
545564172 305557620
511408731 717115596
347507650 969404842
334658291 766983757
429588792 656602403
758837462 676923982
717691478 948738134
345762425 953446084
446380215 492771656
215344642 831951036
826171314 609927466
745341114 704615434
774217802 58624130
594184601 891510896
429266276 554104787
264093786 455948068
45029309 1512310
102701778 884469748
539869853 902031514
932716066 787845117
568890344 762699915
157140873 255232581
869198766 644100051
454741358 395558309
721058482 54480923
840012114 580182412
376426735 89038849
643531589 197962203
866013310 167632614
