1381
810192219 748253063
667678032 581846203
441025162 912515520
713956760 760791569
901598185 473192095
817791875 335417629
234778433 404161955
328280019 646001630
119265426 522923222
616198669 900936650
477079253 306027762
375098226 683150644
860903799 413473235
513175395 786672252
249768793 681533320
158615872 563490693
599678449 751653872
440635333 344993308
519728812 412939033
181173742 381902403
87617292 755748429
731673004 402185061
88953064 239970567
998695862 429719329
990693650 81586862
614963945 107274570
672172290 858783562
783426122 331912896
228027455 879776724
329712854 676293714
702170637 358665481
497299559 244310325
662582407 22877288
659480767 687044815
200139412 746199922
219325701 457159860
328584959 435545027
899812809 18665822
311108216 363451092
222767136 339743574
738401373 308266764
278568740 569796395
324888838 619229899
804351453 567315824
263316652 616264480
652302047 573795588
673624157 214501594
895531982 291384361
106784485 606898309
550781467 171476283
581179701 699765841
919155289 152534104
819592092 195639170
623923351 218315169
71146997 291373233
149946999 37765750
283068506 803472084
690626825 747961459
24920238 281728746
988580470 139972135
889644599 135656680
722868924 392177815
187942386 85432293
167944257 81919851
524517597 858855238
332394136 5526202
8796143 782732049
414545860 686264801
269799803 430226111
254207021 422486505
845227026 770875255
627406209 987924493
710802100 223383885
178017531 189195701
684678937 232509594
613934492 292782230
963566288 827231405
579642780 872095911
281116823 178022007
107144284 446361779
200496018 158852068
849925466 766018490
909194276 534955614
498733046 188562712
67846840 501425969
753907082 707174398
210622654 238166733
499283404 383669178
123815180 792298579
992684791 472696043
800961027 450901151
433292792 558935544
363253152 178236041
374815490 523528628
967815210 491126988
342130610 690907828
742059536 362447387
296405655 493689921
585196901 80961123
255109254 991082319
909236759 6735605
601585026 244302613
347310478 702067565
102827391 400651475
864761832 70028524
689247725 153658311
788718016 310233099
896523821 89724942
987997450 171999027
988531535 106184613
367932053 969026332
239923280 337268547
752550001 557564274
39563151 744950390
641064290 622229279
482840124 97398830
848663029 108956125
470613560 916846650
533868946 151747320
548090451 187910513
528454186 445740552
124219057 771122659
461948786 208454569
282816105 524892868
114450709 986777152
361022983 152900855
764593047 380208608
803370556 381981786
868398834 414351102
327990198 423921773
463592382 456872799
588074431 614290128
105265226 356093618
325376937 682934720
713898073 406603790
958798465 122352239
249790131 882360861
450949216 705552375
526363046 119368107
452433235 764933130
70465927 867015233
937310080 235714649
683465740 287457888
127909860 792248789
588602538 391386096
943580322 98409522
978118223 299316629
907918355 17827974
445909363 362901484
346287505 822391397
81801516 676622778
695687573 600231810
415541371 90888010
361216243 651548266
342989662 429720520
692101908 308498572
986710875 686903089
82800774 676261170
861957811 800221573
620546984 42596814
910356272 938213550
983671979 547756841
674817340 721651155
673709180 355858815
167796205 553384967
420336300 448904837
817458317 568123079
375046304 677353382
160597770 796723638
485034506 773756597
43361908 580590391
493814119 870469351
310159977 376934068
354615141 307158239
455435418 525637131
416289154 82102410
726790910 961537214
601572277 41457800
943057661 263430339
624832972 23348153
142088590 73375125
919755925 170807466
613592543 17788503
669843003 493113295
599490630 734327649
819757745 734620241
256099539 128745070
545894195 488779824
881324324 500961708
735481596 234146364
218195674 50341370
387618688 343624547
932475952 978454187
499858964 930816604
101783294 106098945
954862383 284692753
845226626 135035350
331113014 900639142
56971072 286268883
318918232 710141266
51404511 787212056
759959647 528278126
427790493 180040469
286555989 764655242
858265431 908609480
710681970 729732584
358135009 700755400
953480031 39095694
234346981 336550972
152427460 263115478
583422861 198685940
766066703 115549114
922799610 393934157
637419921 483798992
962743782 443436366
441278077 567241915
17955155 76511482
708645941 48368200
540356618 484082099
47769838 902510552
90885162 959436621
507519933 699129803
284225404 213666133
924532502 186102035
430299418 701458225
743492822 94511536
144342209 465785681
916352209 875197483
423870723 159966109
769907991 763382456
186669561 81392851
176796892 658422095
134925128 88004765
839524868 864128974
663909464 703218173
608807802 701522544
908271144 972328388
823911114 564318398
958997950 101314006
133052328 872849336
510720248 890698511
267445857 604106363
433850475 204309238
360371471 383224351
912288849 95781251
427877328 16698874
351665809 808324497
601934197 74068478
872213690 520924652
333365054 820162066
567187899 673353827
643971053 748632837
184868212 389455211
91380395 498360483
461287845 402354061
987301902 674425074
393648485 406735957
802226208 363768384
505744874 97462104
656331710 25055811
679722288 894803944
27606871 126141530
94428963 635183018
224618122 570927964
718678130 426703794
913477563 513364799
280712546 353987191
39332511 42451489
373611763 201273470
129781403 10720993
96675964 132289967
820826661 173059239
521472095 995665037
858971184 360561421
292418950 775864627
667358400 619281779
225215369 811760881
922011918 769380020
265061451 894896008
153304551 49768842
152707789 419377794
691778269 115680182
926489290 567064984
525114283 833814784
291511679 939011872
867128756 978833198
671886349 495147383
401838691 646992495
566698609 195471936
790237707 861510115
343919228 702248709
607965096 819906928
52868068 956646689
172135159 580907291
752508178 804845501
423012339 868207816
104203941 153816214
263238895 415658986
690061075 884956892
835155873 903859015
487899678 494360119
181249783 916732623
437858842 756310408
249141922 130133077
35121379 977316279
696727154 506446093
80238322 673104001
892680753 839771035
18088993 419159441
7225480 238900520
635406392 646360089
632719070 497992568
74740733 976431065
452742712 263078728
301246692 784015683
663482967 423419774
324123227 128794070
398692143 121020242
240446993 468727146
511992259 719859376
392657656 389719697
468119043 466709928
640371727 821209706
434315153 170226246
970271345 849326965
598236568 332806934
668631101 54466686
548983554 992618162
742303200 706639982
668178831 18291769
22130897 855419041
741165216 222363227
801703794 858778049
614031155 338303849
402245845 883143572
768878472 719996159
618322775 71125402
577478344 57615925
470187164 484883682
622950985 160131277
706747480 650123828
665794154 955828497
188708039 875469081
10650921 302562275
946034329 224209130
983771664 55857331
871935719 405286318
600731769 277486987
327389014 175078034
9518088 374981457
398183026 563169584
799556328 686588948
12343099 446658450
444270289 272073267
795398814 254069910
543261167 25234412
472005633 559971705
19332670 19624187
465510678 187932922
224765810 246422542
60877378 477899503
166552205 561572088
439018885 262968857
475788298 957645972
322501090 308842061
625857395 443125653
19268002 683836443
817246331 129471042
304206935 600891862
585803937 571622966
667942049 756492912
323629484 213558073
346241246 487659315
721325709 847801580
610513573 248104131
442351360 986263678
54665873 997074722
382626118 871702834
533808933 651490814
193092417 399869249
433345440 332594835
871553180 560083673
585369807 296192720
436017333 324945149
367123237 211404023
411118794 295798029
286497928 323160806
535332239 404124413
32933846 35779641
210862533 14526896
945133860 485523332
972275326 243303904
947093924 169852825
905720164 604381040
180979224 775025736
860995107 741758881
239279658 554593450
63633596 323106403
174692283 608206757
68516181 439765783
85308520 701759
493905768 140480617
826493477 493905548
718488586 267429516
622315594 740191400
980201729 520864017
508271804 266549124
12118814 755021434
941660781 876949540
888573619 258204023
534613882 483781177
946601046 702622581
377075977 737910361
514592421 634641539
914372010 682634443
413087471 264638780
910059161 995278837
15179274 354036766
449783660 389837476
813778529 855749362
250714761 675474704
106593093 845547593
848325338 650435436
970038133 515593871
717737666 776518627
75602656 816459822
157534572 116007005
460387457 480181649
925425212 921655226
267483187 254283258
971423871 794353847
145668398 739612582
978688305 243182108
912988351 828791924
333970226 941851607
255308184 546828424
960375572 23859598
330658394 167821672
40046591 891852700
638693575 401927472
143091656 963919056
318584658 675512764
622189993 834034594
722640977 494956498
172074176 614257586
141154140 155955926
367351690 309160381
896431179 943786495
279794121 191678580
402649383 117587546
343446832 97232138
117463965 990642477
444909148 931838787
756721672 902515428
851760135 406836173
49606794 237564335
345275304 688263435
508044794 175407321
561129700 665359883
166184530 479394599
681624456 180229280
721982752 704723583
643897793 928407866
399652085 563079389
584948934 624130024
885521323 685851989
874317338 323119284
426982635 398128236
529372032 688302910
878982897 530630502
996408717 505980403
689051688 769934458
376155807 48212745
52844938 193737771
426509180 981883177
706079101 545668636
119718099 355430826
891052195 277318141
605568420 948058769
383880819 919238839
343597127 515256019
526246638 609865249
209741297 477086827
752334609 558583813
738176400 280168906
786386389 599662362
423181622 744944623
126917180 862794899
844192247 74282571
305957692 410446339
576195178 711554107
269262028 698322106
296547589 758189595
214037653 866912457
133075770 397772342
262219376 790998414
737779211 463390757
246195993 519564653
208938897 19822987
979462372 724021026
723158179 801836560
769314274 670753808
468222373 627913109
800492818 23121464
591302586 444686333
454539974 637398003
559477864 566379739
274778032 945639725
444482528 102035074
599743474 274982759
411131023 859245888
913937134 552592672
806696182 634556896
334323492 24936717
993900773 675881854
542721384 652400567
135984434 146896305
920752097 709993298
582030723 83129962
819462246 425017042
906362153 506260145
205651491 631227550
718498678 578434662
370489191 449455293
199842176 485896935
837909938 307524546
571975868 940679585
851716203 828994008
890982947 947489892
475520830 479133511
357196113 445824779
228533193 482237631
965076394 946647345
526984122 701029067
164273841 12197691
936826183 330187172
567148076 486568617
260672325 852426423
397741341 748076759
902659682 33994574
310366497 207679903
233333074 185394395
618539353 276516962
820419115 941309965
535811287 720741222
673576551 152980636
673550994 141149158
25074007 885567810
889963680 919356223
492877823 359006008
22772716 618152621
425234826 549542584
473500645 469557210
95110393 540507841
28494819 37898062
84830658 643983213
428014605 360909700
881701923 881300924
495106336 683960030
375481854 538899534
918361892 105646638
317165784 474073452
958824617 881764082
678920853 271453646
163480075 395450887
553221576 980190579
660806391 470517854
171219234 744719789
576901588 643801174
931494777 981441284
690228928 78262765
280136297 4835641
479508605 795565275
393427386 691891120
199096642 520974910
438184120 911426069
15590278 454105393
693627563 80655203
828244541 97796326
867802506 60960555
990440071 855431913
732183174 572146541
81618029 922651162
842013219 902159114
807522957 70404867
168439706 441053273
375589413 481480443
829856421 241024473
155188693 651804459
509009438 117418329
55944186 490943749
5935979 976010301
827804600 435497321
856540942 366549711
48025566 177037250
325682622 189287151
911557541 307315657
965332441 52422911
86459999 2416468
811610011 481680287
767455300 873876790
230889377 851693531
198215999 888285952
291099678 197016329
791153666 221848529
941396825 415355651
206508205 994028056
512317499 620674738
396867484 359268872
790801661 234411537
485361934 853902383
528146079 818701849
272722616 241392773
462027292 307051260
28012939 432422494
735135855 832513100
531388621 846074802
137215115 796101668
245717099 469169761
562562266 885888809
400044487 366503166
411916779 601867396
822004603 111717881
368035534 459405156
32807767 536216024
921144080 966133709
146097742 141526999
14209579 6421792
832507701 376038530
14352738 433462004
941769527 466796430
406539396 96751187
909734456 342360564
946495288 934883442
263265397 685417298
849836645 769760408
553408996 45779988
498453877 801622752
69348272 193406850
183574652 953367092
294235795 219178628
572717416 107409110
589344793 779545105
843599003 59757414
652176314 842907453
225528879 559280484
795260619 454168122
94052542 839725973
37415066 939236865
783372749 59571881
191063169 564311666
823522628 485590990
425852308 500589772
122773069 644350923
675703222 428869974
991609216 220659572
75264097 902924400
856593234 839564882
37449229 222119153
31657846 228318917
569581819 498740780
175907510 372056550
659569212 705051496
61760644 220331665
452075708 431370604
626575538 216450411
366661840 566172761
794429460 782815024
640843278 857111725
618117115 411710652
41759260 110655513
649020506 805111165
978892159 329705267
952649816 618211454
447861975 493226947
724628551 893345423
881585141 313435057
400947511 353913803
94629301 573301459
827983033 806947399
206575856 862593938
736677282 354681737
162414922 554641119
749594683 775390631
388716046 593459232
191942382 205136097
865796382 831866131
349294389 969755998
778891608 846983471
650024893 276829786
465256340 423915750
310223172 538824379
912547584 804177728
578048403 604438487
744572911 239146942
61732698 988848528
287713021 842750872
860993865 376390547
453090304 639087164
702229828 622049815
63960346 647718337
961226699 741205641
753458451 673188601
332779831 766277294
257794150 683258679
559162963 744755809
734697737 623525083
841179543 107239199
55995639 208419297
984137743 893168873
292458741 134003466
917439002 849562141
395163763 337545352
520069235 616701930
415225146 509305747
130358649 763223180
792066933 4822713
406289351 447225088
349614391 4843018
851291883 927712146
932354972 655208154
411665556 649813036
484423822 83518605
281055381 932778640
891582984 413156571
433193981 507271741
196904224 672596064
332669072 913394919
876302435 107872014
782054095 849121681
349530568 728524374
966015430 941145962
115763442 652713556
168468663 788861908
231019788 783896662
14849896 162486841
370748634 361460770
386840718 183448945
383148796 690818798
413183365 725755226
3311030 701630348
240414049 572006518
208223674 263984450
762166297 540413081
837986525 571491804
273422656 631640329
467211788 714362177
830673695 609612775
635911970 284725092
887600064 346110010
436298436 208317549
745833531 49178446
379748128 770488895
249460141 659011450
459518283 960686429
330574041 357073234
560643479 579561908
547500530 2486129
201567317 295945784
809010202 214317216
8880265 400822333
337858352 169428054
657200297 438514841
228677241 732359454
930011808 193607506
175503450 636401673
419606113 948278663
322375480 849517981
754941483 652288215
81567494 804933530
680700047 477168903
804235766 447667827
59592051 564048524
379673890 545029875
359299060 998793665
259752831 890906726
334408942 932078222
790933518 326690211
953593920 663654546
759732826 769643775
121277849 218754761
252689265 597215578
912680847 663930694
45529551 33933836
967019438 203495409
982205042 36410611
317889825 203027999
233221243 455995769
317187476 671525710
89907837 845031949
364173777 196263628
710830457 847256096
342133041 478008576
63421557 901471943
935012436 281034012
207112155 199589379
539205485 251735224
88000108 265259314
225535607 5514299
875721031 548037442
601114768 180034429
175464103 74219387
900147658 166632413
329154839 842684554
825536068 2513618
804735676 688454330
52938484 167693384
43820206 89101350
444367712 763908588
213271485 911788661
624531986 294566545
881206970 348386554
375611248 40139817
543687250 464570812
669458792 310124689
661427352 395475805
569784179 349502447
393677484 396590591
278441946 744317060
982484013 792538936
839223393 420591960
133106073 185842405
484224703 243077145
989842773 16333663
475621526 104224657
442043 645032934
456444237 334049983
780163261 874720401
138695195 839493011
926698076 380600983
180534072 522764095
93722530 321489672
390498515 933949944
674195880 481267900
433608072 148928094
308958178 7939618
417426499 832238323
199263959 816402804
117623978 633388672
895965428 545336793
123357036 360542953
78366625 367005299
581580107 400460354
340601118 926862583
861533423 928804697
185956981 697718744
294794952 317500184
57602767 87573233
324058748 378312583
382066759 436717109
458966512 164915429
442055315 143076226
398991462 308859422
923302182 671274202
755538286 808594764
392692560 11620496
246040660 881750571
728122315 818088526
770460916 713852302
864681126 52418804
394217120 762811578
928788952 244980266
385065952 583755002
539926458 940575904
593470691 219393172
530800874 154015217
439346068 664062543
337235233 516757884
415548147 606844247
555079961 761414269
683770313 151195361
267978057 878725574
638976062 373436908
26666069 42270187
660847495 803589775
678451811 823514134
113028092 793604147
951595277 109040898
670989796 558886610
195961366 762780517
370054708 367076696
92510011 772319471
985513912 481059231
527383136 40122601
478867379 402120525
407176922 331547926
155910146 159415670
558233597 583837656
727093632 247223552
385213350 319647984
557097393 456487232
244724964 695421410
438346232 582267523
645587759 722393512
58097321 501987274
730269539 403807043
667359537 152877392
219196801 993502041
582547639 833637352
555734843 854744697
689025637 131105662
170130723 765477361
178556975 203893067
205352172 463070729
587690702 594414490
210195563 992235447
868514860 157927350
268311672 416894270
951870690 588686487
666675031 101762169
963459339 806572054
335131997 30751655
812533712 514584874
688555001 307267750
789889845 977872202
221776236 335273843
797702251 412061558
907991435 269635251
644959969 963243232
248454118 611000387
659900434 175762801
165621147 345505224
648386074 92983709
612201259 251175311
453580083 981691641
630689338 81180826
62876156 752713401
646908159 544969555
483949760 952794025
944726615 144180786
431942550 352941947
127796696 784496139
140136476 612228717
950073920 905897054
188100899 758441393
161329832 869952270
478432333 181625347
292887431 223905918
148588074 955794923
575986554 828190761
677392772 327204461
46235975 416100371
841026819 708455258
747970880 294656371
14673309 705823750
161944811 748805102
252294302 898945350
906103689 935196127
55545569 904726523
60550144 419994617
251604999 902872138
133991701 403839308
550103963 95990649
80762214 751245751
649311151 463218354
243959518 280427674
897205894 777709284
758934357 875716992
274835211 238213994
231207419 746207386
884634046 279843952
217505466 538734178
115796627 92776554
277393108 535395253
925371855 85264476
684067948 290911049
249014431 533931518
431439640 16110884
185862251 223706780
255942413 788406769
887433681 229112720
53086818 635541087
828085789 745255221
221452254 86423243
288309117 834587496
272772247 557327435
517692348 559866498
338900579 718173441
981143804 237623560
209143853 833647565
743631438 879366294
652053093 878259523
740693792 446784212
222717093 18070815
566814878 681073922
606858058 610661379
545574641 814992820
14581570 556192926
828674622 970284881
564619575 506099348
337711435 88097118
437742457 312291442
660281200 392512440
991832029 964987793
53195580 666480479
958827670 76098621
826928330 844868738
573185627 361192798
345346501 346690900
922640635 137451119
503119546 703308310
969676108 371467306
272360475 962700140
280550473 261761223
89036895 150299072
630902669 941344754
871822898 840166106
252083798 835511856
685270417 441112878
400810908 848712283
407675139 584109941
602051803 812044299
226243702 732756814
367007417 259903224
471510925 830896859
463643720 862665493
282784096 988761519
508034129 91076349
589546435 655652102
173489624 154572648
122779160 13897727
899303390 501748212
454768762 491493134
432093718 215300477
71006784 10278788
741852499 972446533
588108402 836161637
809419050 33774135
371241763 696483043
131275942 57112198
993316410 768122973
764011820 662991258
553111552 506580188
357923006 570943710
206974286 70898177
46370729 147996807
723776691 711591636
836990901 380395544
756505061 961061651
948290480 731003340
439871854 698381796
316603351 314068854
324502126 69703662
455030953 620631468
886176666 657749785
72842963 427578763
654582205 299525345
50710890 567302696
915914810 358357648
132299433 723533716
458124457 852655855
615785662 29745803
311247155 580994981
179087803 579226415
545118846 663190221
685434232 288890651
461067805 849735842
595329590 278605513
968474475 584239468
83479797 977994266
934471605 77055564
357651244 533117738
285872866 21044480
934560574 727443847
396650461 971922704
580666432 203160326
394444157 168857725
628170758 317545033
229049300 398261499
521013906 902045205
728279583 824660057
39123477 338394563
888016818 364841746
442747335 487672838
251734083 436068344
987464356 530578003
524266045 287984834
775594492 401195517
780854681 63721622
758457973 233752923
502229264 438014089
894560413 771183635
857993435 132019121
619363026 427672822
926797626 529841121
61743464 320390919
794914806 199143934
694702027 834415988
101421315 668390001
16650348 666818745
864390206 769687634
91521632 555965914
881989005 838046291
861697417 786847707
831833296 194374041
667110842 683693577
717442996 95521311
986882987 687723253
590942703 758608278
747660999 66050789
143313832 342683629
654118450 693846905
658302178 180290510
180095805 776469594
954880120 205336212
399615729 600023465
174111673 690522255
93894310 132322083
632457101 93788288
887792613 177461758
615561824 17111776
556535885 363187195
390099631 610029031
478542547 103793786
178980965 8566391
418961152 235958023
158663272 694155639
402619616 145214884
61172421 576957687
478349697 542820234
753339729 403364584
562968245 367734262
71362606 631106319
154130023 859931648
753872949 476061719
650622942 337362774
302943633 982233391
510022790 586940794
450748372 108072201
670176969 74895811
758811842 179107558
842653634 261831880
476729591 688939862
192761919 401684762
96191337 944524795
224333495 481790466
864684427 185049035
737712610 894691891
471132980 380125765
998168173 979768187
165713698 221922138
643756077 421500357
727149325 45723838
311308978 102745981
508856477 275765933
935140354 336127758
361438835 651056065
298282528 784010083
67028947 791686108
224619184 85928540
438796891 637100387
650993494 27123799
510115700 727496991
986558927 95526812
564320664 849621321
504368490 415010046
482967857 826740927
748654697 413241239
609156223 600579260
563832381 679235586
307279058 790675993
514261379 265549946
698612873 463521401
636405243 973504842
569159127 877510196
774013551 242258701
995562774 265544524
283669073 453757848
462893518 489448396
864775077 715911666
58942471 17239512
368961488 935994526
750419158 424121488
856040535 880341220
889634336 467883239
742866691 129808067
398935474 434994442
156325004 493698778
301899190 13082897
265272566 139970496
571860918 66187620
315709942 326709891
824839886 951138182
502894361 795684237
445518599 352730097
834201925 157321362
926952853 594154134
495218356 356219513
153546834 732424338
680413339 630394899
175068618 991290430
94021238 725869131
666251371 838179555
162763512 746711815
95010114 992120425
488316268 336610688
707983247 7287209
759130646 641132760
367043883 896490791
201377265 147958126
26283445 567039442
60305945 663732855
527867975 241136286
257852950 623630727
530430032 960694268
102999130 138710821
179539133 134430985
303256730 134574363
963110937 657478531
312836292 263249752
148496423 522091675
728893565 977008933
951586243 810676717
829325899 853196169
917733771 506339965
33966398 159946305
934337805 300749413
50525855 598382035
926911414 136003069
26690629 155581729
727801179 490107212
338087176 296643454
117593615 492307698
198123559 35183170
8889324 371144507
820121659 848307070
388899205 919667867
46815131 236103427
700188234 279368608
472501747 530906087
844142026 583135901
314918784 259845373
535809058 259595737
641141523 327433114
79408022 447640763
240152200 496833119
194310160 710626916
866810480 568858420
669836908 374760530
648595128 264349877
838367210 30276614
193202503 179462977
358661534 336698400
32144248 427680429
809206673 911612786
318061728 333964186
383361506 311859949
608467488 855367051
878528265 915092650
206988643 201901308
393935883 209432127
384345885 276826358
890302473 794986922
244767862 145316695
460575898 959217793
272644526 417123842
209212997 992720240
162910252 181794768
917967000 264648276
343479034 715938234
962963758 405021304
524655926 708772612
722374303 725523270
929818015 622948309
686068615 598367248
568518240 297015018
151283075 252577159
651615429 175260858
671949433 264027959
108099614 487570402
327853115 637747420
491145605 169145223
70830305 425145777
236752009 710569320
282511935 263135208
919723424 420865568
673637966 800394899
956422463 185792146
134610381 612416439
963276164 826955443
387263939 178708065
975700623 259911216
706519310 209420439
663549239 706473339
53676170 610984821
13574767 118641463
666546323 894660348
60294124 413453115
183207640 338518624
743852218 795147586
901109 881723495
315828918 415132501
869199609 324152183
591930237 400792912
538693260 881060925
321142686 572214641
177241080 804231391
872194891 146933952
495109866 298736496
77297221 898579047
423863755 440195126
549765759 398391364
428482408 109813519
313578760 940466662
914135513 401432701
763041682 781088328
169688609 77940130
768971859 394101616
629015187 670991104
715209713 540388515
94070698 272427158
642117143 116419099
295071479 974205368
597230173 42161193
410609229 131365784
33849917 17352954
233446156 913044314
37326126 553102970
21156774 195085876
291119347 971505780
483244458 563308909
216507668 479636594
509379459 331467109
348308691 334538867
327579738 601208600
736677834 619516735
151884960 134177545
706952534 424599611
791745739 322603585
553030362 780715759
593983663 141940246
86317710 766995331
321410224 972100118
849679088 613288456
722492421 545517545
699385461 696239696
398930529 507113278
296223996 845924973
404293926 15908670
301849019 755808841
837882908 42616490
940758997 125732819
529984557 568288336
125140132 541911847
48492216 903324238
700455365 869467960
354864180 4676233
215984403 552613528
920582886 605400301
171767952 881941754
162811619 342613722
561118064 889149752
595539043 261186008
870894447 380894405
821752433 482757257
37240248 653005103
420361580 9948629
320066252 495817792
642193390 565521611
918441188 312831153
231891365 860948111
710288162 374618782
193084997 335953956
652560654 682902183
713337523 57890307
729403259 777564213
269259649 605117092
883320807 560576620
70754823 807211387
658028213 438739542
770686986 709129885
85705529 140192942
276924458 884856944
529160775 756671468
200112491 35826447
429383272 884491250
802800485 730883128
474196053 701998640
986794988 103049628
184145135 269812451
452329286 951245466
