1172
917020519 287167681
343187732 641858482
958415073 450243263
608638090 365939845
894434009 239347610
347076473 879613741
155338897 214917216
213262373 687132291
633932113 292844334
261681092 474847546
454776607 870448313
462487327 889439639
505684439 242007483
462739655 152768056
263276882 55049228
824681407 634042330
25168627 109665520
368146421 369879342
434739386 275707665
384626946 976134130
79684602 853945616
766733947 399497622
58580245 698534821
303941208 455031657
26079574 205730767
425599268 851174598
870296050 247005598
236590326 90069174
714466425 176349132
917343884 415580520
547050811 235098680
608389143 503328522
212327470 709741151
10220159 976679158
937252890 169152778
789930155 989475068
334601586 311684752
514284498 833952264
449622802 867583186
356611111 100844933
491858038 127604597
588297536 956949799
384057631 688979930
3956742 481799060
655049231 268492532
412421344 716157011
387742752 988690327
981504348 746950804
294322154 684192151
833772551 351113521
445912112 633796844
558633605 269621741
128996200 946060243
927783387 184753187
307129069 633466479
910859301 465405408
357912547 383140985
743552332 230246336
942016014 272606076
566622601 560366839
196420976 497108708
108923149 468352800
354794135 640714537
37049963 142241618
946734755 911162862
842831341 639064849
572329717 4534898
508428263 943791319
514557862 641359984
756242112 395144124
979595316 86411125
348586058 271232955
306904559 51246423
485964925 87903588
344584224 386632374
382500389 306646056
941236384 393487629
506926134 590001689
791701010 677128812
249724587 608553799
456006066 210658417
790758706 324945165
466184493 426090478
49290798 889146773
52372583 74061692
623575689 385137591
74599027 747177760
201826097 852416005
421961163 643337463
625789214 198308822
424612944 191503112
9809681 33572650
370127885 330861030
461964758 665946564
306304695 531530294
800711170 661327335
178009530 784678820
531145634 400176317
310624850 820594251
933507145 121625100
44150184 318042970
364158387 334335945
45651450 667246172
587299093 604718952
966553726 346173341
470986030 936098779
140162001 589880218
35972032 913351666
163849850 711145396
814589509 687746453
951935362 488399376
469730673 485423204
839087977 561872102
559045148 117000547
259016729 530218266
235786506 619512356
768382320 146975036
838342564 879967108
890074431 193184404
831672852 407078907
120707766 350018915
827249294 406839144
619108861 978074281
20149393 310319320
876173030 207537855
845798467 933790850
335883334 674701746
296491042 365880912
557366842 614555346
302575 250962095
579382621 289622650
990009587 745609484
101691761 614849124
330122856 705367188
443085480 47634249
262992841 939976983
964897243 643641417
166181353 386348957
882777572 439343122
456142776 185327213
868922377 386437709
642360759 364208303
244607282 494803449
804304453 557988502
325471282 241970427
850517176 875828464
281118604 1590790
506447134 357951789
73381945 116155513
734507015 357859883
862781629 590082641
361944557 478366512
285660065 663777287
762711781 335350621
878550317 496399258
493214856 186845339
448501084 219662200
302711396 802874562
341060712 397379446
570111311 591152034
881899825 194831458
850077224 686403648
519831342 760412953
662997009 3631231
412809437 317022490
219724629 604191249
254205349 548574549
199507356 390866367
559144052 6419303
877581221 354350484
307519674 809584747
222948945 497661649
229884964 721014292
369592055 816078303
986513593 312831768
348694346 149142914
280647034 362118131
89551865 130492299
761666504 155912644
467334204 680985014
872399431 70761651
648282650 922905790
657151768 386365992
479256277 309703840
367065163 662441690
608784567 565059176
949101369 407088155
545894947 996458855
491471244 360939623
449005762 776776581
614965195 204555076
715571611 280441458
292600963 200343967
363720954 921924391
121348700 556401296
105097803 654058373
724943518 867499896
355121655 658108104
137941017 275248002
688984207 494734940
970850614 161975676
609459492 501857470
647781953 689651335
388444969 699555956
423171457 814126861
272865412 150498670
910259436 714165991
100709746 115937778
692047007 332715509
996506567 344165454
960107451 734095258
794677985 236814844
722047753 98867919
348633027 539249500
155475870 510761375
375553367 37781812
217178424 494934817
759564167 582780380
266199937 966965077
867613237 966861116
22303064 231546506
491839626 578215748
158359273 121874511
713447922 949204746
365157769 757748406
514557360 621721714
672579918 682118960
383994151 596410278
803902554 852069210
991762182 39592555
315478851 136051578
583775472 493774045
484667411 544734733
485242721 773879475
832127954 447110782
362762000 978602756
615278584 109479287
776096164 528340904
831297232 72769302
257603057 801239128
138631669 706567662
387590882 316152827
729655539 284789502
208111053 690300109
447682529 647921314
32221685 323246419
98988004 421283114
250016148 465794810
261851124 735542050
630124142 447912046
776147373 877330520
844102760 558335664
985767700 389554268
983227570 371312498
396849053 44867200
830396013 469994436
35297847 604463608
664957050 766863587
451618301 340937050
537864285 171895577
906019019 892419847
541312382 678997981
394640775 670448890
297473483 166297001
921610534 386356189
959031416 964932775
809224523 129296857
761981929 799715297
205839906 706990698
298457888 874650581
920459620 541190440
146835556 158344038
911002970 512020903
36382676 192022332
894879145 817515672
434194378 791330407
254723226 748436248
796579767 485403323
377160843 127005809
5598516 460078093
693017650 796440182
437946884 775207601
712095010 212992349
676825600 378166795
953438768 956065204
849829968 55142428
622973420 716504292
909193771 872563320
180818000 373091524
592826482 253033149
482967254 238531931
76927925 364739981
678103954 612122442
271977920 974734592
511025742 512695299
248809473 867698101
190927878 245194395
139403139 898862377
358732682 963680744
145169151 160687174
932984121 519385120
179124485 239594395
737286787 800300727
636703726 56747677
22061623 416307952
704212123 899153732
743232447 260283440
645293901 773363427
656096167 189482486
336617574 425468310
798761070 281121568
169037839 153190623
409971279 551316506
91149344 614077876
8195117 247361337
879969351 257268946
239289292 876215975
404544878 124956225
742282131 852540949
424499556 632728675
71118443 572037809
921242795 902726553
199436024 30912308
159816921 323182729
923377953 588138108
13512048 703614720
495538886 981297369
350313869 685176046
442064286 888277834
773163270 621939422
186898632 642284521
838903669 116592269
910508381 75914170
421584173 526484379
643712197 237352984
198818764 975545939
652097576 924067423
896333593 282040979
848048323 160163062
122533436 765489637
942688134 190263047
693226362 534461614
428587142 537368611
330256576 809757136
772585836 463294359
728388772 265192652
17503854 994632051
351101535 568614089
581886699 268037815
184072134 251234400
517588938 590448838
477434706 931948837
782975106 615324818
588647422 868938622
715177156 494732300
521463429 570446049
631367141 761237789
764211126 306419823
52221736 286769840
503849736 65570534
677586385 620227040
742921890 33189394
724244444 649633506
400376862 155258613
961143172 569590517
161716222 237942073
325496743 318080024
449012911 373524594
565266968 678970051
719240953 964611832
65982068 250194121
715694063 228405671
897461229 724182325
185475913 991311566
143724776 806305483
372466813 514507980
354493717 838805057
102238190 471930003
195912378 712519735
495280770 575114122
858098975 530369599
702014113 465353071
421606383 97633532
723278027 225844781
474939450 530819539
782207242 830677602
675674807 258035685
805424255 834143311
133026038 544481070
291219890 35191553
804794812 647706360
507538554 639027206
300707336 545077772
818188374 34328182
275766576 6882661
188089821 355199945
241392555 264889774
397300843 964677554
756516681 872586192
278568487 207768442
723388454 913549750
508860499 707563803
622845177 97611951
694279789 34101807
414385991 877743962
772467889 990644575
707717315 75687126
409482942 170229563
412985229 370737814
223737179 457920010
9563645 809382468
652298417 733903444
122951838 948215720
879007232 930066896
3057284 79954444
8145446 376936041
414967213 303804244
626952068 322832341
829611026 87873
190025086 884301292
16911900 669850094
851353255 360398606
415109622 616322292
716861870 421029250
312618469 51459342
66775046 650618941
901064374 771493485
441465063 52974321
375145804 768426172
468607342 191641060
908348080 27180698
322904427 532582312
250531365 150076220
432356137 946929907
740123414 505984752
849854093 172313636
215640925 121263944
49103402 849951064
331419952 587276678
702629920 158270167
46772031 954611931
468612580 217197807
487997827 92000719
841584209 307146815
111010754 529913751
297132448 572481487
315230650 824504473
911973412 583890472
908439528 604426518
498671808 85903989
98822120 36695534
926740857 545468044
300936326 941499208
257433582 732763913
830916721 763934436
476798307 509244587
118661144 163945644
236989115 288541672
714297074 151959854
960999358 535254142
823511078 74431987
373055557 724284659
330578392 331164696
997531836 350743738
703372615 13628509
874251881 70939104
422011376 625845843
735422275 559886140
163068584 810050365
232290504 633421154
314995231 546627729
308674063 913730054
633080615 147324459
53379466 580275128
264823535 136197319
47960775 114115112
132690285 850322641
213707454 930813185
899542936 241852321
163400375 466715881
272324818 501341069
158184176 913402470
963880767 587338797
174718779 340680248
445891731 697858354
847072159 686515815
179927898 3503181
832343285 412139199
76227380 900234179
813461389 58621605
389878574 637725501
140288306 585880910
405517665 120243169
141523459 3101523
168321407 912291177
335692720 980594520
80292783 280741065
709801875 40031524
166186229 461671193
659002847 914460496
29303894 698575214
930020304 729098956
448863624 501467435
736973413 175338246
134855964 547477661
137741005 890877154
546848159 193791257
869591048 465721780
692134819 821294789
909880004 166772098
915815124 746062522
835868293 152759665
423333120 356681580
237981926 680663603
981210788 685641523
470285566 234280457
155294021 899786859
911082844 218249731
968570058 997165944
120013865 586116762
797969795 488446493
216205060 734372893
524877237 869673306
778332823 216018484
775324153 802693897
538022804 767190592
468436799 104108096
688447069 40478104
11004100 573945610
582991643 168137980
401435971 917381108
552745669 868522480
485823809 775198250
773994583 64049743
410037239 47287618
944495219 773517297
835545193 777939444
37986910 88063096
66286177 26411262
454126033 295946006
312798773 119294593
71568154 791912986
52008343 300670190
280933614 284055742
181658124 162943946
701785992 791827798
695883391 424493550
661671278 374765401
444168038 735383014
251776745 700795662
469919091 448326897
549835865 862924568
510545581 272114217
183913988 697324451
362217838 444857972
966566155 811666364
277196085 869534673
65937195 833261822
277906436 775340314
58886858 523529883
422299757 506654423
897780420 403599822
491210750 31516255
428620513 734730062
82863757 79051958
195895812 855893602
911848568 174565562
983648167 542231311
386901568 182968738
896718993 552615017
143907451 888432986
365931867 184334583
778160441 194663014
44744996 711338911
435884627 659567872
703052014 112779392
667599468 384438935
882569215 721652796
460312914 516099474
473914969 187287691
753232466 498640698
308362593 486803181
97791790 190815337
26134162 840336993
883761849 864478096
899872845 240196006
63590000 136407803
956043874 356357316
212670988 54245828
959480736 725324997
581020407 405552356
358399332 724603327
19141383 790848223
530081394 471183372
269685592 997877227
211381446 884051017
381054179 126339721
30371038 285165837
304951494 946569163
360327427 106772463
458117869 565280712
33380189 584430916
949751228 271809433
569113484 962418222
863686466 469645929
807264837 75555933
273762494 669181091
323596645 944613674
840061106 288761097
828378481 832413924
196615414 203185686
119836626 548781412
986110763 317120339
850085168 448319604
703991716 992069724
412514289 937588770
849998423 312463539
120919086 4688687
359591250 524763775
927367911 452597654
317558915 586675905
980145359 544762545
875307957 973565373
744290635 671910920
667334967 994916080
106565153 96220024
327842337 710424454
894666846 858996153
264588338 937261264
360286268 330932019
371826727 428857253
979401003 936310351
252502055 404616639
924233443 984631898
839922545 756490774
904380528 653993457
654076815 480101508
332356722 547967701
397928513 139982180
76128173 977383583
40675725 556035423
203057210 729048288
428281391 326301914
860537323 281029572
425705890 113247877
837698840 912516090
562880405 246627492
850495114 719194300
492522661 532084183
821497318 577617628
832381349 192760865
719705923 701142839
442256670 60924690
135295264 572268496
404475145 126713044
79305437 506356116
522512914 261062309
727753005 733602680
774910910 76817361
170546114 874526948
424785632 353449719
377810174 831634703
284029173 126583453
82113810 97479488
895861580 547513210
211381714 406729329
781074416 289946816
192967959 783050948
700271641 396015798
856205930 456572159
775833985 886526897
392841160 944036704
154556189 428971265
994657000 181149842
221905114 566974073
281067030 477457877
76322630 470050429
646958282 186081341
280780117 329164876
640989672 372320255
269171017 149164607
598365967 134688253
32057213 213431716
615225792 737737883
140788354 407521169
35995306 561944530
809856973 814189790
615840786 328313055
666308342 730420367
583859034 898038738
448657419 682144985
961247561 280981385
790990945 148837464
459879742 524238895
223576241 559106625
969920650 834145946
991457110 54760275
356881646 163356146
113492930 78702827
852098866 635534164
615836756 42243214
4105109 543692446
906047073 190423462
999729707 262262600
493164322 712865965
485150892 491315151
724992143 17987664
760770894 964968076
698914552 240934506
10711749 491266011
75260536 766076275
479330183 959708438
741332880 188463100
944261516 566907874
642192643 150546732
481740142 39889565
442390602 639420743
247120012 125537819
694948749 996252573
547448105 714972134
359578818 18436944
216227475 724173331
509262120 328202415
602146830 794193987
698461037 454442168
773710237 424276352
760764725 38400899
536828995 878806839
209208861 716970973
295502377 484818708
776633617 434764658
828909582 185064331
380755961 727688997
130504504 331607178
629747807 835156309
513989601 495677219
285189352 176848006
424446106 383406375
277505012 971052982
298683068 797206719
859497700 82892492
129360859 862533599
417015518 258844844
753724635 105697246
599185876 21665900
330738016 297426083
951335528 274190259
321260753 333443611
9497618 648475822
379338158 76357293
667858578 998662387
25716633 879065132
195055418 658444053
939034841 457120201
815331075 224122100
60942305 913535595
556934432 104732545
860230783 917619233
28634798 488968752
250449565 894775230
743874645 224699952
8498724 447550739
476922722 686397347
828070190 147481884
356692178 654534900
552700 867420126
784424354 592444326
504638440 91831924
411986811 734574928
404117495 949090010
896914869 474123783
382780015 916271068
685333391 131376051
674967200 765662476
581520087 18570602
385801417 75761166
408602667 796658685
213286632 424947801
633990343 606085626
252079230 963212465
918286691 403844953
478578481 332292769
681228465 250032861
304201042 700468718
468304821 281144626
641146300 772847555
640484028 473997586
825037210 467277503
776556862 989975424
938167081 848533587
862122559 580728291
328950215 608507683
981585746 851423562
306150804 110448578
983713107 430531914
502394118 36889572
727126935 216883728
394731170 842108131
317508313 949173258
909049255 883032752
843683395 629602622
299509593 835150746
147332308 416503424
258619891 572923668
747654680 99894750
748768986 454450788
392019513 18462138
646244038 36209164
757372095 517461387
554986234 811618965
378060325 841950685
214799355 20610636
971849178 973550218
335413274 607659489
478875666 121584251
224282617 769130578
360404001 335776379
406477408 906953669
583338510 334502428
363287985 91635218
608430393 931051595
81776025 225732220
140860195 486569454
19991502 614003957
428768307 272822378
509227309 371638896
483783850 351834687
375913409 539211934
550766173 360534756
959004317 960136100
60783995 84947766
617924138 396082670
102485784 727225366
747034615 26934064
744310069 541949166
756859669 230188959
154256517 410195006
256941551 982559132
125595535 311216851
639290163 366729387
493807156 323371410
459088007 880294206
781770009 580055809
462669784 741612140
843434050 854487413
512841127 944595593
528735300 369762170
784640014 207177004
279304639 249359116
637215423 667462610
540406501 524467081
416819057 767428592
376257401 826271741
63779459 681216192
569847391 170879563
130813174 138171448
926233264 287989688
275706820 553749059
665677448 874238716
758238717 152121672
544879906 471656667
807662182 275938684
198249287 541855791
762446664 25625013
391822646 878123494
531801596 623015448
167413667 140972628
980241627 455110619
631647706 646807314
244807999 535234836
873389813 512422776
370171108 253690569
118875309 561472462
357642408 34750034
243965251 48374930
574966767 921294063
777804851 10658677
208059258 290626947
28100725 362012830
674437872 761754586
106849533 489620296
220483832 891172428
403391423 239102469
405777206 611306548
553252227 934552949
394229864 323035582
883464621 102223450
914319527 473559666
182362608 99424244
338322303 875224607
16472146 617565204
248652558 724584298
351801328 605135142
877632952 319257399
307985196 259423010
514537073 968126615
554411950 886356947
500102054 54921038
168436223 166034108
138430093 656910692
421051566 681727426
429395729 773156926
915890642 778602766
13941998 789915777
986917965 834681247
537338851 76037475
407950729 138863208
803037955 282027833
203228396 547070531
780712573 514101808
752502713 534202981
941306503 706146306
787268440 77845751
970062527 272340109
738368187 259731218
407196661 811325195
54920194 331798711
932850029 977370613
961248067 97398160
129153723 595348528
557567515 389505278
742949876 157785665
61576580 719055922
834063596 868451066
600789829 426720108
117011161 333458236
529026855 817207776
597533596 682445748
602629591 932197438
231743739 674116598
758532906 408907799
368424308 897806318
407514462 504267733
768971769 146970753
718549935 919848903
484310137 940638274
40633677 509745847
493095370 188332146
262059226 473802790
380985401 778238922
369999821 776284815
577868279 225332190
364993151 618963387
324492709 947426313
628546020 773106356
709874270 212219898
791371125 320340448
880109247 806584434
788325446 216969619
455477757 88794375
584301417 492844696
560140539 333685068
649514792 537834905
569687781 294347203
330105007 580001989
505234466 415145496
732777197 474497833
977243888 759673928
200347904 551822408
776918156 827617336
6740666 256935891
283169880 602057276
658375462 703524660
671333693 773294047
349345473 344994377
314742312 108012306
794857624 357235252
880397623 144868062
273507775 90961723
20766640 34705897
412587847 959900913
717588850 304529471
138072216 89425330
573367255 992795176
860490205 49013256
973791977 979625415
251597363 85616455
581096529 964054741
178652349 146700560
481713571 353874199
336676059 549055076
21105588 940717624
29955770 61821958
193754456 262321404
172921637 992208520
476900341 176145990
489998218 900773221
226340892 387442562
7427621 867436695
693727695 723270028
769303007 752983531
954750063 439325835
72447752 764630648
832689989 784074609
669762645 843996313
824259142 241694586
449347361 710965282
495480025 416772577
452761744 471241653
351076266 119101629
39970715 277711025
786915562 399985182
980689805 517231846
214285634 801097873
826530401 463300306
840347459 709882695
541004667 39223246
326081206 962886706
399665437 466117615
623393166 515361016
795147861 417377554
45041122 106020817
821104482 689844872
329342221 410235655
221310575 722172240
407039417 101128652
500348894 389538008
952174695 589720082
458066231 954902480
252707207 453405817
507131246 446969075
282749774 90161676
809910075 833094960
850840562 784931038
541290444 753737493
931587624 148097444
356603437 889425390
996596818 201151326
288519900 216422465
999138376 24897772
159807379 499547888
871104311 391278531
218983536 347453823
465668344 912624823
318444300 637076787
722736893 975080166
615431827 55016327
767038585 50544056
712140202 575439895
73134007 167917284
960869078 858418149
908723262 248390516
942028991 757343568
244006995 951470273
578525761 263936870
708723821 919182044
540742377 619100589
461060463 127328595
911007338 677827502
579639271 296342186
333561758 288825601
238657021 997679593
261920019 988747177
565990363 753326247
550087263 298217157
496073023 254968149
931410348 595247206
444865183 339334012
370996890 292451496
62491569 636354988
692924035 541343930
120117781 51789713
827532261 375931113
20511529 148059904
961208466 158993385
951239260 476312483
243628325 755501825
677204534 879034298
113268701 735380119
182806418 130207671
398185912 132454357
672465699 565476769
753785584 324438214
458609561 32207138
49046795 95749546
20735447 670724116
534191837 141044188
742768576 383440288
40894031 273213264
955001717 488680689
143370790 845567199
222781409 174484960
676356006 109578133
479561124 4564256
621605164 899649672
706020276 440994830
516303368 265979029
135614121 421358064
501826368 68622861
372439862 575631964
632960280 230499292
816302053 912434955
36781434 954979208
181417923 704359119
678701878 227571292
795311315 103406677
52157981 753660466
7238657 927454429
178311406 8161760
253551683 982476091
363411111 737978583
240393476 940378871
935801787 55302020
711591992 626669849
240154173 651759296
621600800 125457263
348220719 294795849
472373309 157400017
304409261 938674291
442287913 200109498
440343979 283746071
261293228 877857497
777602295 836625267
25073253 671781647
250695779 202436606
415978595 451402515
174225438 297061453
508713221 24638111
366145757 176899723
254139877 61109670
310880615 836367171
597701754 748890186
700508256 225475654
483610992 109028957
132600054 475399383
21881031 764854315
727452100 828300797
253588917 157339033
67486690 227448289
766903252 233789309
806143212 757003016
599756014 838915749
154294843 322693573
342556308 650225728
488329281 291008881
463106749 175993639
995110383 875491978
20908834 563149604
738375275 665386422
443711753 129928849
840784932 227819137
240232344 421725447
38564757 795574116
891010397 382587
659940353 320762733
44614975 436781205
232219203 790649028
435539407 728522369
503055306 794712212
968927408 783287091
190385735 642429829
894807214 285090279
962304067 400592653
608351051 607544947
13027829 666044150
843577967 964237216
297950092 739406967
545614426 857446570
994419470 221337322
291676203 508844361
890740812 37474712
747866082 671582715
642095791 809592235
881737990 731020282
268404549 619559358
132353147 421145462
787491487 708465090
456150815 850673834
20001953 144631533
281787433 693670094
133832581 821912961
132454940 409437419
