1220
681551088 331662549
382695705 917620115
27668880 590379073
503668286 996844776
40135708 107156982
302015709 207592036
407707966 411099454
342948003 52957355
538776585 296294283
813034561 512696346
292941578 412445576
808786324 792046096
760074391 875319773
402563624 964779253
676868456 838731320
235546400 583371362
593385575 922072534
106539135 897519255
97895312 635769304
615161102 886065588
541694143 229498304
277310894 217372666
696611218 885142177
998245680 855591783
885376341 272902419
137991196 26076922
232735582 208054429
261038621 328156916
47532666 983641902
139499359 382251721
697698541 643164771
33886438 779983371
276222253 726612082
717192893 511534765
249271913 297975358
802759102 766486805
217080888 770809163
569241270 972314433
464946004 375874092
642549542 913345262
152852651 174519478
73856440 254739888
991017840 249843444
673089797 650053961
939466006 242196902
178717305 666994719
882413938 354446650
964013012 307066807
365636825 310557765
871457431 777487556
150145457 990123366
56011511 595373183
537286465 155498141
273895778 893852048
798020894 25007114
110757578 711256655
994877665 907911402
533824953 745369755
973616695 503715132
172365189 232492785
229209316 903706303
172685372 558345679
651313103 697630975
899700520 214212248
84594436 359020067
43398458 979935520
645216212 578772995
781148375 179752900
356500422 426064293
407043049 438455930
494200025 618011351
505738594 658321139
504131910 694920647
98299565 930229273
965636880 18227706
531818289 252053465
729077065 182775364
278407796 517134899
970294097 57386953
124771266 447056364
453726360 334363005
373528956 502602386
846564299 942640660
605651342 868997741
305559380 383667196
160183208 327260515
815357461 676566766
82859660 376571912
295165007 680035123
806033558 803721242
14596103 611463776
282129083 468387044
625595495 152150109
46502818 551337228
693103658 807055658
946037132 799596698
676201956 865261461
61162221 851953865
378578536 373427820
330722148 327485350
447118646 491316156
28565536 686393266
520705524 288500624
832792091 779177956
529249849 152664214
491619520 22780764
257820266 578190681
560796883 505683962
698596427 472663149
128524658 384417405
250822825 229955340
179659682 707909816
424736051 66060100
956406172 327335349
590499666 787411484
677237380 132000788
455431777 299039295
967168256 637841020
498258099 188279941
697510736 24498401
402975115 238993762
672106789 653866727
305130081 717456440
57750383 882331318
909838081 54302430
702892574 87272071
969356036 521215254
155036826 536370141
598709517 898628189
114100102 245721809
92867421 863074298
160335085 681534721
311582685 38704165
403231543 528700554
147374071 349663044
666285678 597266361
183454077 611550229
544519309 377084112
981274265 657356237
672898510 154406012
330176168 179360196
664865654 956252572
37699026 653936478
776310352 641910355
615143973 219117991
584821878 687633290
991804872 421520084
540842160 931539522
472472751 626986120
547773848 266714280
707210474 979993950
871567468 672119504
945676074 36494767
461632801 416810016
444257380 688520998
435545008 143644278
164777069 9656398
233244110 851305219
505972366 570611920
129915175 517626200
17508420 190489046
314042108 102976748
912678067 510485932
2189661 688577335
21529589 204893605
588207500 179839984
967873529 326294474
602666743 494233207
106337877 224682841
71646178 259697887
583948036 152134512
278293852 244685554
796782891 781476856
61130565 418457138
247768054 996392581
125600233 16527512
960787564 658033181
273739687 369672789
899478 587480092
384344693 948216675
682949417 180156319
487775856 320781108
84334034 527170873
631066658 482661363
408087875 413665373
736639083 894385766
102182251 387024033
522691275 323241745
224638215 396667874
73506428 423621676
968819385 748828632
217368973 543913522
29636319 325477404
274433930 259960560
363960391 202775344
598333576 973846489
255296957 279645381
477459517 374610050
262567529 318236346
288632278 392431542
352056475 644406094
984113227 814776960
125747636 244221497
799388492 947430968
918549132 217967524
782419568 586667415
640937882 273133577
1337459 221038914
147190327 108509683
146711421 810315577
282391956 330374664
555239519 14491935
726012388 915289322
646872749 655046526
240595240 666447321
20135814 806948022
367939603 653379447
732537320 547262753
147088041 448295703
87096323 118183303
931932116 605013238
229846471 63266931
692654191 43507463
353338435 762359730
287907363 573458991
847073340 504472623
671372959 168173152
492460016 876546656
757208902 985490095
113257591 40833049
229262629 341905355
298068035 389362777
463333304 305286198
124437470 420654328
751670905 31382364
62860737 113516131
482083090 969294835
736496394 209442805
446708901 791332599
476180841 323893755
219787598 567212087
563104311 970252244
283456412 885383955
888349088 995104890
491341367 105251231
130234117 818459230
793621294 43291515
16562618 428683614
678434043 159617521
303405346 869240521
372120971 599839367
444485595 231771954
144716876 671123138
867743855 68137199
435521322 414649406
812258358 900370642
27528514 788055031
53383694 113209857
281196262 459503996
57160538 584993599
618835294 182529876
685101286 256824365
314964618 447195078
34522347 791203281
17277948 279381419
341149942 170713525
322150274 401763339
162853015 9083031
500444424 750058104
703355188 170028132
22688581 189127110
79574055 701265654
201761091 977088323
698804709 160725494
330672833 857654854
283229977 880998498
975582643 49706528
198606388 297607439
135009444 337827712
376553618 770855428
714402385 929022912
374717779 797083664
670342974 199119978
478341761 43657035
868387838 100272063
746687959 848134323
774830088 475686734
426404964 42060176
307552017 996786767
821677445 366011700
706985362 440028077
814962318 82881802
913331255 838703831
280224755 400351343
422142438 861951454
624104252 69633055
32621652 668506823
297866687 460909068
977269736 935451070
422094221 722182117
330025275 40789267
983781051 660953963
612447797 858835395
795259721 515128420
251288201 632797057
931101610 317768499
179718740 329490034
653762860 22926880
397374864 537687901
609414780 940019344
690975837 605318609
690275745 922268431
413245691 729031159
187606413 708436814
202490628 490204973
643388161 388636207
782680258 417794326
453484653 994140379
773061772 249934262
458069743 563268564
938376644 862207735
72555946 960607585
453683425 84355787
670231704 84432125
608359349 802874104
656187360 303207693
598023422 93570680
339054036 634708841
146710702 977493293
171976553 18613932
173228027 672086519
210738928 509497288
182376079 923827742
844969343 593730930
149808849 167097189
505606091 563282191
289669547 886237719
46856331 287745750
282309035 142993923
78712373 294994815
735803157 931051801
805736226 722922881
143055349 496443240
516343554 485026349
291571520 581388294
231578783 575489327
639967601 364635679
411853083 59298657
1161024 200826088
221720624 793243683
954635988 888273786
292457494 953276176
181634267 761137218
361330205 162740253
696505963 826158577
586611056 158115872
926798244 187121263
201838486 659741286
87027651 323516990
280583625 957692192
968367149 163922997
498160970 262027178
613859903 22254738
866877939 687816944
678546221 881891671
2449138 565002660
415341005 909751471
911472143 350706086
381942193 788524944
274507758 668946643
210987876 903417236
934464095 177269268
85976070 555607262
694240945 174167691
971421412 568740426
606904948 741684142
223362379 866568278
421368076 866090635
892351784 292600321
724600247 978241844
816700100 589339007
992489776 806545436
145447251 568067293
954338423 241873798
67953499 578027758
631464217 559198045
271995863 73858569
565320776 386714765
677200726 635412018
499777011 798275914
390295281 539026865
404552309 483490858
580362446 713962309
619423844 833703145
876523011 671561297
499390593 921294546
725306625 34073572
158762125 254254778
949548879 517190519
133099632 252106668
749585279 21146725
702974010 793630309
880605072 136737445
504114651 862995977
736398322 488538077
795065421 786315435
547803815 665485484
52670487 26307580
254402989 684440010
479674438 998778234
95884157 94920108
808527201 40381531
571756772 20031188
502668172 34844109
850145308 584821129
10178954 200976502
275764746 855928484
934775557 810423836
945830693 568549481
99583474 74240863
67208464 287543285
899255997 199065811
707743609 689978150
373049572 951585591
405950677 791157388
894500192 809997704
583817039 108196790
936319780 510381656
797245052 518298013
70055876 842859193
978411962 531771905
995196698 875662205
672872993 921696495
974604535 534522034
727099713 916885184
983216096 746958427
456088623 609620976
744754563 645634678
280538185 239595551
347925624 647247962
12753535 845375522
668613327 794016809
342475836 168124731
396699354 918587060
755094851 690271314
315572829 966743419
161403575 509683341
238322428 883599597
304855382 894048855
855157760 438354498
623177135 584184846
194075749 613564966
899578269 598435123
100334907 679000428
189277454 616846392
559799246 466232305
440546509 358354284
124857808 980664342
97672922 446350931
656288593 557649986
47825008 77142593
327675018 688437278
336873964 316539974
202211114 763373685
978130024 61600744
12631277 711894778
475855849 904817083
364372142 171508766
778195347 935656805
193460592 786347038
250850638 675964137
705458247 348605288
661012885 928953742
218638512 666796254
844741075 247006045
13687895 809210117
644883871 358409729
637903680 384532158
946040833 318813941
882859067 163112939
629061016 132370465
560414972 266721914
827797607 559020109
590378514 681936506
475130715 570157868
804080144 465250794
919879747 117042606
288031556 200333893
600833799 468962900
145430209 12506173
320368057 869134523
735428492 525865997
166492734 973280851
750987472 702133644
131895335 519270798
371397956 183930042
266117039 682896523
972616955 663531279
863058063 221663509
196559776 786114892
295311278 552690789
299790052 530792248
956779645 83860594
748373066 373620087
427538775 518182657
937554630 348010819
743781218 995909024
694876269 504069619
104429590 202391146
96494082 196604541
10421285 40623956
563866648 520838641
374422295 817634833
428825720 822422169
363534717 776503424
706590535 546838271
712482972 382484524
187431857 296136856
369545948 905018295
8455484 87605720
154681382 110332827
319581336 502707847
190971967 267222899
587934007 885352503
804526434 398505500
523246010 526213527
703752168 937450019
463916168 232321716
36447404 863347777
809349073 87964423
454827152 684196675
368975688 846963707
596706264 741469072
207460262 220164034
988524764 7265610
614556402 304489015
189608906 481691208
381822686 402374698
383448300 860842164
192548076 385751977
230746642 101007676
325061479 603929069
451034516 48453640
877647485 308511271
749153132 323787316
865566192 494188614
187085898 237243911
717767175 334354249
93514148 684263407
603754344 819535883
591514101 885153723
186057219 508732128
345148065 475235723
565878099 701368845
420005146 453838985
534642119 13187803
613437462 816512864
111139364 746487512
181442467 505219955
806928694 913541441
90629439 37414476
579139805 392459873
934823822 835454457
341907337 434326895
26381065 977986676
99256011 371765472
79563319 565754694
435358162 826568931
658032517 557968131
361226718 201903915
888764505 486610281
616526945 65640519
816045706 439836086
505663436 311795051
30864907 757998732
297545541 343924823
617929771 547084425
767475429 96094530
115110519 205968587
335907987 29244865
919151018 314291714
5068021 467921521
461241713 921766565
396427788 462469893
161591083 818230798
966429156 235299966
113044386 460470259
941784058 67197580
772781883 656156527
965929048 283962932
68773917 134504617
387561985 769223450
167173183 487430622
724698681 766457662
718226544 547160461
228922014 260215661
480085877 513117733
415586976 700875051
620306019 843838470
282331604 16139786
493487835 329401841
243999191 220575612
142127212 778367980
343331868 750875302
320964962 569534908
50250791 110930014
654369641 241533115
410897098 389584305
495867161 32846569
523208935 754900216
189066770 582756812
96375734 238861231
518146585 948894586
464627785 71099591
906804207 328075852
545404910 893080497
503621958 177640750
943254979 154663251
100804015 591288861
100183634 644141526
188227693 3873010
347215288 274949154
539105943 230771360
571157190 734723177
291843759 939771920
501704207 945040830
961459161 579597995
813110650 954501437
153131295 229123333
783424134 950099334
212147228 931663474
10014423 453657158
655777170 135624738
792377318 442743212
73335825 980644189
333115515 554234764
160963964 685579896
213732199 168964168
162305609 841516768
254047570 340938216
204547290 797909383
93202578 226536867
416024203 875679532
30256908 951521915
806589374 456333147
410645610 225964601
392439688 337963110
736535292 883394107
667831795 532407133
952113017 205733982
490983785 425568310
932492043 722528288
745009669 745099520
988067934 360604390
892474521 180204001
386891452 647000764
462574096 934272918
640451950 669747263
589716025 224978680
423416087 239028121
673896204 288318530
772346439 859778839
137707204 692343119
673292787 142425969
843793870 482880076
493723157 787488105
944775450 905272433
272334041 303756456
549800820 155829373
571644295 702886715
113330019 914323495
395654936 477583788
776732432 347136937
424880692 682313221
839912771 229282313
780800611 809311945
115923316 234997983
623548953 965149661
744151101 574613481
17914202 937138373
128820102 78210000
243900048 544266439
213372367 74589934
866142678 317438468
303618791 605527187
166126838 979864786
823904371 780766561
360850536 717133378
15285587 936302741
242256075 574169412
528923399 540065867
497289663 225996492
365425857 779938072
482517896 9987410
335755969 766818091
820581868 186616619
157937205 372053209
471450000 747402848
483906820 576432489
64024153 274986688
69832428 950377207
268723768 203846100
347939718 942649638
773902787 889250578
209858388 581921811
388427233 545649995
578855229 960564270
43173330 858068673
678864671 762817521
570374965 145630510
721720871 38939732
641779427 883430005
378786491 713848959
592942815 146377051
458353092 174418157
986467978 240771288
854266053 635671385
559648245 358348724
16763953 345339438
307185400 474420925
623273253 32757543
224177135 573329708
507335732 252710835
116794739 459607710
125737459 89428867
30872963 685462502
740317114 12034543
223828434 404133803
875985850 468080320
819001422 528089859
12652769 848915907
579852521 936451565
570727899 770684800
242421660 250511213
749932529 236188723
132186366 48433833
982017949 83572862
477745527 459509986
494900277 699796746
748497855 146933733
353355723 239307944
705433032 186753898
158579599 373739801
832330511 841255628
835762425 83570278
242761942 110582042
906864726 309995257
584969345 167729166
561534200 195026687
867893062 387681793
196212803 277162657
397400042 221367057
596512846 168448075
977870117 611836703
500933496 343960856
681926658 209520250
872908876 315420868
933134655 10264402
572055782 200826989
896656372 554101200
734337825 109225587
967416844 996565108
133530864 9580293
543144143 84666632
566038190 71090903
776578695 17427929
612123168 220653504
348748554 632244487
340294837 622543228
525242547 324041493
696337988 388873781
904789299 535570701
189022208 527760874
367785999 671502451
400386158 555472686
803297488 943460746
708783688 440780475
281005040 540511818
490158984 891150145
737428303 455823243
176449783 315305708
344180069 728771522
84380748 969797096
124731772 403996295
314728975 518710270
193221570 713671331
100998052 625039969
678672431 733490398
889941640 230234235
498018526 317880007
640521527 308910595
558647070 9407294
923981148 622582184
920969593 312342179
736557984 883936322
482192626 465046361
580032694 707460485
391223230 678350130
689062585 152311418
523434887 350432636
114483360 938255914
641374731 297707983
207119115 397213242
72107698 816824416
632509732 27267783
893408592 768282109
902645258 652800
873937448 419203195
159934223 78783967
990274569 3385074
921694205 597241717
78186527 134487830
254963089 598887776
940449270 690581363
786935744 854973866
53145973 412004443
544706946 889358188
837825268 223121801
963144875 487918129
225780590 963611196
551999881 39828783
873270285 904030564
642439208 172753761
494885936 619785328
967668220 934901953
361914294 86135582
248914495 172100009
58893948 363425164
859537100 919205427
709466981 994653614
505677703 268414423
725686819 702649683
598919651 671840583
57625096 264792485
856365594 650975294
952849045 763761905
19933859 283651265
750847860 760037075
263240613 559555997
972015537 398509271
604399895 300727616
829577408 638424320
97398547 424634265
960754162 884186380
763746535 390316533
244759357 636258806
497665717 957604236
379280219 82456860
668373236 828350310
694975339 897014949
361524370 448334519
742201093 55675461
779049458 45012909
659183107 981380312
565117685 829117154
221362737 2820109
154866242 46614871
225604325 808044177
929623999 698629812
582892530 185463731
308740812 205611918
38223760 661143630
963096640 734453247
855590274 973254044
278103387 605861510
847159204 542312243
378621817 2191544
13800852 773961406
617393449 462258313
218327117 193364731
223720311 514245068
921556971 162757084
926036667 902987403
411860511 617416980
298312877 56118575
479716604 659207408
529816959 144138270
194303992 134081766
855008082 960009979
237480875 684546935
174534725 243367575
498717685 886897979
267713036 679406544
140127022 938275520
721353906 625234651
998138877 933738282
445512490 808776504
553226479 336381100
283606389 742934912
436251139 250286165
651830577 487807087
855023077 248534160
619511734 654578082
693145010 586310942
268203342 415702569
601990757 643083928
857301991 292367311
573042031 677306608
148593263 792399350
936022195 622308974
624033087 211350872
585365029 806992993
692246795 829121127
717189695 959795966
454588616 971032552
909060271 444524592
268884375 875276348
476237819 524449013
510383211 299197142
692319420 240887457
763795721 662421697
75982270 143910426
300272674 938188539
763450512 382342751
437382397 677222621
930009595 105186317
852029707 418078509
447407300 24505620
639944032 22259441
900387086 494715988
139192976 147440231
671779918 100294894
339477725 353189677
519707533 380725468
497403170 709263770
664935937 875508711
26748023 301215779
549699921 468001419
157609484 572948539
150540809 407091524
368632440 58762289
37965091 904075988
621779978 300303472
58998832 505105266
691570160 451728880
576237364 981100278
707443180 650744845
369558937 130821802
164838436 371189704
606632645 607169524
503557570 741950717
860757638 881175037
588111232 661494648
746326202 771052070
771621063 273452443
674203269 501200085
97476392 426840489
999250756 830779623
695193991 626326776
373177298 750111502
41997128 863705762
506439428 301677091
945230405 837582263
562573967 119163203
506571658 168820053
256597782 599924104
323143921 424478099
843206133 711461290
561073183 697907561
271725185 499842752
343162041 547301202
238599926 123568197
92019917 599617105
626746826 953342428
462901880 655088794
203399221 575263224
398248870 894592652
256728075 21521107
930777480 751686201
851034561 3250811
294911008 708381334
974712189 765946107
744672845 502885708
88107071 618094958
503873520 413444737
412394591 17210707
869562886 740743308
788292938 739293431
919094672 338507776
633255480 164478411
845714040 815622946
220668489 294836949
384032429 150929961
596667107 847684562
503156371 446977665
698008291 606229942
75157559 22228000
798238464 829063586
745607323 636944992
868010707 436093509
161215051 394526330
311713363 438888694
766262743 328980212
417921917 572829030
323494233 320698855
280571961 403069206
184916982 455019795
166642287 850293572
824239201 850661473
684218026 175964259
944983343 942149076
704900382 624820638
132789547 259913446
263815884 814097618
324245225 599438179
506167392 23660129
389138088 812338992
709182069 341879234
580103535 868549952
497879903 699625901
753366927 137618443
175101470 930679320
964876915 487960457
169540328 715017001
829549559 580551671
687758687 612012016
324502726 955154880
875148195 338570630
524705261 377545107
583019051 400977631
96944421 879654461
814325993 773598891
942206670 187951660
549200964 986429411
161643546 160990579
933192693 76539217
849590186 13120996
681895634 853193466
67119988 984094788
464201341 557901631
372465881 199465477
316283650 973461551
147117517 159333680
152217429 715364210
189191702 298759045
373806653 84547000
271137444 96801463
908059416 554901551
5286135 495853855
997475334 572039290
747016553 783533023
106057353 443164301
186247868 915505151
765617270 694728744
22713616 109560517
107155501 864931011
264023799 892811981
972629038 109099667
230792880 692713959
666611721 104984996
809183493 295679730
959624656 209324086
899331227 588852975
673266170 147416979
953212420 453605335
352965784 559167502
731660458 454422987
965873980 988896572
325408546 755326675
587948893 363269530
940521994 995092121
517715852 613987049
816941258 481317082
25838960 715687538
845737087 128217529
116799045 989191469
24091070 161944473
683342187 414343898
696553126 951685822
906384724 454914305
490627322 866341910
122248683 106776207
455528810 633486515
461468090 113795179
783520096 963728096
503350179 457630133
313128527 482632296
745669550 246089674
466411145 794747211
920181557 887107274
784154857 275631175
938690958 692882953
972532493 551676458
442181554 594205058
522207908 86068526
446082315 366576018
543790058 83755565
231532084 176876846
62181213 303438371
542759359 219442762
721642197 62850678
311935594 307843103
900947508 799427790
153495333 911391731
110278541 889970820
280715700 238485691
267250197 655338073
109263567 389554979
724811260 866047353
182931083 550093216
953539440 396746663
297701256 638367946
645883928 129505200
23779209 543659623
600853925 896780908
59194625 983752310
70226940 592733939
515235478 37308770
516114190 30680456
96851166 739567392
256091773 525234855
701907771 238466081
999147971 498708514
563727156 630929278
638400584 638928976
441808666 257066836
143219052 28836346
756402680 712163090
15942209 571427429
873170270 322488050
83355786 416147091
655517098 852743654
886858893 139342395
929953519 645859859
866087225 608261749
498280740 287431147
75357612 337906534
131260573 468668904
601043390 825755915
513543654 507452532
705220580 875605645
651193763 699093053
173933507 210628847
842538457 267704140
808184326 614098663
619401819 599435763
167831089 772059999
475589301 142025886
513642593 958011341
211394214 669458226
877112975 407902636
10047445 519164152
54377318 511322701
668266373 773449811
681626008 730697538
817735324 719894326
951674185 628314018
370219827 776401993
158135584 759919461
930713407 705681750
146484263 971280522
824331010 838970943
630710566 575532163
251371879 181486184
998941012 620755143
228082770 539255761
3617099 946305282
143302901 946224005
690125461 973853574
200798401 441709382
985474442 317634998
171333266 911684801
226542470 551201941
459448236 460451507
150599320 73832288
213332082 277575283
184148324 524551384
493324684 688472803
665982693 639971701
866267679 959034022
192360268 15977415
884679657 771954214
729084609 763857675
56775716 759138601
321553071 955066393
527840587 927372931
20864126 569670016
417407942 263834747
197844649 936739737
169051941 798459810
222925229 361886383
359008203 989432491
788688050 309691181
85433142 929639724
634077646 406091188
231804519 990940994
433493171 635442153
67200568 711712950
77899350 250772994
572173269 764012656
107162088 136779753
158973576 459247743
572347567 597430984
505200718 988663701
22593998 786579125
999482665 544470009
897313898 119190227
723610913 71535129
707695157 663732219
828002704 932712065
10592892 274718073
573472556 358145952
884030562 228107847
608291260 488334164
594351339 729427835
913478145 802959342
312910489 917472679
254233089 56667767
425754342 810472362
557474113 664408112
706049672 117556059
418331966 323611959
605268152 356646623
647179486 24443285
153601218 116822383
312417310 204562634
570695678 43824260
768686563 198624782
747565291 720473986
773024277 472283001
