1658
552033471 141576383
27811163 919374757
540132199 221471405
851061301 329595432
298225498 586922960
912374649 645027586
796560000 649869912
357148527 591579340
924334169 685276546
512213801 195367369
782354788 66379611
757754620 405267782
803852779 319852464
845678866 797385714
126757267 570409540
59304201 364371760
847601886 237627440
760021554 45461836
729785726 854864590
789895038 32993398
792873739 16789671
647943056 529190401
416472316 631555665
250881885 185743275
691046533 406569534
47130586 416191768
734876224 358605369
432918984 538578346
540351320 962059375
481878403 874684200
343898492 888374197
201400570 625540294
549086998 623245108
702198426 308758446
305273700 673395359
733873811 803286316
556415376 731266097
674763486 765640895
814544928 221164766
330933988 159901660
510724721 685033716
613766334 185971430
876102129 620169616
402118498 725018006
386260770 549144366
562425433 749435319
508044894 442624445
411415533 153786741
990903950 799525926
823023545 878124132
225166110 259695765
574600511 228601974
334752915 227807344
646738044 885710690
325356584 691405410
578770269 641512458
871214608 487437908
270980570 687008445
415798997 932009468
62749292 133290322
219933056 123873712
472946967 26080303
985087391 484767483
683926367 302209526
392796231 237739267
357529092 875831672
892313710 99361620
775003653 54208065
97407691 208683333
619613215 184105990
894228122 216229384
981869641 152455758
226573103 496804269
891354943 694002500
790003968 416412284
963268611 59616737
625213386 36107953
385832081 346584917
734268865 111678113
936648630 202687684
387583037 330912403
198052312 902155102
85646022 205448274
497927009 153724768
765279532 535094009
741382470 796115153
567520159 894226796
679225521 349706493
346353307 630197146
633141564 862161588
802120140 143964381
462841227 215477339
653973848 281699943
556194195 449343097
219399633 678241016
683516535 29693796
258415564 43364130
397316618 107142100
170114432 699914746
765570085 331364462
922974762 908467436
718921514 922443390
928156915 642367123
272612485 541534373
835085601 501972017
864011184 26892374
216392683 386211604
509669715 313442163
642580349 593893232
288945328 418116454
715935701 147641025
478744741 763263936
639399155 181937844
103264819 515206758
709333560 886013987
895429803 582407310
666257065 787038938
907787976 333456270
141657628 917388822
925913772 591068710
920969760 450792069
769137624 126391771
853386109 406369168
746661790 790752014
727242807 515243309
861749262 26934691
674537137 674657430
462889252 76233328
304577685 902620539
219515673 841461193
89723144 614475929
44718319 253420618
515270140 978566785
566056333 625686479
469361242 111823515
864936996 722699679
899396374 246732240
97469367 541349077
201216256 824428340
595890797 65585602
416905814 12353004
672521969 10441826
943574456 961849893
91012871 750901510
501367739 139219227
241680581 386389791
806740843 157747853
872219649 650211611
620355132 835877833
785024076 297694049
433915334 831826531
597609593 504374597
271275884 552399959
261220072 483171457
662068137 692049972
990814112 922331246
953519775 326906994
160540189 181442810
42030689 230744796
641122143 399670701
224243593 889214384
610229193 934074268
620750862 128084931
136525715 946904144
986950489 576111990
70319823 304775145
532896725 284533659
511802367 591582421
962250550 497741200
305162289 922310257
769231602 153088158
105467782 271128161
552583883 216630363
507542386 754131593
150604465 550229824
183067555 811956643
853397816 87577418
792091281 93651303
581765321 164975753
158341020 253420501
25768750 657214877
293663940 552027652
445218308 735975295
186393763 291338419
532702146 672695273
898876654 483417787
323286630 415572434
886523449 601835220
389499777 7018707
640808154 832717043
587439833 953977889
814994653 742113166
124715450 581866906
963611326 647314820
208482766 415700476
577979569 64248008
524860735 285352524
801371100 804622875
993237895 692562842
419887328 296257989
337769600 589775895
721748514 358813056
830054977 103490031
662849904 187674749
383442215 403794906
466089896 18473580
224988955 258912525
753970617 298497711
724810863 496441897
26807324 98629175
42418637 216384836
543439821 939490862
479692761 154318576
892072711 823337852
456822495 810599199
448773023 843839115
552819244 572205364
620923471 307637425
171106117 882339320
853864798 19151551
508425196 182400898
204178557 232573456
946373574 652425991
23185789 471819865
142536450 670722987
719822829 895518895
795153363 692322468
16157026 130100096
648807076 568691360
74224226 204635764
207232691 465454823
826733024 196389614
18051825 935941807
933858773 10462916
150463490 804258228
764400750 773850635
338403107 322639260
91766367 383244266
140720447 927895132
809329428 398639518
120383742 236138114
548339964 336109213
25806422 639846058
455414345 211340953
707975854 17009928
460624901 805686341
637354860 744522199
123315965 303062968
404627635 364055987
915195965 770370268
105343028 159155439
415488295 6236948
9775741 768863770
960052756 437888335
273245481 558317697
129393900 736853994
312098399 407486073
159610929 583884169
397779581 70411619
395353310 640291233
185045922 345512901
399139390 75748718
147962485 75828090
657682172 959362021
483909648 418231
775271515 545559566
92069315 926852326
330369175 284487921
136316927 169964295
681487902 794417469
88405386 202895150
320155538 329611745
694388568 85964126
298505034 845487399
168305259 751252074
707680154 578148306
934537479 543930154
778413044 398988673
108028013 446462189
824192777 585285748
334020136 378266872
999951791 382469834
643568514 317483797
710031050 616345471
410282232 334081840
607108986 117622019
324797860 921629994
556050336 989281310
113033363 626302106
324472134 434790177
611182623 447351656
47589132 27710860
741659582 885695857
257075691 68220626
106570747 48278609
76411593 538136625
837315145 458366648
573373754 545097078
533069447 471946671
152532490 984908954
10495891 801509516
268867869 525787366
573073770 401918796
480772491 5519863
536597317 313697552
781321456 403803155
67561018 944136989
593576094 214525536
775742970 108872694
654824170 229181667
960911011 881092094
698506024 214604680
108486285 323213901
890612615 717370224
508608845 544803031
936545596 728884145
973672602 618629817
626652733 905617307
288981226 831816515
190622765 118692639
485210763 932630106
872636476 857559232
440669498 262371352
561097441 103623069
284121897 967028107
553397252 540841997
6184783 36244612
360031190 625211936
619909297 899460085
845390314 884529552
343836123 216761245
193651278 816476856
874557488 136222857
262608625 608983583
59771562 613681785
889395691 504945995
632595098 801023100
940464485 84308652
284069062 303707686
408335552 951492206
567593933 876297268
287320875 577294716
264954555 262730044
839799288 567603580
231739566 314527828
399855780 845384884
658978634 718705354
734506029 823854478
905032557 627602909
476837586 939852493
603987660 455959216
895356942 545276879
851971215 364866833
654208578 655489045
13715668 634477063
229820096 802412055
817828744 825254754
643642369 997668510
120550785 913962929
143554373 345370688
656116573 151698478
164783646 341064720
650122678 859208715
62758940 974232420
128928690 794631626
998206131 724991895
996684993 827488591
413405014 693791662
227257388 718209633
841025638 559140829
487290734 149151972
425967240 330736231
516156502 917882223
607747337 414519191
164546933 67217664
49667726 502089875
16958668 876666669
282244490 468472994
237090351 115616271
251759862 593216368
700929795 390697358
637715697 581082205
740622189 215467475
6644184 328859172
588648313 509733950
679400936 489955937
156604936 352132527
64079475 932783007
296141092 806777890
126745991 339951116
882925719 640828651
333975393 106278852
610390149 489343612
849648064 142819844
242616696 16353901
310059324 219068792
800589052 33576667
550354985 230420508
745607411 625003082
131018376 816423605
200784318 935019777
638612636 241677051
660264874 726216376
37630452 650501070
611609047 264930515
14895317 660011573
436410710 563994028
173859941 790912558
234950305 673761033
49881255 464819415
272399734 791867222
198065082 333569140
510674337 523182775
801548716 802730364
464768853 507174185
909112443 586507364
980787089 668193887
44221738 4113258
790072151 821245254
498549076 438074663
321903556 553028985
69599847 587652786
834308707 97515658
516339125 686429287
927183650 470455019
416297754 850358735
516219099 501202248
218995933 688585076
563358524 631918651
485499279 544910915
67450883 166221490
653250773 337981422
958968786 773119801
586408031 850843253
439420440 395533435
312093483 828150079
431261109 601708806
162431085 309581263
734218891 435799381
790073478 295488366
124671625 151629231
287598381 598496799
775738921 291634551
684267000 612629562
407497386 472004828
833273404 648699603
839673823 540492225
823344744 833052895
517761428 868665179
709126948 535661658
483711837 62717892
114806033 619431611
884905129 503455337
253818576 430206858
665945289 804703006
310340283 998821767
461549501 138197735
748126337 110343634
109323598 93928844
874498411 29402003
772402366 608858482
277077705 538487669
179224495 829157554
985298335 608856586
708179651 561097778
13099972 13563460
79819850 517625384
321603421 43942867
489136821 717850265
921550366 264186586
281762263 415947465
939182987 668745621
63067194 756671779
813097561 258694041
103624742 197670063
245728577 367647868
168667366 745073510
927631784 134605611
455746962 567314686
994677106 108505689
524996655 63751237
271037901 480294183
288514032 40637451
214453540 309853376
514714914 303646090
915293480 629061011
491069378 913371801
83907375 959446759
796619419 204461140
932792744 950519638
800060043 124132219
32102674 574513026
891618970 705202182
996534561 248548341
682815039 791279038
302581769 917329432
450576055 745104376
25367838 994966221
684126608 301587879
4941851 708670737
387178594 733431462
667593031 475988826
658768893 227730012
473796819 186421997
759739004 991807086
956799235 185119874
73061794 21338720
17872446 917879001
939050403 629616069
469457722 474053861
869757595 887119242
653890748 92323039
583423236 87791393
749480223 893610042
340443506 989658676
696236602 244441436
984294338 313220398
162646304 179889183
984463596 235153758
750999106 277772917
545057143 806247305
226100278 643196038
19734622 787781657
372258292 543025656
357036655 598534437
662885188 408435110
649807098 89952559
671076407 148619336
676012518 325340426
828699740 868082055
985041439 359607210
25923574 886969367
665132661 881401166
300097997 365259897
134410864 290340163
388321129 447251145
919780582 640954590
727154647 19302891
626782989 692620402
608066942 433992607
367342967 102068126
851736161 771960998
144192703 124291090
743568145 177861671
152748934 768044175
312521979 672246520
215404437 901837091
330423567 403002884
451246453 853917874
487713251 595934772
649139793 90713195
509305488 657267352
755803183 199446570
559500447 256209602
501539251 170213868
729980060 469811621
829033584 441952013
637623577 339405753
827752284 11296615
925522323 586553881
188605320 632998105
148869627 984993360
672753395 426366273
212629714 252847469
538395399 89059256
459135380 69036734
111206408 271299521
364206372 327667848
328618766 587761341
201029410 175149301
609773787 283137955
738038081 169921669
26266586 63865428
262543913 702479480
836049591 541578464
951850227 496522400
80337629 401913526
461347054 727122068
365840291 270204077
98780493 444271216
47827680 582845449
935775771 965878719
256541654 158744428
12371562 485390217
361757359 622580354
215190341 185103397
51349008 501686160
257085204 456163835
733543178 177202522
212786011 40717096
823881762 818469196
87348096 721576849
172422268 433693617
181956601 186344620
665146818 556471321
805887440 700963768
288269218 985519931
44556036 730102144
29492848 569205265
485961065 20145358
955969571 315631362
103016325 398897025
613455266 739084501
382570995 286589369
369133427 565257433
211939701 596676879
662699695 559327815
277310955 509946037
69298981 115085482
691267081 646294502
84808482 271021445
708358499 767496854
27339245 70181425
360127595 162678033
343927884 286892015
850096789 613127771
27498980 936801296
492047268 366103728
45570061 269542278
732753081 769974984
361793828 800578070
403973683 503923415
85907034 57256207
27131134 795573512
607257213 716499169
170366409 32450713
583571314 791171615
85950407 615389424
369539766 354029947
937544256 252688579
710805483 33508640
571507730 86118136
291354685 645862780
829909813 432215598
552941147 586928755
723038132 352111478
650598501 788453246
586612929 173481701
798129640 38713136
696735637 883528274
762151900 386061926
18048052 958719629
355544592 217605955
991316585 697726507
147275903 655708928
809549400 867444089
627510872 78522231
30521967 665586776
266878706 638218480
506278905 844727109
923870275 294395324
293806740 975991412
845092460 768851681
699375182 676446572
225582141 976556148
970854150 58818712
403049423 780857449
308015677 505185290
475314489 111888404
872273501 715770757
44081554 127847241
254550382 975281911
572514591 561414984
144166876 658993660
250063997 233848324
393264861 877489845
193413622 447584559
486514203 598216046
442481634 761333735
289443483 688927651
932580845 116429317
139598665 343606421
161190210 880154880
622953255 739765601
286503363 170078002
373006642 162550923
231693870 645947061
190004704 136044882
134093019 927052299
881626084 900925187
776310966 66126041
636034618 750576547
721911530 13671792
295587365 355115328
373988871 249010390
710368641 20059038
884875102 274215181
387147774 937761304
439915929 192589742
980148168 360240466
245911705 319184419
840977651 614926079
445362761 862595139
209920398 630704518
810477316 37953146
999058360 989737774
879055884 525840040
736443901 613700747
684469722 920614757
141442108 886943478
581437108 22241386
338369986 665789863
979578466 219861646
443345 42162357
399854821 304445335
299374090 243299840
734283171 999106405
297892865 332355783
727410822 405926771
680458635 975773057
557047328 684224121
401173086 815720355
801796887 80568963
752126586 286750752
604285054 738507974
970862093 656122027
46714349 407354242
600187371 592010802
605514720 960662727
948400189 419846653
740945016 668521177
485658583 633085237
74673626 577535764
917776078 24588417
445864924 701223092
813424325 548621587
287559146 106376480
793511741 509291062
914959366 319163619
92455313 153512637
916173388 902528951
491444329 123219842
80629112 589527346
729334220 496060376
298761120 575435673
413798665 598183220
224496478 338608481
342483036 529744922
170018574 757571372
458186191 775428298
883881782 285124973
566855361 435862029
283900878 208621276
932274882 357375803
962596345 913289117
181983278 579397236
5451734 557902711
729199189 171591350
464911861 181637248
771913819 190269218
923696570 539039423
884974775 375619900
142768595 10260772
925609764 863966135
739558844 429568883
746473813 963215469
847430105 72395862
315924282 178947154
372005366 758415443
702493116 474773952
274164192 499886003
193338031 825951381
283919712 952880046
281533452 252779355
400692657 176862724
108594264 294551094
280845172 939477305
666405688 854960091
423415759 569218129
285119805 346715919
351022933 447419704
175617689 510167316
475751980 289806550
659472419 331444692
531065556 315207674
648564325 763321199
163283240 215945704
77166823 540295849
243895928 640746901
345356122 141481815
733449480 34431897
614295820 151730461
24140033 169123068
56491529 681179551
70423584 166379314
952545541 571731864
685246750 7860729
337776190 793708463
735311158 93038903
282759615 882442874
444328956 895100553
690193925 698741557
515673544 857302767
444881891 891299043
86002777 335973601
341619423 749197639
489021381 364228800
479109757 956393998
561236390 319864649
706589578 483621420
480592798 917203932
916474332 599484689
100073625 733563323
161426567 130969243
448070335 296691559
617965283 925050416
784320782 171115730
210968897 230066845
508791136 412491481
745959692 866389847
137264887 560438212
429627079 79598760
855002474 962223674
807674922 710025000
246290457 567749669
838479826 666384786
880762439 312765122
318363082 402027263
445992993 792724871
841782573 182554066
217602475 544031568
294910843 30667582
411634153 686742189
676622545 357390926
498575906 887296935
850936304 485098658
105569971 148681003
675936822 6651897
227634968 753086658
467303869 112318943
677893438 403381314
463470395 889759428
542370913 732065397
755989241 426207246
118935380 10247380
440841091 236528707
215541588 14161274
249156038 543702731
802599745 855661898
376244856 764233682
995595353 880638277
386411126 313102432
710000948 678103722
483995645 305269735
685203221 272728587
703531150 169000401
337300364 188669268
671784901 819727043
30275089 668960090
990619871 803442282
636321514 186377891
587813525 546081414
785600064 186075834
798378815 742204099
217260743 921114867
475589504 563680092
948664380 513718553
444441759 231993050
191016193 616147652
29985164 535789079
206452653 223844181
152813054 876240434
805176337 895771108
796041440 317375544
186483770 52790970
475496871 983043597
198832831 899496131
465534727 578587615
604246325 256277887
175577522 480909486
990110111 331443776
19770295 194887324
12518566 569794993
576805030 351125688
674752850 568413025
761296936 79260381
157271595 652180218
145927197 883573992
500239529 806908487
614368619 977382120
98859606 303965392
786062878 479557129
857369695 756637984
777176706 958865669
808710420 800373602
564677165 150122875
448283279 482620920
76048624 703591355
893211698 960579014
579664304 654125530
58539220 267664687
342521263 690678819
452693084 641794137
684819357 796536022
310131870 502949139
43809999 832661886
793226466 696712707
794218730 134178218
640281997 596443396
998135844 454554440
264043739 800548866
591140243 897126278
410900671 350743736
125633641 429772519
799170814 623081698
176439247 302799601
220619681 444732241
33233235 635101167
405217770 615499835
53452952 266839149
827849538 164744061
70465201 369523501
48564963 681942747
490349296 437120576
434300096 624006855
529483803 343692854
588426464 437373555
25499964 204791673
860288166 324395979
48017137 901732895
832890792 47797427
879232172 70675168
281864185 932278081
835931680 613213715
994055147 410916370
317794164 958302582
986743838 674879385
139799168 649563978
220439324 440379227
842765093 761250014
749176431 771318659
40270470 919869563
403191171 832558451
878531875 271278585
109623022 848395219
93954380 54959464
540314604 638291254
240537142 765058893
259458776 223640307
272729891 982003745
207963394 739713728
899581514 562924306
843585946 875525839
287246664 927678075
251764860 679929620
886982186 352685739
664962974 865602094
767779046 103546463
388634383 170666668
116271799 629721639
575054301 360133966
662589675 478986058
540707254 963524874
194732928 886347330
468140532 933944172
126814397 881233411
983476577 203843495
487913967 499490224
268415795 566069958
586312486 695592012
887944845 577990145
985447633 255636916
44911898 825147346
365463753 172289030
612006496 927130709
909692417 672102994
669500929 819794700
256668712 453528832
68942592 158681334
566315031 953317194
845190379 74708035
63042068 78402161
406187609 99486665
411615238 740033520
135891433 838004057
761211241 75433275
886146596 776743623
141368507 558385337
888535417 709697141
52558879 665803236
794179805 227160474
349471563 259562468
547218964 931345212
992437446 166275396
544625723 579630934
101091744 999747830
491568484 849466637
621125953 232799220
896555165 826780394
864196855 107010887
688780455 927042185
392643526 393483389
867523845 876597153
895589362 379084161
156355307 203704795
934547476 212047844
737143337 883184240
133537854 820735737
84755202 29744589
914235686 977826159
100640322 751333734
981891380 812671907
723469300 307993897
23780079 857716602
535385261 246242436
864430212 675665311
493074077 17109367
315843064 545335870
690262054 963636030
678452473 179506939
172371133 625231740
105444605 693649317
782814936 985601643
408496182 928062557
268247499 170209956
388022366 609028340
96355971 738198439
182882142 697680171
640105166 444128598
334905165 164321198
323753270 484223835
9512568 191960266
372436503 588795700
235422205 242569680
229662347 370767886
540771582 37526285
102879751 410365006
100805700 242129874
361083329 960773119
879344935 670072050
291535179 230440243
429473754 588674928
911874692 972597740
868333873 78725975
922720428 405915134
734845912 391555833
581844731 162345001
631964668 378182426
758412731 348778008
860902800 97690403
116605750 27714642
689048819 758389335
207918722 395191718
938846322 737645334
9841136 788806469
700301992 981438557
784600402 582645839
139844089 829888488
332804347 115094707
767175195 937881134
110756781 849357751
235843797 372089158
962265023 761608270
936331259 768750652
801398498 752627478
388478597 185592424
585397536 417432051
510609725 152308115
928879201 519999848
735292787 526786872
894469892 512898198
373015772 273343820
150402497 19883340
282704826 553731873
445947902 590632567
644283868 386082538
467226866 902815064
685635491 777411440
378138507 413700849
825834067 514693970
592938358 181836970
213163663 234337950
818108469 819885314
935815419 813915475
791351607 605747874
164166741 143179589
722767113 221168500
402837690 192124940
704033836 185479850
596247902 937001793
38591308 428247271
575563530 915260933
122951572 394050363
803981338 932985688
338373604 33826126
533489743 43641982
545663265 779524673
457550341 214380008
338540651 939143671
217142725 33739878
590103333 464025637
827771693 937016919
8980320 876646265
970829516 924609884
339613247 748634663
774707042 116690934
645076199 848998249
511427930 56429499
435111654 412670910
234101425 545435094
231580742 961444557
500490925 264266305
320087764 309558053
816947911 964441798
674968396 450626287
884231074 176309769
136232735 663881616
57730735 913078844
902300472 667004670
877177308 23638905
155302567 154878796
173608534 198783646
137369772 25223812
521876519 298955304
370334140 900845380
186870910 653144388
701219486 157465078
132044432 32806001
820724150 186326020
191666574 920641338
783726592 219107397
532762638 321267127
265641475 265301391
24073893 593111499
303241060 392675526
683676203 4213447
27975605 153111951
69589211 607794282
3032837 631869077
31901024 34389674
652312660 452338750
498697715 907278836
979254222 604125610
454955600 271445879
545844491 437759383
766611133 544233754
95896457 582823130
684422196 358375658
179105055 614574226
153822571 391183968
156007721 970565439
337206636 577371739
914409812 454169304
723731109 107313304
830425602 690772201
635547207 236363229
914960789 594888362
57540581 576247825
951344268 149613766
470758786 327547971
838679609 579131084
736816088 913429647
530041867 237110818
236080210 463287532
719326041 129248568
798766864 234085514
184619527 234489474
247676419 833256851
127904598 746139674
252342706 751213962
482843744 80685339
174073556 994133156
196142423 80088441
561729826 711009346
42487516 455938339
770048752 277796758
348827818 70603219
942798786 915168685
105133774 61128175
945255369 485516973
777960128 699861474
887902563 951277827
46184192 653324993
401463738 138085736
675414517 684715063
957331185 243278679
268854863 955140680
515279763 114771174
115051919 759155583
895410167 743268103
848024588 325230741
473488192 452248563
781852026 914133711
297138898 385278634
792785744 519909015
630112333 738477662
797086106 496614256
861888593 120665577
926807237 2129844
881381397 66852715
811282029 498525582
632731403 110785490
207825020 847196776
944555178 853869516
383773503 146909736
28180528 685373822
306651367 397245140
150011050 448220973
710495644 893404396
682308838 597425616
420272378 433785635
528541270 711831760
383201059 866033471
683148721 967201953
95478391 240792086
592368730 134060205
122842727 583109794
250574166 198615775
924598010 244534102
272570291 86083742
946106014 610916246
72700397 945735095
316217330 684949501
698988476 694329465
53778439 118510990
270325138 182602085
615095610 543828436
71657567 8739103
368337281 10520606
116321022 100048720
431646728 691768894
360074374 291049102
364676748 192926218
655427148 865094725
962017910 859886235
494972558 474962254
39307474 659413465
684594027 406579476
155685704 512074551
787988995 236885902
237184114 495728259
257594940 328045246
633909641 720066891
995620052 967678183
764063307 161864611
723392809 615716481
326515703 722988784
616699441 140882724
619279590 476596077
127518663 436601865
214829759 181646701
255491778 826011464
126801771 642326777
360100859 872651661
604413477 346485603
410972421 665191117
336268934 11377573
959044218 233663683
542180687 404363226
845273369 577201585
486256579 766177560
643008001 320918702
152983278 482400375
61719873 509705993
36899808 155906253
906239081 801136627
292265808 776871024
189493561 840769467
308225322 78009554
779883327 80796945
188320299 674429405
42816412 163494670
712495177 310475663
244052984 827711329
61290353 557362661
635119005 844386651
275235176 954662196
919454388 600712926
393684315 464937898
872175359 842498465
979321507 454453249
930644466 428543413
908155710 945216387
220446374 940527710
757798187 618445689
871837746 517670104
672466581 545094711
610797824 823621462
208729540 849874830
330498738 120433051
737883275 574334465
830920079 118846070
765995602 257611427
758580685 677334784
859117808 288297658
317785158 398669927
914819348 35091802
1778995 192044697
320594162 595642594
144439307 574270207
517609989 258019842
641121171 854609713
568754385 557885757
502605035 449010824
275271926 457164057
462007062 429244165
6538189 823664437
871033417 162452148
999294419 76233580
737169482 471555862
588057085 982083970
89846356 162015091
380069411 544767305
60453435 422182333
265085139 551713267
620346742 830500969
956805904 413362690
491641093 951065244
83497120 189530797
534355530 522533116
962161446 833863118
175872061 580002096
572010265 978986666
403672891 442953482
20122890 744633156
551152943 42853898
525167305 815309827
79328722 423941636
369847085 615966014
665194638 166526199
363149524 545078609
809598732 207012606
212820193 680455321
214790680 59482490
713080746 306054245
557411148 920759261
941022851 978257852
315685020 683350102
987275600 960624895
639072565 119564312
226448835 576405989
864288910 197867474
492241098 144736340
771335864 806877737
142423056 555140976
750875740 172437695
574793505 593536931
149317556 316161581
62070966 939858122
670301824 501496697
139759747 343498927
143949875 182072745
626072665 985721447
480644856 42540537
563134990 133073302
652552539 331485534
391722313 753968745
850085464 319954857
704928460 241730113
862574092 666216747
737323374 438307760
411719162 728617910
19297962 715703122
37050473 35709569
350591486 255509430
186728955 970225069
200622464 288510907
559364370 545327761
917236730 244885822
284498601 153491849
913303442 951633838
441426510 92920915
991450980 542117271
191568535 332240781
40777864 543329272
456753143 116887891
578122210 813328464
734938327 268146853
933613007 442403067
763440010 751940255
8592504 963644966
704368019 991803610
603963973 611755064
971804676 355308827
945131450 563582400
262074844 519070146
300055555 425587987
725791229 548302163
509398128 427741214
13493452 173992198
742437363 900079291
69986003 171297793
82963498 330047197
316825776 687814302
284111430 590023488
707686131 773293463
584874925 659980430
847941185 169039806
752953638 370051266
757369665 321115797
30098927 889642985
700697361 8202688
715749003 153029615
200270198 641455077
578765124 597390565
227870210 225383079
134323405 535137599
529374203 199785896
77324485 132475568
322765940 109393653
697149694 676753258
359733646 17590572
160165533 474193326
482515601 965396872
448486766 147604198
706272003 436120097
264280723 674926702
335611081 996918956
868877504 540305954
901772761 886319551
526819964 396795536
994678205 719786932
728737162 182011683
749086760 237491277
718523995 363452233
133083951 263669623
50051554 490576477
740972983 725245363
891604206 511893855
98417617 367844860
813302453 671217695
593257419 237256090
362185286 444356671
282094784 183730580
996680232 462171885
389644031 255361231
306626370 365964342
465792400 205220911
748893712 150856292
213667308 623329277
318794086 800475479
432448020 228681874
437847355 185197456
171021242 134235392
602931532 321754420
981405064 931722615
347068379 121681247
773418489 527046029
102342965 587634097
819469589 879280354
110173970 562824951
956429706 786496815
377012468 558951881
665382235 929974719
8406360 54856355
288293163 905487168
325536236 461151210
660097773 309125730
10022200 558130233
206543973 502178525
379310137 776938142
618935192 696196497
965412732 125446349
545892177 18038226
497904903 756074691
452396173 864188654
398450936 639904628
525575545 832588650
434771789 796971975
231715833 159823372
965026935 460349657
562382933 990253880
722648484 867207031
651555038 485418130
797588073 986923070
938862052 513384067
494024577 672296246
713639597 599684347
115763940 300467860
953899597 277765139
371414438 419746733
327477238 630637195
429110023 19529304
972918803 694707262
720282722 982432461
891573473 474094832
704406939 201215482
870880814 655812604
580706458 571040210
296401631 289950577
663059080 894640248
55072834 303349455
956955577 247446617
219735793 942028352
220913340 462744423
294882690 679649844
89033889 846563654
460742930 759999127
308376973 334507710
855741584 575494497
109629324 38657762
533551414 556995875
880616844 12658812
484409531 343025895
181617104 785009091
902398618 224285182
505831933 897882728
950770383 153016850
102815785 781173448
413676513 172136227
556803884 26556926
374987296 212953159
453070309 156570877
757025863 230766968
619763359 505440339
422784385 771882460
61705436 467818721
972530855 255283947
735776483 703382816
400317228 586497202
928308848 731905621
25391573 632280117
969801328 36220122
151251863 220320957
122395333 327567112
653032647 14660627
165772803 848262459
204381366 513605809
445820620 972548954
660211623 47229056
743430383 38623226
702572059 638317946
199499289 578721246
28890153 845460587
88602575 121749006
998902266 17640193
266012878 961746743
909875260 193450127
194457957 52382840
767263318 823874703
554355509 548155690
228226609 182659433
370563862 618756237
249226590 382159545
26150970 678043455
983678313 172137870
479317959 623725145
229363894 798550965
938776118 754977063
695256676 537113425
367153512 917580067
80539418 848084415
603724404 96913504
267631961 514561179
634616524 302385397
404005315 192714299
953275854 262465014
94692281 617370973
732354132 754940910
369692894 317972328
644241733 179505499
364722507 640949327
534989872 976559075
961055988 940901146
15766209 861565027
678168950 458506202
844076882 925516198
318603377 338246177
761970505 408041207
405632158 84649183
606940290 550964445
402247898 336121259
446944002 303220468
790448946 838853412
370325530 121365511
26219484 944126329
177847031 946611805
326703798 692978082
806224388 999995660
749077765 508523763
384940880 473440367
771806629 294882509
604171297 945182051
822783596 411760308
51558663 91095688
437505381 805674593
201976949 253299918
214383912 914143351
846101714 901713098
254459466 800372828
468858656 203795448
655359499 849804522
786009457 916907562
217631824 883571942
542250516 44265263
84833525 769170813
637023461 202099884
519661492 419651663
629094760 787367733
92896455 26971758
316473025 895811874
54215534 419299640
815157193 83290116
364112334 668095393
422642626 616059623
787507199 165840649
129180667 722069188
47473810 925609318
255636435 924581458
133514396 570453419
718853039 603304393
658182635 120870095
861093485 982867645
159442918 665079889
884469616 77175696
529613153 614856915
735620746 191948556
105467789 23341074
872105123 440510406
811593484 67514578
957820349 34876434
774016147 591490769
501218817 922665974
551639349 688589779
213325576 170685474
88071523 235772562
551179120 129649089
79543869 213144748
110996327 788094818
814115295 959629154
333892737 222177715
355922244 700725632
17690610 31140283
514897 421148368
470439142 855280709
207245226 885920422
871379123 1624398
892553494 711119934
792091614 72295924
364210249 235220451
781384554 341866614
576622208 172978557
592034140 156634595
921325921 234048402
287182719 496790082
710437488 900890892
521502722 291264134
104957235 252903774
299619408 17619324
155267563 392681165
780220242 130967268
731361405 623040395
139025109 509039618
36427805 541771047
871606394 704440844
497486435 581965348
986565418 335833420
777997158 937797538
750208374 357136386
192628718 869870743
543788535 11526635
407240690 371862600
733060942 540593106
778930892 81333537
150837822 958391423
630731831 478403612
118573355 852445490
579306537 138759535
