1083
328521045 291472719
165878696 380535716
124244325 489199698
876713336 523496823
179320047 103162592
304621033 715258239
443335098 408257788
395273090 424630045
752361449 990740194
932534732 541750315
91398714 773138541
292690332 107750742
941229056 604658636
456231397 234173766
317961634 782084312
914236186 674228525
798112158 899698205
535748846 157788276
446262475 686014141
257356310 778166024
50882401 535544935
711953090 16178741
210835715 549836859
598478605 325146462
706298853 414671972
993958807 126299553
880398751 990083869
236437493 606599773
28952086 77162097
54682334 352707234
21418180 421845946
505548960 669969417
619095877 235042666
480286203 819839693
818524589 705321362
608075371 996159869
559319325 517070092
20571812 879359276
650308 271849564
515407289 301031401
24472583 182958136
93153774 836370388
378584061 710650196
406646113 899212993
982256991 462472454
940204002 402279284
348432803 667070057
33409922 524599436
440236355 710738040
872076780 261022420
998587365 787452001
941283837 663592198
787880553 672822020
937192050 191033736
238254181 55650865
640398009 265215884
397962085 104200409
76798851 466569628
794230527 837840522
621606942 503145950
25441111 137519356
707228150 565041207
215702719 464110729
621938351 891854271
486492800 774064771
257621339 337408812
165015407 421258513
881801425 918831225
102689128 723306695
243490962 366964669
515159885 212876348
434207950 345182297
539035711 244703796
660114401 348459448
481083608 619011919
313094449 150406842
232124517 339799278
868058634 984031601
909531519 665036568
720669721 486536307
475526679 665002879
422942823 65238382
887229962 70650460
539534495 86867027
632642 614538314
258632584 904507754
985504690 235518127
501515975 460786378
823576522 22878682
292689494 700382796
102737568 359687061
708236912 862364626
822912715 820080137
609663779 512566196
325219534 795778262
288665510 668111894
234216758 115824996
61583706 993539896
377636445 653371964
926624538 586192822
619147455 674493874
303453367 196819758
110594656 481121113
656023549 231849875
775123083 419885850
905376175 77975970
407593470 47942414
28542628 877107046
504871280 863885341
457990624 74619198
153652801 120171955
974384474 46028874
380625107 315680824
468957207 953432377
667749729 511803692
759385470 533307872
747011997 703047825
563266313 748791685
114487455 863494139
54693777 599134679
195259050 837835445
435772009 290633102
807468659 644790073
774686003 620628612
670947020 829670516
295932558 215554759
647662432 812979092
54202266 254195893
874065612 283110287
541545142 73809498
343611074 614808897
506881960 418527558
623635004 701501939
622760759 165249081
295022335 303328052
307916415 449777891
422988098 909653822
365247046 810054592
213987019 858580641
227132900 984142547
678748989 933995902
317041604 140976717
701172652 921244793
478189882 693528882
461405959 494606823
819261785 401821856
433268098 234795091
918681414 241279538
239765678 412424530
680018556 786307824
424251963 270012487
372704379 957261908
90810385 919198291
374666746 885396732
404905138 205076829
447345436 690826983
631395955 379069895
321543151 732912375
360589351 895461859
432818187 168094439
54567632 110953743
359919462 269813437
418623707 331608725
149451999 549804229
902916068 789033698
418226650 33549422
409367056 336268082
478246456 284913350
517967353 181343668
542029336 341978996
660653095 241135704
871978563 309084913
644128906 620738211
182820346 354222710
690188629 733193345
262526013 318694938
958357973 154818187
250840608 857371622
891288430 330740758
410632313 168490966
283494746 452478191
47098432 215349755
578533845 287910640
244906574 23598065
537419575 432286398
665590001 171056876
519135939 678420057
535584285 959260423
975134508 913497774
584935723 276804141
970293533 370474576
353273836 417261771
673775347 783195785
670116488 522697997
862047400 943882661
165611801 596708403
320009566 229691266
49231726 163969360
741306147 934550871
73303976 552908356
782542246 916844408
466722359 182913804
863606049 534342
646031346 602692517
843191528 515896092
645170799 644857755
286192629 772083610
496741343 737773457
640321861 624965256
264607030 485913421
344966364 747371317
51891900 856397879
38378099 634216703
682448700 68453835
179092228 939639452
87999271 954254269
445752591 983157205
136926396 201021625
693992191 100267459
154960950 155799005
332240700 844864078
82467938 518764115
44812606 884253543
757078055 569244725
112097992 990637261
870413379 302837095
546655035 57552269
267721882 738067213
399426430 21494901
942347233 546611284
310490889 98688349
963433405 683547634
886179269 73977765
878579969 80181132
13058369 712477085
612619959 965717649
465832515 245910596
519044371 745144765
820162339 795351790
51067175 157511692
351501695 777302399
666998911 433318178
311291308 290337752
951861779 577013407
620469771 429394486
405671224 713485770
336310459 594957680
114427209 933792237
336943112 709124727
633985082 186161746
670546157 137519140
188003991 588451276
616518674 7518981
225010404 35178528
513579363 900265827
243510679 39571061
927580759 125377121
767241943 352431042
771775780 702218244
431125724 132586789
427532145 695520340
70316901 262328930
659205920 580801838
32477705 40600011
769357678 159927693
268778001 233607050
303311310 566732859
837498494 435868629
17600933 393498923
24814841 619790292
392009540 278010745
360661910 12652638
624832567 473483682
196054655 578581890
292466233 851534653
827379573 585934544
576315493 386360178
488975417 171405145
159485113 453148688
341124611 439565452
391912934 450829581
979893173 18840688
102834207 251347524
704500255 626956949
897694957 310785738
642152793 391914537
647909373 840398759
527670845 916618883
737019111 939490554
741963490 653632251
882186309 923643860
561725353 277991800
555630422 316363049
549597687 962963772
114940700 528242806
127492347 343354040
975946355 791596652
478441017 305939800
263969800 272471978
441200824 330761738
23809624 476119594
43651057 686079889
837508896 149942982
153196090 87148481
915408271 472832965
972816044 560981112
590941787 571617484
399892473 324817786
558579769 254895242
225347180 200083563
924809429 494292840
732906927 438626213
920359129 864114228
243403708 693046415
371348054 364386417
636712825 14961081
359176342 849868404
71636856 568028135
695213297 551201173
453607484 466191626
858465233 551900586
395701625 589295896
198448283 171234364
724265176 934163327
624458516 408504211
395564502 604673988
942822947 328203420
828865813 381981792
434861958 64683490
524045196 247550007
381620189 517526554
852709943 5956686
155246837 215198721
575547913 54022631
877518309 831432368
795461112 650179786
998417328 232954477
459070762 35766280
615648063 384393804
827047910 271922533
992760790 289264576
224519274 910852012
489570925 184158044
392641323 137379755
697957756 110506433
346496569 475400123
448320592 566546861
751183358 182901834
800270340 272064242
182677928 196858210
406605600 30291870
347195814 175491787
407413447 154322361
38223754 603209694
166681235 77698344
879743028 179448405
381834325 351615105
891001212 609482091
834128558 662565410
544260246 684412477
725430416 569246490
426121226 122378927
818038432 647950275
589239351 366337494
555245402 520586501
925055023 132829057
30825912 107277992
226504645 590770278
328723349 115288613
793350591 645532365
974685742 754530999
364359579 468792745
985693673 662993
516765556 795320311
545380357 702845040
464104013 102331613
67507272 705084970
234242585 138593368
229036070 484273648
214167822 222609133
521723648 629986586
990761714 966704256
345744465 496669707
928348525 87559317
596336378 655383013
609926505 399742380
428431442 199720914
181492628 5813928
943562695 214211055
576076239 478356163
583987366 759520609
917521559 46960580
844412040 146082114
940158452 759675291
282177931 651090166
558600977 334163137
424891357 663679464
233971915 960699496
265583441 754607868
456050892 446491231
563416270 465930046
393090888 163734686
611652594 30575379
706479373 512903962
39356232 524037234
374176895 374449797
955520144 88027757
883163917 698938299
962031291 675534499
623497560 743816631
503414420 697034281
180268622 937867531
494946424 278977371
113265837 781518966
256651286 373552414
685497620 999626311
327818348 348823986
136887222 155247261
511000865 163126751
170387391 122632261
365222589 82324534
71320226 565805394
199394110 170239348
130402062 420942933
144732303 654108035
861487932 212060761
924177465 175122594
473165959 318682567
470099929 288686265
29565553 828108423
562993572 754560818
847300683 831512707
518391892 473306815
900758945 235911045
624828131 677596507
496757369 75139178
423192554 98720659
7614361 109632959
275191809 490356334
729840353 793456154
633922043 497730074
541972022 378617486
736593236 803592165
668346680 718833028
875833324 9246598
49694008 386194348
166323061 162098323
78552403 512198721
459901667 684556573
775546032 202823599
248288868 643505760
88897405 500770891
732584371 129487561
130888209 824875400
535521575 305640722
651392311 622647171
565567449 556096149
164646156 102628869
84921493 525202514
446527724 830952831
665604209 477680388
221432511 813979516
725001739 620824697
75663337 567135420
430063520 145890239
885285124 815402260
292224590 640747941
852361290 951121166
28536214 619093078
971788651 258511469
37166848 985575179
920722652 368117977
484121884 517194285
474550971 979354270
188627107 830934755
76695132 329730249
567343121 143491794
122061143 139799589
874628229 236198622
244357858 420192722
89633141 387689294
425031048 69285623
466319228 532423213
225163801 672034271
988795050 565830027
476436307 836386227
899586503 225799576
41747248 880605840
113513075 889813662
727823572 374170770
764765073 425592492
391615166 103186587
906477744 848189625
348520804 239503690
920816793 574276221
143355592 228836557
56525117 231628613
425618921 995642296
859246127 127666876
746416978 670359303
50196522 224366150
437313865 419712030
328339958 251714310
977654974 156076536
659493153 240570777
497454842 326986074
113003868 731118728
797164587 960330514
197773977 315845106
659482030 77869698
854362889 624709071
324905802 134151125
572203712 993611186
687248641 211748739
885039807 232423364
963576130 84440248
767391173 929418920
506383972 272174677
360142057 53126426
903071540 723846614
153001299 133266210
16932444 960902775
475930680 901878969
620054276 735947537
276361680 899352705
397136486 455993943
141018925 482821990
422466096 208274083
907183214 666353469
438250799 115740753
756907315 494167533
962097567 858028240
314109779 86853407
439488092 647956650
255008446 46574787
344566137 238368087
729995572 186986392
383633657 721889235
876741118 28626625
932519764 829326264
843504373 64575246
285576206 774095590
749836525 883011294
82372425 778931067
92061916 17033974
159388032 262925769
577100391 406009931
548366850 169389026
832677106 471237217
357415153 290178787
206729009 969962745
156760910 422100940
907147139 334307907
118715002 994212270
208840314 280166403
709928271 338100050
695269182 700782040
825027584 564543476
753072893 437794229
719268160 39965094
933918687 276540011
407079551 991565602
863888945 130926613
219517387 966496910
530198776 538741632
988704344 528138544
124922137 716295039
741406229 59431508
54270000 455295564
191843765 401949254
411344287 866785514
933644604 502953741
275175029 737654610
828569694 763059873
10443570 108330223
894351207 351684603
117364819 359597533
738154259 189782648
943491549 983730602
133206924 718040340
203445947 767411929
327445641 346939540
838107367 19959630
408026023 385674511
984446937 567564835
701785057 495686647
516943171 868867629
229392934 751236160
617105811 954996292
320889746 552287088
417778558 37074146
68221276 981884734
389272309 68611307
43549892 972753102
51806992 510563648
763771450 185238443
250384771 177196155
485321937 662703081
606076119 81917034
423377845 917259734
523409601 682492182
248176859 807275962
617104904 997464998
164378810 427391191
856920552 587882103
204332205 829248547
253661970 134646970
9259283 315439332
218618951 418445078
113475519 804059211
659223443 142077745
975330499 933156703
383010232 843923137
246191495 975469203
714586779 155701282
826974540 105765585
885726762 132367103
762697372 437594309
135127803 832162187
597502138 850054304
301355399 948615078
313672846 548092651
113950770 706919726
773608960 330864916
43357247 872672170
42217507 559665972
444813862 635502114
146438014 918495437
61423658 108578409
54038660 116189353
699005125 595301586
514429624 917117062
632991664 845176383
7241309 598858083
917271146 813527541
620464685 681918811
543405304 4278395
364229237 558743646
277777412 96102423
893863322 591486781
94457310 994718803
313437015 214809037
540628985 972121380
656659310 186588860
757665124 744512500
340957486 220949057
754761179 813025593
625089821 770646811
462234910 148662016
58639311 803054038
884572680 421291340
774259760 517507053
817744999 39068169
122200614 559741254
556045233 284999636
918170282 966418910
483992055 569931224
778463496 994147372
969978763 50934104
717826551 492201322
444819104 894067490
291120017 502659375
387470539 711892754
412543733 138119725
750764509 998765488
413176455 378289379
266905574 244649365
134368854 997875713
454682784 579464037
872626963 105875196
976183807 250280241
930666338 468307968
170259524 835847867
188081756 119473353
925208679 906732297
365860113 155088143
732187633 552670530
142368305 609149279
693437771 941099992
544685755 688590995
840995688 941534340
53271845 481407256
26177434 546181908
420371463 823127016
799733217 869988826
268153730 565741125
978218592 846630673
153884426 889551567
237853424 277942213
387231175 443259943
677719805 463328497
845274200 515151983
898125165 592422574
414109978 90098052
584859212 532881721
891649893 327013551
590745867 19624324
359229480 443794301
375175238 339248973
66808638 887840290
365032114 136694093
814347017 206641111
986740635 781201173
633156745 469623445
772998813 446437364
117928524 371803134
820476367 268660701
156695251 473548233
961812996 809909910
616212305 151786060
45726264 560734498
649034732 953859664
547796201 847236523
241080490 733229983
388339060 679313308
859696445 436300045
159442213 948733833
363232790 415980342
542119760 351482265
642070025 961489857
820795149 502110371
741114955 656591772
315519681 69298093
532038493 831303462
768922 534225551
727608881 6939514
56544880 33262654
318070895 944945067
201009606 207266064
925451229 132638965
98126378 987041379
24905588 29492702
397899580 978149911
735919404 418776363
907154991 525851752
733254368 808964534
172670894 690949591
147841429 506468083
933698070 67130069
113221775 682515761
140037077 157458281
162643884 408123028
582650208 204563093
389082669 833560501
326646952 322681906
297605178 708334313
685173350 314168964
993258259 245541850
855892829 156138065
108207371 906189946
147788739 232471295
373614290 808262786
88717629 684087516
514925049 975659549
19123319 838623583
61369106 657738833
897220105 327976653
748167586 978162423
630899943 327322033
941345592 921255787
869658497 424746971
634074704 107717869
223384827 634224098
296958751 59155882
935583901 219333276
745648750 273730406
907846142 43264428
487103967 829567161
583495863 369978441
289958839 164435854
929518119 677719234
431174148 759426311
657613652 835929311
315724015 941337295
714220996 727306331
552276266 584955163
155132993 605864499
316135195 65409024
318054340 130820144
862647755 191906882
587386657 168318948
821654994 821015049
168125392 434833251
174127912 50081502
405376470 34834787
105609291 872696404
438013567 528398926
641041731 473298667
652904006 270211131
25616776 533606763
530725193 452716200
931967222 534691414
356824240 43875283
251732711 541069784
630504805 8670448
140118737 936101142
469304889 575530077
854450388 55713316
519785656 392526797
298351929 192593952
217086933 61596376
178511981 616175986
838021468 475382489
591146300 979799285
823587185 424027565
562991834 397505920
145929333 623331756
451342106 91066303
872585203 736188165
334975400 329542119
989619147 769443732
674021460 866086714
353411245 297356110
652887282 717815919
732800455 439403013
36870902 556618414
284868536 937002412
441371778 602813752
682802159 51570652
486351173 871787610
126726436 742401406
43837652 176314318
672351738 640363533
443493780 813019325
284276050 773059787
439685860 718118398
139371209 630338621
27309623 113563483
979632884 210182633
727970295 441348354
241447545 860375960
777636198 104026394
37606959 400605644
380175574 437513754
670491466 302047512
665473231 562796694
108359492 358889711
181750783 988552464
238550797 505416381
51454044 816634443
377603019 576334601
389443369 476175278
505828820 594865566
306632197 669780101
749871770 262811383
424504820 837236906
273790335 712152372
144226349 338929801
677763845 335968701
351056892 194596185
379493107 604787638
766015037 835171935
891334159 508576764
775807069 852631607
445679798 765079642
43209933 748230367
674880219 150729197
272053770 397839226
197898780 113226785
516026069 99304518
850635451 415584163
573158150 222067473
695210231 438233268
77016894 550243184
326019450 339444385
952242282 573915470
24298558 146975183
969859430 381615927
724817370 332775979
464035566 297523232
710940645 703120488
943088546 493916893
223987030 141206197
821361995 821662430
954229313 932061935
275705175 923405531
798861265 229399424
517723389 700979554
529204084 361549565
220458052 604005497
543044971 353924121
511444950 766166047
188356381 550538799
944082240 646149666
249375937 577764163
47590097 825488067
202204285 139003142
465073615 686673870
491290129 193567933
620323931 395911165
352682550 462070438
742652932 471997665
317518451 884288204
838261022 170655463
80036035 7595278
304207430 9707002
737445705 94489916
967327174 233781808
683496317 897911382
432528325 296192504
743738278 419534563
448922886 235501385
821047822 281647018
321762611 418152006
796138375 814998697
110254435 138344114
361491692 505591217
841739278 733914821
811373530 459913517
854747701 87445856
540151121 924256030
5044397 744972930
630288908 147142651
918877307 726243630
488068199 648390847
172458610 382903193
400979729 482203791
260666352 224037444
809052299 156441007
935763614 925931506
272608283 933211986
188784657 391189814
154469513 437766247
247001504 92082195
601386392 650680913
576066380 671056043
158520520 681055811
372303989 348819524
180250078 982690930
782853253 520241174
434914150 845763671
888206959 879736569
615389407 277894834
656719129 186257448
90426261 595113836
192340623 243132446
986502923 922471828
995069980 692461823
572754184 778478334
644198695 455360372
676798141 548677501
174298752 355225609
607852618 732394999
250968362 716110071
704971597 835228650
719007112 805210887
366195560 643142583
776751817 425325754
239942139 642700742
86466727 891866291
145307633 817296942
540344292 2625079
560009785 456489350
155898797 483854014
760970849 900928742
325465586 470764161
495253196 367098358
156225668 193867117
567332660 381241168
33435389 108090487
887074363 697402829
100982660 639511024
992972700 741069621
173872541 375642759
177190401 197889264
358184895 247737697
302697110 316745859
140283018 618687924
217662090 233764590
815669415 345756280
116087850 354690166
994188035 762342064
942802609 180301186
701174328 21475040
484983700 238396434
225253619 873096149
444513148 714331010
417582733 787913643
655522257 659771862
143447300 997943815
336692190 604106904
660410859 778749848
267759152 764234329
242965347 675093677
154542520 52425538
531471055 594328675
308110703 480449199
443359097 28474122
732612696 945372688
156315247 5797249
684009433 870037384
899761568 178351314
961609019 20205669
690677559 190079984
407723420 329044677
13557990 758624050
386769843 656925825
410948519 497338411
815988266 21901347
237666461 730178937
717899444 112056841
228969218 542928576
749458932 562833812
931087161 395303394
586899080 570193927
419828841 768081035
740886338 616298733
177839490 678633526
334987020 938188208
742648852 30696738
860411354 528076457
469453722 528811615
573350951 156834341
704430681 90293799
914424658 283031422
512716849 441134100
466757013 901035125
861058150 609187869
689425923 101880337
627212821 262997152
587654842 83213749
789025519 400838532
307179984 257124136
864264930 861495787
184058293 85161974
256682886 203304657
545250012 448615691
10600049 421811511
433972595 756126521
999603849 5345863
765853810 46029629
119573325 623728411
180632022 57351383
435486622 626759920
334850442 152364621
798283403 253388250
222941337 539343222
678460204 374475685
310867319 432383218
835803372 451690817
116579382 762045703
155096330 806997702
747064827 881942032
806683008 530490961
298001053 220736702
561556764 282012289
993008592 940772696
368125009 98340976
828206684 65333341
29095056 315311123
899597474 301364953
627461695 329306959
752759698 317437404
917377980 674412085
930538710 817539036
772703334 4640123
99786762 619884828
271126069 300769952
738244871 371589225
478688318 74926948
137619572 351246232
430488470 292844375
727208715 308864061
140858388 630892648
538624101 976210435
195180674 204879075
299100624 690115222
873068651 264816422
520697076 104211291
67845154 709453400
640040424 765416281
776906048 360783879
504872100 489524136
639566905 25632586
960114540 961542096
751478414 379211351
631175367 996721722
350964580 91173978
373604257 432389336
897284603 806421068
614898675 117901084
78043389 263160460
250031882 259855408
