1884
246741513 479539136
39476570 707885796
970459578 49649238
766831144 755363675
911821177 8797472
578332264 287714846
716982800 843668742
313041262 816734505
221996602 934470475
896828555 613117160
978390758 571323379
772329378 406959612
213339036 341787600
75746187 775712597
513198354 608061658
390295601 810693413
205689139 512154810
300615424 681197024
322204063 152506791
626003307 386332466
27406973 833200670
407132003 155666532
138619550 304866615
143098144 635450274
390202123 231076950
290129999 709995759
37329811 9269233
118826951 974233361
745446033 529151047
113211874 276700665
423460001 199278978
856878703 858033644
464127284 983927369
256203233 251808041
69272072 792848707
638562982 761559311
314075603 65492139
10635599 933398287
63685999 145821165
523891741 639243701
308053751 54988435
768384998 910678389
861742045 657542487
935075305 382753081
831938616 470075581
248942576 702266668
360948463 644900356
840184122 956530965
337681900 36022979
646303003 424385902
928237362 853861167
416784990 604118308
576769337 279168823
106697598 333530443
926233907 571995312
845475187 283643972
746229684 417674291
108441699 366248133
764448717 63887419
481942905 746926869
429198839 674051589
923064075 31827500
760198062 265317842
617106074 743858175
852654103 227955755
924725849 806586298
158706350 260530699
986493878 565193715
174313582 696202306
806257548 618156410
309295060 372253228
651853323 102082543
653922434 438198330
697136848 383734542
205878984 249093912
114157828 215040003
975268802 698604673
500218677 93828560
510551140 640646539
738209086 215863215
986128696 935961621
38344691 622412729
89684007 568808548
532050195 446646937
805415674 543566785
762776314 318600290
400472267 88573032
454349842 81789326
619660910 895540960
862691397 328850331
17658064 945904783
504661305 662435694
571178805 622836077
411096183 763427039
819733735 869287752
265954232 441206660
772708620 403298606
687385801 642118140
849118687 706127860
471881904 279591571
464622496 275907697
602671888 484876825
576715182 436841427
109569786 521236268
480424780 460856215
912855714 702405332
767851641 950406557
278131445 215301035
322650579 808586197
247746457 271038656
456764390 613223440
617779518 834806463
764907638 445688373
755350532 806584828
621904414 682053951
194268544 964533644
459502861 287031753
862743768 595089112
549182070 401060195
94117846 153902572
420340503 980123007
745259155 286330165
349269013 502127403
305327973 252480297
547217886 539388828
616868979 255836013
842088340 411940090
620631456 146917048
693922198 837470183
679224470 508330548
678231190 352901665
411019641 119216597
594116845 985830494
702452372 245909975
784822167 938903715
599160764 482054933
667969531 204642121
205657312 812429301
223822617 558549328
188155256 12739586
256988687 503392337
745248317 1201440
602358366 620654997
515655171 240168949
839443066 200610573
314037957 199660275
858392899 461387659
312831065 811100902
669099817 852324880
898129117 672569408
111542185 780903701
273422178 887029359
300202719 442604266
15907149 504209887
735840157 710137362
130117771 909788927
217644486 512057955
79385198 124062398
368473766 221887704
133105215 792822301
368677841 693060904
507285097 6695206
726028744 75571773
221349284 357472529
179460759 86933924
86163864 60830902
488295786 978948357
137878794 757987215
29110700 725358651
673644197 790755377
772419435 656779295
173776915 764111480
374353532 464831347
971293531 72601394
98062603 428710672
313959274 44675693
885470304 708186537
445754290 552994214
297713588 441525840
587252541 216408578
183933353 526189364
939642524 236505447
124470660 732329532
279215812 757096860
30439288 149412781
476614936 20736728
972996892 570193179
605460153 721544581
282444970 622117560
240263373 58478983
833988815 731358247
892873214 769568675
187285951 142299640
454795245 527413508
784297353 369812281
71727222 295393946
105048658 921049486
682156715 34221126
6099391 389468552
497976540 953950448
496310137 550484762
376910834 205465087
200166370 656290197
774138469 165561453
131946800 313250850
830846541 638819738
713019885 175377381
165677020 63754957
934401009 979907613
722094927 80414196
679502011 70578458
918203419 919134341
665440669 953995133
282487589 596353329
581610063 130499141
194425991 916985229
223278300 491027383
135198790 447402180
284449116 542782022
801570776 77152991
67157234 578670267
879281776 852047855
276041080 300096904
30709229 694512327
958867412 964345521
622830531 398679020
746430941 98353672
639919444 167053678
549361654 502049190
392726940 432203378
113593696 536982764
240536719 142968939
393893901 33358158
918730243 50975836
129282662 765435645
710588280 298112638
424307418 710790781
632333030 622852580
702019116 991836570
123433102 277549875
967619090 503476146
451814806 776603582
634186433 526326447
19252214 316921506
116758992 367768004
997365094 512352908
964147704 251499304
155174798 104096466
734821638 234903928
387536408 173936248
241360229 271722594
185177529 411763441
700562296 533855416
433489645 291975743
450225311 266999765
737314590 491321415
689590266 5618686
972088821 745511334
250316746 887019105
318580200 766391991
269559933 632533648
916472876 221311789
185565836 912334852
116091219 961829899
75221540 26788093
304971801 542190624
913887281 605090798
646737623 608991378
180309709 394956727
437457898 252204958
11398927 71562472
230753177 744823743
873462214 701926039
859558060 440714822
828551609 720573839
911094011 848491731
504351789 710522290
124371956 177966694
97228295 428325650
591164426 29441054
22455517 515903295
37456241 138004925
562413125 59238724
764274235 128256320
328624096 766727291
769348664 346494230
286934399 127300969
766169773 294889895
693292206 734823233
135564739 257308931
898703476 534435342
193903364 607537734
464837792 945955151
964878222 285319659
66419983 887183427
930630340 791604362
956934182 200975095
263699510 576399855
763858101 726288905
559810295 81597925
25908554 899314717
525955330 105280427
556913703 850886942
940444123 34341292
931821732 991846373
262350234 725535117
625835324 66875032
249342630 968809755
610824803 739355807
884658189 790157636
847893554 609284271
345908405 213616672
829876202 97339689
421531697 568423350
284921642 412418039
324775938 847735094
345679277 192874699
557780140 214564700
211729220 994203224
342806606 325545413
892874098 809263824
671108538 996549158
28188818 192855919
168463089 931338167
677370319 957424377
360997347 111417936
276955386 327301903
968124573 608851024
410184442 664076122
685837479 533825016
543997142 332650656
618840863 684720566
654930992 846115918
292862013 495626840
901899700 911763135
442568228 571666780
798952143 959967107
637137080 957741375
16569186 526798513
940653317 594932332
14668311 354310168
598109411 337677999
662498614 15403351
258123920 78461672
600444885 962838205
508668137 257927732
774177627 106571246
514623791 686317233
519497490 854942617
911056806 619775143
754420421 796188363
416533005 151217580
514593605 518207324
879890920 53797089
320200418 494508441
200885620 330073400
158501543 365515575
105403833 775683595
54469802 280841371
351574623 320598729
531962214 890778216
866453452 596411976
893663151 549910584
672720060 689724728
113559889 470837663
34071096 384217260
221509951 991220918
215624436 352947438
724492669 294408224
969322150 943749308
686310771 537296524
568819272 251286522
974757153 760973130
674444391 260142076
404405641 915683674
115314206 280904360
33417922 233525756
220248018 547560616
227511153 902031854
718171263 465435377
627351918 496175223
49185961 574060657
76438241 447474481
763220045 322188958
511054886 487592545
310042061 423213973
955168666 366705675
883220305 447406515
461851358 499863130
653683803 766817578
818044872 969564472
694080357 617658461
794159878 289202186
759235430 945653637
405358989 970871382
681939579 272253427
57926799 298753425
423932089 398116816
246430624 344268591
544281548 572864084
884032189 55940092
335457026 650373864
117824823 968718022
472009034 913768317
773697390 888793440
931325796 957312666
12007382 729279201
633463616 550595307
143912703 885727347
253181734 635628322
656065540 852696986
595075226 670250170
847063909 335628357
664682913 882285921
749198992 87254655
110338095 314113867
717938000 861393561
49693592 626603496
302742775 598413701
169811164 979414834
410815289 707983637
273669778 730692083
666308307 797611113
219241999 766399800
803712162 153785005
133015366 44239224
46402781 464708444
105065888 944476573
724532815 819750175
779991178 951444349
787031526 605615594
897564605 729220430
512668672 701392226
748212404 875995627
450860465 561240306
464462871 683585871
423333073 746261730
146481943 185065544
150999213 777852683
260653613 775126856
239833003 238937795
907912900 351100577
457690523 736803701
780942081 180105505
359113437 431068152
859498727 852213324
826147657 795653513
501503428 487272718
853626196 77082166
555200774 667190455
181900884 523887947
757951575 968579867
346212768 192430458
730364226 388187344
150865624 98298195
976998204 432517027
276683129 427041589
449644584 423881739
189247303 120993255
877057594 243901437
520555477 480056903
924613611 624619051
841773552 442132351
636392301 476574978
61617262 371435813
178577289 34931861
840475080 225580535
583810749 438839266
879436735 772930850
398311355 852089749
363159572 831664601
328110084 179882691
377150899 513894274
685818998 277995529
743475197 27398426
407142306 342749950
678091964 235776979
491048499 269268329
590382507 245197002
497399513 280091509
676479927 395549499
428142210 163869821
436583977 368402605
434586361 466170795
841090548 410642691
178697483 703222151
354921818 126218233
692210077 815223780
661933222 991996246
138607617 34757769
57388684 937218838
362714528 963071775
970272336 49432222
931226021 717037416
565927089 697603318
400496922 858205394
451637318 234398851
309729158 400743478
177748848 199147125
582896778 580109663
21631841 950224600
19797486 624689071
595089957 497322367
542937152 985471041
43331234 714334523
72774766 598162523
444703299 132864463
410335819 434429286
768157818 619352680
761044666 453971421
413423053 935560735
383691844 35293501
529944897 209853311
223812755 714688566
667556323 848495948
408875689 190122927
172097334 254322081
961325586 200876853
215694265 686930239
358842343 644093254
521378005 719299713
614822760 678856743
322621092 117078137
680007857 720642020
678299675 963879472
788400696 580328897
252239577 775762100
472150111 132612178
995112044 499129452
595939573 501754374
975799691 337535495
305582847 350367927
283330906 294522946
515522190 679557837
340823357 264235310
45779040 206667445
12487166 630229028
726443617 356383362
52626561 143902186
450710348 628702331
256490773 179100731
75275476 337939726
139075643 684574970
264404100 549673834
614186797 625919622
430301531 868527158
733358161 231072156
990912514 392741649
317247894 337925563
418912984 241136800
612645599 708242825
22909025 655648928
192661447 393310802
299653104 11408295
371865858 107970619
581174955 627334181
445072274 912953938
543123888 7051007
394535937 288991232
308704128 579038499
975591360 825967287
844665305 951877979
417375299 779052923
602911180 210165345
974715456 491749809
761241934 165938493
104690767 152560500
872935670 959108516
58240227 925591739
165190044 759974556
152277398 218028170
25945626 58119264
207907903 51900459
780815887 429760772
793927761 972288069
142627685 127891565
555778734 140180365
632078269 291664299
144172797 898054375
743654812 63882972
516243714 964163214
289624575 749390117
804724456 55250620
248897 191494653
215266464 220886693
583180408 36215584
567120909 209119417
23423920 36423605
608465944 124903282
723631046 171356175
978214656 329765634
719898816 572590245
519954202 494234979
600288460 602720780
248679773 255259196
655039144 452911022
215671627 404814093
625063625 128159749
966722443 787227488
469483182 317144164
335932496 573129225
789403909 13821903
247960416 863496704
719301637 377979580
791227194 534335889
251405177 149857994
792676019 346777239
711128658 357377862
539006197 136598538
323297582 979212761
82401770 917268637
998215237 868762827
41306382 720535227
684526610 99906892
471873015 706657534
789971961 274126140
938338636 545698421
4396047 186973847
913158123 460640752
259691099 912072912
361145322 447458402
708124301 920589106
703724779 294232072
427564738 96849197
749146775 789167917
932401341 574144295
76708238 176582858
274429242 295715363
204981403 140738056
626717109 318776665
462989617 88069104
274440618 599198017
971889319 815058298
608224492 865950136
787839569 190925526
237130321 471533033
621507455 792378339
111488691 622727645
288548066 978822983
722386412 342647416
123750183 14801230
521127623 6570605
333988597 54276543
416375820 532484483
697978942 220816037
751166436 56887344
332018462 901929254
422509265 888810689
774297066 677086058
683265472 208815177
323506701 532600342
929262486 703619416
872923546 225037688
143704247 995937095
62787907 790518786
968385738 400530439
760830897 127596536
412707665 803764373
833316182 526789394
918834959 918667943
221679802 684171669
363410871 921488589
411976760 964137598
364589358 798743759
224794333 179738989
382392863 556435551
917339956 51650723
380370425 548811963
530319068 940744030
839228063 648616001
633796622 710433452
908202280 244042109
620695374 310182004
461998121 151307540
612298392 994893258
798447413 432473531
636477700 565124171
947695912 645863318
408558974 280708055
340292111 35647639
385933667 811748762
996012931 608450828
267359540 696884612
30534239 246862990
229393309 118842670
761693364 694092793
736768399 747627513
449026900 860972165
765254163 109678336
92639492 667049966
429833844 271267764
993001096 835808223
638735845 548119316
187164941 232679154
293536520 796083728
304087207 760382542
245269374 633253647
614080806 173574396
231729133 371680061
505114833 802201282
863206035 569431987
459624026 629343978
19966737 356692051
531470510 375636121
524079878 207158490
334658040 324802894
420922921 132087994
115369488 256420755
975321612 334904341
560774670 293488338
332175524 347577494
405843105 296803424
693213602 24013905
796578254 699670275
190201474 169384210
858713440 175092805
927343607 822329796
763019939 776420958
342273262 300973963
945070811 664998820
800001076 400153791
530010616 360459464
521198447 219506887
748484680 887379364
641537358 222053310
732148289 629398920
514957344 145857247
337608551 468044357
710591929 365392872
440913408 873963353
848608647 969999298
228086605 411075894
142008542 741224831
856192702 496562354
812516413 342054166
553702433 876579285
195612940 798624858
284014556 810812283
489240305 610525034
35022372 357666845
215082436 322671732
408655884 305243800
537226309 305419195
557875669 704996289
219498825 616615141
854382059 777865619
53024317 375895138
291843288 632466072
995795862 971244715
662605797 606949769
607134742 260631865
88292069 196796507
849786655 496407003
180021950 115904889
456076589 665300752
934270085 900875046
64553495 986435184
447171967 764339412
803714142 851849751
327324743 239566942
272600570 103286916
894607576 771957391
801643996 490975725
182947704 48414857
867377999 543709866
119443470 498309876
186353017 92472050
32937743 524725748
35642498 350579072
580679163 60054325
363468313 594039058
536686111 570977371
209610308 110665708
535148137 693077438
155864366 171536368
465739492 118396607
672451444 500100428
958606847 389704707
61382587 266722089
475780051 516984588
154488430 466927788
30478408 63620781
782859926 690717774
380437594 71767308
521984124 729683179
998007942 139840093
892415740 33857899
194412795 92225620
82525993 564366418
378620075 691714072
870243569 488490128
573861300 574418320
203973944 214227336
754357381 414791199
728764646 151904881
433708720 193822817
208289837 921736126
319883000 279433718
991539614 89637445
267097693 462808964
549698436 912822132
999477450 510446648
887087500 456538534
505296044 119985448
811626701 861300297
41833789 456088452
777365287 671389488
510950251 778877810
408037278 253091059
985385066 580911766
26856931 334999739
565181510 409203884
464395764 14419477
295110799 796252518
65594360 969899683
205459376 188276401
161877651 888221972
766950998 793527410
971244079 77220967
790153325 829005866
123882143 33685960
963867592 827104552
341798209 622548924
737171623 7330045
143312289 100113521
307280415 37820979
913763945 954752996
766880015 660026413
248727472 337461337
106122555 343760443
110016096 249583914
304814627 590144950
580084740 55027935
146932215 640480766
477637133 346761694
68549902 435590199
280269258 118714973
697845426 892433931
310701250 716648016
264028400 730945885
459628614 481928832
207853524 155261072
349123371 213734838
62283666 79858588
951086393 283578623
292340667 222292966
816109774 169144311
420990090 40688131
67893510 673267311
553331971 206371840
144633465 492311082
682455894 989891944
688047311 347307648
210660835 869806618
884445224 116001333
639894305 720239540
50316977 425594634
72027442 248873424
366053067 778913057
853213105 465101456
925453255 351089856
875598715 534192208
318699693 938700343
910727874 173954548
853519016 918080263
722537954 861366983
287972245 368213910
686213437 146745784
135769383 991393430
8703372 59256604
827168204 346887938
675494025 912591792
929819035 622908323
5310664 672273543
329878096 752746231
684329656 75382500
524377411 817659998
412566396 392650371
935901675 913639479
905173167 771080086
435965869 690042084
799592154 260774104
884842113 971369324
32958533 771088768
631308219 515902344
421972460 862631091
775048501 363428680
246357624 239723369
417478368 93208382
469693370 603320790
127199121 369573099
894018302 789974368
883997714 321663062
979904952 209727937
435814190 722651087
662545619 406958817
441022296 692188788
343202511 606783513
586043052 83369872
672122963 847538994
453885051 240806609
757741904 318845258
93615510 123766936
952363474 222908511
890586153 869681117
162444859 115261343
417275583 334023924
190988658 333288662
740201689 689850744
4311195 359074152
797757775 156564873
961551082 260265245
529471112 926586769
372593125 583809435
346526054 488198364
587625699 145148508
170060902 541949091
229534950 293800226
875338698 565577114
261634669 648440835
984435535 105087553
661278720 775862818
669922734 670008141
690921864 565192214
832838171 305957442
702471099 862818999
626921736 654723539
243187112 828197627
779808562 19577258
760807552 159256857
910397952 164600178
723020690 75688704
215833966 116287844
333768777 892577753
119668813 128721178
314069503 905676951
219439182 965036801
656356816 597271880
782995198 818071271
885533310 735177703
677740291 143658904
600953799 5628180
928796329 64909403
756766279 194923995
785829384 143350299
348101423 750320032
460151843 477163801
110891398 218804775
630939787 570141964
401942716 516667122
785902502 267862370
330370202 619004311
923872744 514228056
819275639 278396642
996584882 273323306
605524449 20828384
481215403 489100586
179457618 241633264
483017047 518185719
828577673 635670145
226077304 307555627
17495200 444888394
94641023 8315387
427190465 743417711
595119147 261880669
256895086 291271702
247801561 526079492
233883481 334641458
427012120 679418141
407130314 495675685
466630105 195373082
646517235 50280316
387579949 502604443
679674043 688930052
206835548 132779063
493075953 259604541
773040214 840608004
129238001 831479363
253900926 290052886
488657925 160123974
416000208 274873167
196989470 766570929
569256583 158031174
807695145 543177049
790046371 885889694
159946445 654194358
458847360 22679666
33411703 808368613
985122483 554330261
875555170 461857751
924316973 744796763
245595608 932884394
137792198 989867101
910440620 580688105
987515275 441048288
738972725 120417198
445158190 280957898
85690428 363246298
212315228 76792203
878287583 435695930
145901080 263030890
606004173 521492982
38434543 643014593
718201191 235612272
970051018 991889267
428533514 659205675
406098332 789864670
177550531 680414947
802823667 412204171
431834669 159781111
699572432 309515825
936481260 143009162
587530311 134749315
635063667 459272108
724431613 586429985
653092124 307131184
709823612 701381859
365615387 755559473
592080896 860809768
250683910 747461088
305874428 961425965
61077495 792657545
444149331 697280629
544529526 849899240
708652879 932653235
307974675 765990269
384898272 443043843
797055242 902457138
164111035 357149650
333186150 868472521
864161023 656577510
671713991 878596968
730841729 699994960
825010300 776317066
729022586 755569170
133557410 123055050
926371992 745122392
526408412 627504231
374640087 251717702
211787982 161809245
239992344 479893425
603195937 633118514
383820286 64411721
129737810 648589564
223093542 594292481
792443622 14438855
690335289 971962978
291632888 343508851
956539874 641808089
167424011 736082680
522803504 369100933
141162319 995147784
959429263 874996524
581051017 591175817
623364426 853794310
950642063 472340
941157768 927427025
366248240 523935273
688819804 359550983
547349868 12183319
105405805 155205218
276849372 525492954
474451068 736086100
954908533 892481606
868841034 712230311
382101434 919782725
433619425 333243078
111277143 388456792
145755695 738028198
302050205 67650714
237569164 866835757
687420887 877521267
83638326 450913948
120872489 603441095
991256699 456672427
3942936 961191420
228736536 559565582
858691735 143580426
433796277 576746257
575519870 542862331
816186083 882017928
363391287 401975397
423240180 34335592
802620392 669284811
402748787 202132307
557693276 99198094
37901025 552819491
636343145 729588114
718868777 703091780
486108393 744875579
93747062 22715790
159901100 735897878
565061583 783180492
767410379 32615008
413212815 438419537
868068538 333359807
179228220 744882566
27106351 72905852
112075375 184482022
850888105 183862586
12893535 983988822
889194295 741540279
377569717 781970634
463306280 459914038
992258374 95608053
218339470 618937819
581285594 883906947
687624725 915934762
589664802 810510473
913318580 887281164
715803050 621169515
63139173 927218421
554563504 593243463
505663984 926261156
46622486 632143128
17870548 143443757
156848815 599400271
906179806 643371136
847312462 829227406
116606677 700292512
362282036 145981364
382177267 997958978
450797991 753800110
198929570 560631376
124919615 300963058
287429211 463036169
968921702 366799498
229501069 419385373
78204456 947438308
622456330 279815974
571241125 90801711
69166968 700890442
72657483 660297893
560841632 77377225
791577776 959045244
777557722 898577706
1298786 823029899
334248892 359013114
201088947 706313057
776390010 112155485
181281708 205651989
996285438 813442674
465478668 643721527
351543131 142818713
593036162 32802482
750624839 168224743
736303377 680134872
199969168 722395964
777153183 435932347
388175817 889955222
257009985 173041767
632814098 785138725
212362747 59410288
226067600 760355851
122759747 234383734
319967181 789918873
685252833 770533847
44201210 930803252
116051284 585148564
941214685 507237865
156695117 289546927
819070263 719563146
675563480 310007733
43026346 686077307
55779042 852234983
456541522 812304255
938351318 305760680
331558187 443163101
441103222 690573737
697532190 798418771
705338975 498526917
596164619 405727055
298950658 735267912
885826294 630766393
812907925 130594394
395639744 813075231
426161937 398644886
65403473 732082566
806878069 851355815
85615198 224326478
716751174 435413838
590041715 902680271
929253174 297440635
748412422 400961159
176293972 832020154
173492670 928545766
134333531 655331411
253087447 781252701
566812144 650773374
350264417 793929139
12622010 149505803
45692548 187993255
270907260 119043651
393193682 680230943
930168005 667432421
830069806 985431402
122078237 466341112
126673234 248782444
591414035 503867899
629562719 439462329
839874224 630635383
933581378 777213913
541316314 818335372
62747805 42799296
389731736 442629207
930157357 967651363
378802668 950848902
222177705 532969056
22190324 530543250
507995593 190953089
72505821 236633241
651478386 641883996
988709732 201509167
440769837 467326703
865188543 98529513
404405781 776476083
65155553 518048542
732901879 125106171
247283782 573120947
87723670 711043247
572225328 725647242
599032363 732400488
62622143 946626122
240465743 328340291
682504404 430310336
192891353 459647245
481540019 389016637
860167142 607063595
217310940 875919719
497574515 207017213
924210565 586621780
129293746 691636225
852188769 985483824
330778181 298206607
461944929 370741593
533977071 47551720
659422850 434784324
78818580 291460405
218305814 882841129
639904028 573790024
716118104 642169147
9842009 6707903
49014433 269483141
828541285 480075151
157583697 81475460
436857871 924516400
430013246 192577369
541424001 162554134
781737592 922675957
413056151 167266216
805993565 13056348
89220912 689023798
239082917 907128056
260625008 230579111
152179306 894557722
996113607 653617078
737942307 939987003
329934526 824913504
923298010 134830780
286009326 317718079
441612328 339344919
166610607 223230374
778395986 821482705
946746586 443962547
324744802 702621999
270747651 703614910
82102164 538649777
79332031 793746201
814774519 238113390
834960504 979649820
366103724 167490952
117047741 581613312
790308371 28375169
687312204 254839007
274649572 319538591
282495078 764615135
430568825 753716695
48939478 527675525
900624664 208971180
557690145 265480925
155057927 601128563
549338564 303716811
18539610 245453615
22953256 742397304
967148403 57003405
200358189 939179957
637086210 644685345
796501642 250727480
501775406 267947003
881306780 61917213
624967795 7554879
790777035 302107676
137831494 19001215
544726343 68906951
797826245 795155751
502513757 545128264
998885842 629056399
581117985 930882136
96220768 630306124
97170126 823407695
737056740 489338670
419192480 40375755
678100653 513741851
539153650 241288777
693439126 450699636
910002402 576065214
303539310 844606412
665994905 351209295
495580071 432972355
814786755 621269085
890412259 564451130
86349938 698819474
727521251 730903698
642336278 760806428
394545708 800516012
627736517 819110682
874069733 773341821
297096772 572909134
413218380 171908965
658442422 172094081
269565113 86868172
269358501 735333226
344174683 91231537
346609578 256268955
51711729 41444534
996475621 228864765
29201446 131676068
993604040 548553879
942121370 40464699
211176782 451530036
182795012 39312192
792760678 732214341
950701644 57625846
33064352 189493580
127099468 632323669
800013558 420788847
613263797 399384438
60886149 856098304
182081479 814055545
436120413 299824770
609468919 905829331
686961091 468841181
126682785 69751378
796426720 85979541
96433362 234465778
431482172 644438388
276871076 403775007
403739192 348529241
768278751 845250996
713799410 698944172
546542451 243223805
910581742 224730703
839420212 751492899
962661589 868283207
65230137 343929389
606836250 575894767
659450113 157257331
667902362 82634027
526230395 564629395
401625409 755117715
977350556 886639326
413532306 451077963
483194914 724605511
738015952 314619609
334583720 952959499
799359839 466083967
138341916 537010434
358605501 52192932
805895772 444336237
400117241 227605471
507397551 918078414
500149593 640548468
788622201 892091890
720588062 391711962
732756276 311016594
366535088 595220056
592551758 820411908
500218435 246308984
599258890 260870432
106697861 348842898
586048105 436203644
466412336 973101841
520683578 505222021
897141646 725285849
946093062 259711145
607246471 461584348
293440642 211078077
20340870 484500981
623779282 391546240
686838326 974197679
206302881 776522046
679801225 84309511
375111288 719614546
236491184 505678652
47587190 406529755
920920815 791449167
354030897 102744180
277673645 200952850
95829448 472219647
376643494 15489101
101717111 709531933
52061200 864326724
719818101 473558807
495844734 943103222
95044462 988387613
247334477 439765029
311537457 298607265
342623984 852331049
473448287 706280879
635533068 541962354
154731965 582222993
727199844 987409457
311159655 802683381
613431014 553984326
363079743 369542255
185143557 407349662
704368367 310527224
949336629 635763896
730450515 61465609
981289002 819176932
244935525 655674718
421474108 812833949
422347057 604584971
938026514 978271942
106536382 653263265
639715435 163294133
703962123 347812197
303829214 538269696
647543556 896633852
551934611 385577703
135984114 214417414
341462304 50866028
435655902 635150595
730552482 803121930
589253000 200326075
473409294 679002322
201566415 273636141
799453375 603577686
108122957 358413621
424535215 931866849
773698608 538616742
154222165 252507341
331743225 499952074
366811370 425724523
437113271 540043761
699309422 806259758
715061280 297934680
722734106 150590469
988395208 319421732
54961904 442693655
510797975 5404951
606124696 588833138
504276796 149767134
910578369 30612202
508079848 706885695
681960333 917364027
701472248 239276102
665398044 113063635
337872174 972603235
861126909 565852018
835678554 543849245
110226034 720572623
296194902 676742114
805459755 406699666
372656242 429659620
883787891 98440996
507922546 668160777
174999840 172778066
27375142 377240375
27356601 963225770
271347377 80922020
811907458 86281479
978929008 420194881
367675144 736377021
675310699 886349113
327081670 18796572
764963318 173559602
226675818 627550896
98079980 184996558
230637689 14878193
708079187 575331329
665457113 574980553
232662291 125913018
128343749 989102600
241779176 566147091
278028339 836315136
178873025 717381053
791525967 345334632
249859489 958041447
269812489 805837238
73198715 224188074
251067078 45944095
727906332 250933596
961503271 425229612
125972666 513126244
518949133 388181393
446908969 84484948
708311001 441138031
626974114 833096020
806290729 407230580
861736540 551372942
134271106 52694427
731176789 370177028
317879991 998655202
258978588 67015198
303330502 708921692
47893195 47825019
132682763 119079604
164552974 47257589
733191842 894425050
938567056 753382771
700434673 251609402
743503253 642675801
642189821 418141393
402230202 519672355
533149695 143362746
623855365 75298181
489328154 23756688
850313642 587849113
656365564 737779849
363962297 489770881
998186160 254837413
494688450 888635104
839927546 930530061
71511996 61583939
340900848 977972628
19316842 202994861
471426133 819106939
990194431 590812194
932179652 527241160
713115498 792300930
426692686 629179879
885946047 626561785
190643814 922893394
623006588 214535571
796708316 178863383
98653152 456396397
366855437 584303755
129463167 892823866
182920885 645078733
869867535 10663328
941957779 265301329
333736299 8871677
146829013 918669078
148725985 48828573
777068257 330471229
620262524 482614374
116153227 263588158
618897374 183508186
135108823 840753166
299437617 462129476
852477315 483669760
189157787 307189386
865535230 433521743
229603896 405717077
14213744 9270869
388533051 634950215
804633746 930903890
716198712 859360044
715824152 741272120
790331944 646611099
352842678 738591133
730614898 146762110
4141150 192088688
468831693 437116594
130489593 422786353
435531373 681317613
859358957 535230472
645641794 174739089
714091671 861779186
654948054 871973255
609843420 674184225
580901776 871779867
801207223 796712657
317335955 649932260
539881634 385131102
868171599 96222203
822110909 891740656
543438993 744896826
452844962 368684954
387044235 123562769
439216978 918357797
39879247 812190058
272563195 49857186
837327831 947061350
150189157 63147414
159020003 453747704
325118359 652549689
351897857 241738286
953105480 384029251
383118195 373324264
145972875 651239522
994154259 633573103
715870270 283542033
802564437 955094062
178038662 285663923
908618287 193076013
694300511 935428153
219456858 842249718
263235929 994971618
482163880 709394534
736184953 508664416
84110846 703002610
664137051 561765816
894689023 854059836
654454085 33901454
895254745 806883345
678592733 949225989
286374265 223494908
895508358 302879405
457095399 858690941
404821712 12664650
120734331 824586970
844974288 767336368
963853260 477270283
897750056 272499500
29445109 680286301
202400999 245972613
296749618 701107193
60625975 946247363
488640867 205319429
261618955 230814561
482484852 664232244
646136580 246563022
894304941 280679509
859492613 375755847
89634438 49230380
711878569 903392097
827507639 363069096
888588345 585677076
21559459 840025628
730801171 913712755
786725043 163005178
416145660 340167395
473501770 707590541
848786939 284193256
432515521 233375126
677028284 601175731
681212952 743520989
192615346 315618874
593854706 967821028
327375327 214963592
164415578 219757959
779642782 337509732
293203879 483791186
638749581 128917748
36915233 261991406
88475829 839591152
569330288 850461685
502012834 339913597
213020449 915496920
592213246 321016845
677901812 100194887
79149592 104799886
773094000 433666354
118276962 888293067
295586468 523657676
251412521 629390156
598338994 393521868
85103043 925123805
709791969 743288557
584112249 984850216
135965452 433874528
940737875 494517695
599668767 288951887
412631294 159500098
12994628 522243529
289682956 612024918
486414579 535136773
863032003 227064731
776248093 442380600
2900305 576215166
571440887 974922803
458181656 122405365
112267474 72883748
36450702 162483011
862782684 890316361
821560357 140119029
254402378 80214341
304177965 113390369
534105420 929115473
610117152 720891999
862636473 820884193
634902173 751721047
615525567 872858332
154244616 883863210
856346330 511277329
448355707 279415436
92526 508444022
312241701 653621922
303003388 758251596
754922043 504867023
890857932 907471460
790856385 320008653
436486603 959614986
627653995 450451327
802896315 127479737
502631140 48450989
922175187 145203169
438978371 747068669
670220540 135282704
391178454 826617906
903162315 761568765
685823380 308864293
477426497 914257008
33997609 903083512
487967300 580724060
668747587 390274537
824968996 789317776
158515598 79227418
620729353 30375017
340500303 164143506
937651760 276769670
8636449 888655154
928523872 606773042
225821495 418839237
641486672 777757813
305455077 123496226
951664125 798090356
50306033 551018364
131051974 807825631
820295188 280602930
647660210 595128648
82775855 250225035
565866740 977656029
601341785 835889937
531169965 114857832
167398593 916164098
454022819 239274222
152758340 44968746
814519265 473340643
64034729 588692774
545899344 193409625
89213598 561282264
945665792 426557809
135427935 883072245
537112467 154155232
604384598 724005093
140684557 203180711
830242579 134628386
112295191 441830442
873717590 152946272
537241867 226840449
874836368 804505876
20520775 435701372
473582133 350627050
492576514 986019766
860368333 497466119
580464313 752610586
873192869 808535260
540622367 962238370
514301065 901877110
107540715 488270837
33313646 523173082
743083419 215649025
745028445 768596144
434466373 714024766
569214365 732760086
756927944 953116686
255311368 759592323
199769059 596698494
544182595 70925415
25332426 632253522
678851739 285664790
435216466 291421487
277815034 669038053
43780134 130675868
11886969 887129179
297069097 943508485
384039962 236119381
666820113 367877092
573704870 559602786
941552679 5082452
692535408 510471286
22496548 427755679
203348552 481131915
270582530 596155752
270650722 362762260
201892076 965310565
198345269 593079139
360971637 487201365
220136860 788995772
387127526 982561425
531634267 881281552
544203946 790591914
283828627 380519552
549872848 195202969
257441781 146738942
244674729 238989751
238287260 718934939
453255318 523037322
971077846 466064762
141392452 124407569
923715657 633143212
89111284 491960153
525081862 566879271
297957409 520392400
973284603 705073199
117635650 508267905
803927965 742059571
23490407 660167591
279682843 391452651
105287001 186503116
190857220 481207474
102743975 310008243
875189566 927147331
237156089 156660836
529794928 758896021
267534819 476418132
281218776 509978157
252293110 222894807
746097284 156310174
304321339 840266965
532717031 431165785
967940592 711500198
22719757 82830568
453681570 814974772
892525712 671503250
254322491 946880022
226003089 958658762
773741966 875694691
989875651 408475964
794135946 688387633
577204948 183236024
219969027 521656959
507215984 452361329
751069121 539128134
95372192 475876649
530724624 16729152
863864944 974279402
896598889 925276095
610052677 247617237
862684914 722508257
364395503 593056082
141755150 351562316
480343165 830042594
563346959 150731280
528812693 16643612
423685483 892578316
250534995 526684787
393387055 793017078
527477528 43501631
976103036 498297128
966941200 971304598
112783808 694296388
369551247 166670348
645982445 587722595
764526408 750066030
941923273 937036210
36093739 460957325
243225432 929951982
265038333 211696052
388384236 992171059
200613284 77392392
988028304 364773307
150969676 797961791
501427752 201579834
583966947 35285068
474423149 647092372
151877299 640596583
880737955 336485101
651420774 208053087
606525143 315396786
757169538 509246302
345826149 709884015
949554335 772881916
694720072 866215584
445741475 866161926
48064428 549087262
113285147 311514632
206124821 985004556
186206165 520319230
743823556 562173626
708588503 4755922
317133086 472457563
259348165 117979503
500592629 548296678
656355298 881583093
742039238 41446774
131188138 346937297
388796632 891649123
26348131 698880289
365503851 740557942
607381511 16776946
